,review,hotel,hotel_url
0,"Cảnh biển ở resort rất đẹp, đặc biệt là buổi hoàng hôn. Ở trung tâm thành phố Nhân viên nhẹ nhàng nhiệt tình, phục vụ nhanh. Phòng ốc sạch sẽ tiện nghi, bể bơi rộng. Nếu có cơ hội tôi sẽ quay lại Sunset sanato",ï»¿Sunset Sanato Resort & Villas,https://www.traveloka.com/en-vn/hotel/vietnam/sunset-sanato-resort--villas-3000020017702
1,Đồ ăn sáng ít món và ăn không ngon lắm Mình thuê cả căn villa 3 ngủ phòng hơi bé nhưng sạch sẽ Xe điện gọi là có phục vụ tận tình Wiew biển đẹp hồ bơi chung sạch sẽ nước không mùi clo,ï»¿Sunset Sanato Resort & Villas,https://www.traveloka.com/en-vn/hotel/vietnam/sunset-sanato-resort--villas-3000020017702
2,"View siêu đẹp, siêu chill. Villa đẹp, tiện lợi, thoải mái, sạch sẽ. Nhân viên nhiệt tình, tốt bụng, ân cần. Đồ ăn ngon lắm lun. 10 điểm. Lần đầu đi du lịch mà gặp chỗ ưng ý vầy. Xu cái là vòi xịt hơi mạnh xí hoi còn lại hoàn hảo.",ï»¿Sunset Sanato Resort & Villas,https://www.traveloka.com/en-vn/hotel/vietnam/sunset-sanato-resort--villas-3000020017702
3,"Tiện nghi phòng, hồ bơi villa riêng sạch, mới, đầy đủ, có xe đạp miễn phí, bãi biển đẹp, phục vụ dễ thương con mình rất thích. Riêng nhà hàng tối phục vụ khá ít món ăn và thời gian chờ khá lâu 20-25 phút. Thức ăn sáng tương đối đa dạng thức ăn, tráng miệng, trái cây chất lượng khá ngon nhưng mùa nóng phòng ăn không có máy lạnh hơi nóng.",ï»¿Sunset Sanato Resort & Villas,https://www.traveloka.com/en-vn/hotel/vietnam/sunset-sanato-resort--villas-3000020017702
4,Tôi và gia đình có kỳ nghỉ tại resort quá tuyệt vời đồ ăn ngon phục vụ chu đáo không gian checkin cực đẹp ,ï»¿Sunset Sanato Resort & Villas,https://www.traveloka.com/en-vn/hotel/vietnam/sunset-sanato-resort--villas-3000020017702
5,Tuyệt vời nhưng hơi xa trung tâm,ï»¿Sunset Sanato Resort & Villas,https://www.traveloka.com/en-vn/hotel/vietnam/sunset-sanato-resort--villas-3000020017702
6,khách sạn đẹp và rất nhiều tiện ích. Chắc chắn sẽ quay lại lần sau,ï»¿Sunset Sanato Resort & Villas,https://www.traveloka.com/en-vn/hotel/vietnam/sunset-sanato-resort--villas-3000020017702
7,"Resort sạch đẹp, một điểm check in không thể thiếu cho những tín đồ mê hoàng hôn. Tất cả nhân viên đều phục vụ tận tình, đặc biệt có em Thanh Vân đã hổ trợ cho gia đình một chuyến nghỉ tại resort thật chu đáo và vui vẻ. Cảm ơn và sẽ quay lại dịp khác",ï»¿Sunset Sanato Resort & Villas,https://www.traveloka.com/en-vn/hotel/vietnam/sunset-sanato-resort--villas-3000020017702
8,"Chỗ ở thoáng mát, sạch sẽ. Phục vụ tốt, rất hài lòng",ï»¿Sunset Sanato Resort & Villas,https://www.traveloka.com/en-vn/hotel/vietnam/sunset-sanato-resort--villas-3000020017702
9,"Khách sạn sạch sẽ, nhân viên nhiệt tình. Có thêm dịch vụ trang trí sinh nhật các bạn lễ tân tư vấn rất nhiệt tình và chu đáo, trang trí đẹp",ï»¿Sunset Sanato Resort & Villas,https://www.traveloka.com/en-vn/hotel/vietnam/sunset-sanato-resort--villas-3000020017702
10,Mọi thứ oke trừ đồ ăn không sáng được ngon cho lắm.,ï»¿Sunset Sanato Resort & Villas,https://www.traveloka.com/en-vn/hotel/vietnam/sunset-sanato-resort--villas-3000020017702
11,"Ưu điểm: - phong cảnh đẹp, view biển khỏi chê. - phòng rộng, sang trọng sạch sẽ có nhiều tiện ích gym spa. - nhân viên good, xe điện phục vụ 24/24. Nhược điểm: - không gần trung tâm nên không có chỗ ăn tối, giá nhà hàng quá đắt cho 1 dĩa cơm 200k (1 chén cơm 1 con tôm và ít mực băm nhỏ) tối phải ăn mì thêm :)) Thích hợp cho nghỉ dưỡng ở tầm 1 ngày trãi nghiệm rồi đổi tìm resort ở trung tâm hợp lý hơn",ï»¿Sunset Sanato Resort & Villas,https://www.traveloka.com/en-vn/hotel/vietnam/sunset-sanato-resort--villas-3000020017702
12,"Đây là một nơi thích hợp nghỉ dưỡng và hưởng thụ cuộc sống sau nhiều ngày lại động vất vả,các bạn sẽ được đón tiếp bởi đội ngũ trẻ trung năng động và còn rất thân thiện.Tôi đã có những trải nghiệm tuyệt vời trong những ngày nghỉ dưỡng vừa qua. An ninh rất tốt . Nhà hàng phục vụ những món ăn sáng được thay đổi hàng ngày. Mọi người ai cũng thân thiện. Hãy tin tôi.",ï»¿Sunset Sanato Resort & Villas,https://www.traveloka.com/en-vn/hotel/vietnam/sunset-sanato-resort--villas-3000020017702
13,"Tôi và gia đình đã có 1 kỳ nghỉ tết dương lịch 4 ngày tại đây. Trải nghiệm khá tuyệt vời. Nhân viên nhiệt tình hỗ trợ. Tiệc tối tất niên bên bờ biển rất tuyệt vời với món ăn ngon và âm nhạc rất hay. Bữa trưa gọi món ở nhà hàng của khách sạn cũng rất ngon. Buffe sáng chất lượng tốt nhưng các món nước trong buffe sáng như mỳ, miến không quá đặc sắc, bún riêu thì ngon hơn. Villa rộng, đẹp. Bể bơi của resort khá đẹp. Dịch vụ massage khá ổn. Quang cảnh biển ở đây nhất là vào lúc hoàng hôn thì chỉ có 1 từ để diễn tả là tuyệt vời, gia đình tôi dùng mọi buổi chiều tối để ngồi chơi ở bờ biển.",ï»¿Sunset Sanato Resort & Villas,https://www.traveloka.com/en-vn/hotel/vietnam/sunset-sanato-resort--villas-3000020017702
14,"Rất tuyệt vời. Phòng ốc rất đẹp, tone màu sang trọng nhẹ nhàng. Nhân viên cực kỳ nhiệt tình, lễ phép. Đồ ăn ngon. Tối còn có nhạc chill chill, nhiều góc checkin rất đẹp. Gần sân bay. View hoàng hôn siu đỉnh. Chắc chắn sẽ quay lại.",ï»¿Sunset Sanato Resort & Villas,https://www.traveloka.com/en-vn/hotel/vietnam/sunset-sanato-resort--villas-3000020017702
15,"Cảm ơn Sunset Sanato cho tôi trải nghiệm tuyệt vời, cảm ơn Phú Quang và Cường nhé.",ï»¿Sunset Sanato Resort & Villas,https://www.traveloka.com/en-vn/hotel/vietnam/sunset-sanato-resort--villas-3000020017702
16,"Anh duty có tâm lại dễ thương, hỗ trợ con bé rất nhiệt tình nữa. 6 ⭐️ vì anh duty ạ (Anh Sang mãi đỉnh 😆)",ï»¿Sunset Sanato Resort & Villas,https://www.traveloka.com/en-vn/hotel/vietnam/sunset-sanato-resort--villas-3000020017702
17,"Ưu điểm: vị trí đẹp, bãi biễn ngắm hoàn hôn và chụp hình khá đẹp và vui Nhược điểm: đồ ăn và nước uống khá đắt nhưng không ngon, gia đình mình bị ""đau bụng"" sáng sớm phải đi mua thuốc ngoài chợ. Phòng là 1 nhỏ của vila nên củng khá nhỏ, thiếu khá nhiều thứ. Nếu thuê ở chỗ # và chiều sang đây chơi (phải mua vé) thì mình thấy hợp lý hơn với giá phòng hiện tại.",ï»¿Sunset Sanato Resort & Villas,https://www.traveloka.com/en-vn/hotel/vietnam/sunset-sanato-resort--villas-3000020017702
18,"Mình chỉ ở Sunset Sanato một đêm nên khi về rất tiếc vì muốn có thêm thời gian ở lại tận hưởng không gian và cảnh đẹp ở đây. Các bạn lễ tân và xe điện đưa đón rất nhiệt tình, nhanh nhẹn. Cảm ơn.",ï»¿Sunset Sanato Resort & Villas,https://www.traveloka.com/en-vn/hotel/vietnam/sunset-sanato-resort--villas-3000020017702
19,"Đã ở đây lần 2 và mọi thứ vẫn chưa được khắc phục. Nhân viên quá lười: 9pm xe điện từ chối phục vụ, lý do: Xe điện hư ??!? 9pm và 8pm 2 đêm, Quầy bar từ chối phục vụ, lý do: Quầy bar đóng cửa, mặc dù phải mở cửa tới 10h. Đêm gọi lễ tân không bắt máy, dù trực 24/7. Order đồ ăn trưa tại phòng, 1 ngày sau vẫn không thấy dọn chén đĩa. Buffet sáng quá đông, không có bàn ngồi, không có nhân viên sắp xếp bàn. Tivi bị lock, không thể kết nối HDMI để trình chiếu slide hay chơi game gia đình. Khách bên ngoài vào quá đông, gây ô nhiễm hệ sinh thái",ï»¿Sunset Sanato Resort & Villas,https://www.traveloka.com/en-vn/hotel/vietnam/sunset-sanato-resort--villas-3000020017702
20,"Villa đẹp, ở gia đình rất thoải mái. Welcome và nhân viên rất nhiệt tình. Đồ uống, quầy bar, buffet sáng khá ổn. Giặt ủi khá mắc, cân nhắc khi sử dụng.",ï»¿Sunset Sanato Resort & Villas,https://www.traveloka.com/en-vn/hotel/vietnam/sunset-sanato-resort--villas-3000020017702
21,"- Thủ tục Checkin, Checkout quá chậm, không có nước khi chờ làm thủ tục. - Vị trí ăn bufet buổi sáng khá nóng, chỉ khoảng 50% ghế ngồi được phục vụ quạt. Dù có quạt di động cho 50% còn lại (gần sân khấu) nhưng lại không có ổ cắm. - Khi nhận phòng, resort không có nhân viên dẫn đi nhận phòng, khách hàng không được bàn giao đồ thiết yếu trong phòng, không được dặn dò về việc đền bù trang bị nhà tắm. Dẫn đến khi nhận phòng thiếu chai nước tắm (không có trong phòng) nhưng lúc checkout khách hàng bị bắt đền bù (lý do resort đưa ra là làm vỡ !!!). - Khu resort quá nhiều muỗi, trẻ em theo đoàn và người lớn đều bị đốt các vùng hở, làm sưng mọng, tấy đỏ. - Công tác dọn vệ sinh trước khi nhận phòng quá kém: Rau cải đầy trong bồn cầu, đồ thừa khách hàng trước để chắn trước cửa khi khách mới vào phòng (call 3 lần dọn xong nhưng cuối cùng vẫn xót mấy cái đĩa bẩn ở cửa !!!) - Trang bị xuống cấp: Hệ thống điện bể bơi chập dẫn đến không bật được đèn + sục nước, gọi rất lâu mới có người đến sửa chữa. Riêng hệ thống đèn bể bơi, khách hàng gọi ngày thứ 2 thì đến lúc về (ngày thứ 4) vẫn chưa sửa xong !!!",ï»¿Sunset Sanato Resort & Villas,https://www.traveloka.com/en-vn/hotel/vietnam/sunset-sanato-resort--villas-3000020017702
22,,ï»¿Sunset Sanato Resort & Villas,https://www.traveloka.com/en-vn/hotel/vietnam/sunset-sanato-resort--villas-3000020017702
23,"Khung cảnh thì tạm được nhưng điểm trừ: 1. Cho khách ngoài mua vé vào chụp ảnh nên chỗ ngắm hoàng hôn đông đúc khó chịu lắm 2. Phòng khá bé so với giá và các khách sạn khác. Bị ghép ở cùng nhiều người lạ nên nhiều lúc ra vào hơi ngại. 3. Trang trí nói chung cũng sơ sài, tổng thể tầm 3* thì hợp lý",ï»¿Sunset Sanato Resort & Villas,https://www.traveloka.com/en-vn/hotel/vietnam/sunset-sanato-resort--villas-3000020017702
24,"Phù hợp với nghĩ dưỡng, giá tốt, cảnh đẹp",ï»¿Sunset Sanato Resort & Villas,https://www.traveloka.com/en-vn/hotel/vietnam/sunset-sanato-resort--villas-3000020017702
25,"Rất thích hợp đi gia đình, nhà đẹp, tiện nghi, thoải mái! Buffet sáng rất đa dạng, ngon! Nhân viên nhiệt tình, dễ thương!",ï»¿Sunset Sanato Resort & Villas,https://www.traveloka.com/en-vn/hotel/vietnam/sunset-sanato-resort--villas-3000020017702
26,các staff rất chuyên nghiệp và lễ phép. nhưng lúc check in vào phòng thì được 1 lúc phải dọn đi làm mình rất không hài lòng đã đi đi về về mệt rồi còn đổi phòng. xong hôm sau co bạn gọi điện hỏi đôi dép ở villa cũ đến mấy lần. ủa?,ï»¿Sunset Sanato Resort & Villas,https://www.traveloka.com/en-vn/hotel/vietnam/sunset-sanato-resort--villas-3000020017702
27,"Villa rất đẹp không có gì phải nói khi mà bị khoá bếp không cho sử dụng,khi gặp nhân viên nói 2 triệu mới được sử dụng bếp. Rôi khi ra nộp tiền để được sửdụng thì lại 2tr5. Vòng vo với khách hàng. Các bạn đặt phòng nên để ý thật kĩ trước khi đặt phòng nếu không sẽ bị như mình.",ï»¿Sunset Sanato Resort & Villas,https://www.traveloka.com/en-vn/hotel/vietnam/sunset-sanato-resort--villas-3000020017702
28,booking đặt phòng twin ngay từ lúc đầu mà khi đến nhận phòng phải chờ đến gần 15g mới được nhận phòng,ï»¿Sunset Sanato Resort & Villas,https://www.traveloka.com/en-vn/hotel/vietnam/sunset-sanato-resort--villas-3000020017702
29,"Nhà đẹp, dịch vụ tốt, nhân viên thân thiện còn xinh 🤣",ï»¿Sunset Sanato Resort & Villas,https://www.traveloka.com/en-vn/hotel/vietnam/sunset-sanato-resort--villas-3000020017702
30,,ï»¿Sunset Sanato Resort & Villas,https://www.traveloka.com/en-vn/hotel/vietnam/sunset-sanato-resort--villas-3000020017702
31,Tôi đã có một kỳ nghỉ tuyệt vời tại đây,ï»¿Sunset Sanato Resort & Villas,https://www.traveloka.com/en-vn/hotel/vietnam/sunset-sanato-resort--villas-3000020017702
32,,ï»¿Sunset Sanato Resort & Villas,https://www.traveloka.com/en-vn/hotel/vietnam/sunset-sanato-resort--villas-3000020017702
33,,ï»¿Sunset Sanato Resort & Villas,https://www.traveloka.com/en-vn/hotel/vietnam/sunset-sanato-resort--villas-3000020017702
34,,ï»¿Sunset Sanato Resort & Villas,https://www.traveloka.com/en-vn/hotel/vietnam/sunset-sanato-resort--villas-3000020017702
35,"Resort thật tuyệt vời nhất nơi tôi từng đến. Phong cảnh đẹp, phục vụ tốt",ï»¿Sunset Sanato Resort & Villas,https://www.traveloka.com/en-vn/hotel/vietnam/sunset-sanato-resort--villas-3000020017702
36,,ï»¿Sunset Sanato Resort & Villas,https://www.traveloka.com/en-vn/hotel/vietnam/sunset-sanato-resort--villas-3000020017702
37,"Villa dùng chung phòng khách, bếp, hồ bơi, phòng ngủ quá chật, giá hơi mắc so với thiết kế và nội thất này. Bù lại bãi biển và không gian đẹp. Nhưng ở ngoài chỉ mất 70k tiền vé vào tham quan.",ï»¿Sunset Sanato Resort & Villas,https://www.traveloka.com/en-vn/hotel/vietnam/sunset-sanato-resort--villas-3000020017702
38,Nhân viên phục vụ chu đáo. Không gian thoáng,ï»¿Sunset Sanato Resort & Villas,https://www.traveloka.com/en-vn/hotel/vietnam/sunset-sanato-resort--villas-3000020017702
39,Hotel dag sua va phong phai o chung. View bien nhug cach bien rat xa va không thay gi het,ï»¿Sunset Sanato Resort & Villas,https://www.traveloka.com/en-vn/hotel/vietnam/sunset-sanato-resort--villas-3000020017702
40,"View biển siêu đẹp. Phòng rộng thơm tho sạch sẽ. Hồ bơi riêng thoải mái. Buffet sáng ngon, đa dạng và rất chịu khó đổi món mỗi sáng luôn. Cộng thêm nhân viên siêu dễ thương.",ï»¿Sunset Sanato Resort & Villas,https://www.traveloka.com/en-vn/hotel/vietnam/sunset-sanato-resort--villas-3000020017702
41,"phòng mình nằm trong villa 4 phòng ngủ, có hồ bơi riêng rất sạch sẽ và đẹp. Nhân viên thân thiện, vui vẻ. Resort có view biển khá đẹp. Là nơi ngắm hoàng hôn tuyệt vời.",ï»¿Sunset Sanato Resort & Villas,https://www.traveloka.com/en-vn/hotel/vietnam/sunset-sanato-resort--villas-3000020017702
42,,ï»¿Sunset Sanato Resort & Villas,https://www.traveloka.com/en-vn/hotel/vietnam/sunset-sanato-resort--villas-3000020017702
43,"Phòng villa rất đẹp, sạch sẽ. Bố mình chỉ kêu là không có dao cạo râu. Hy vọng sau này bữa tối sẽ đa dạng hơn vào các ngày trong tuần ",ï»¿Sunset Sanato Resort & Villas,https://www.traveloka.com/en-vn/hotel/vietnam/sunset-sanato-resort--villas-3000020017702
44,"Cảnh quan resort lên ảnh đẹp hơn ở ngoài, thích hợp chụp ảnh sống ảo. Resort đang xây nên hơi bé và ít tiện ích. Villa rộng rãi đầy đủ tiện nghi nhưng phòng thì hơi nhỏ, 1 căn chỉ có 1 phòng có ban công còn lại thì không có. Đồ ăn không đa dạng",ï»¿Sunset Sanato Resort & Villas,https://www.traveloka.com/en-vn/hotel/vietnam/sunset-sanato-resort--villas-3000020017702
45,villa rất sạch và đẹp. chúng tôi đã có 1 kỳ nghỉ thật tuyệt ở đây nhưng vẫn còn 1 chút vẫn chưa được hài lòng là khi tôi đặt villa 3 phòng ngủ thì khi ra tới nơi lại đượv thông báo là không có villa đó và chỉ có villa 4 phòng ngủ. chính vì như thế chúng tôi không được sử dụng bếp để nấu thức ăn. đó là một cái gì đó rất bất tiện khi bạn muốn mướn villa để nấu nướng và mọi chuyện không như bạn nghỉ. nếu bạn muốn xài bếp chỉ có 2 cách 1 là bạn phải mướn cho đủ 4 phòng hoặc bạn sẽ bị phụ thu khá cao khi sử dụng bếp của villa,ï»¿Sunset Sanato Resort & Villas,https://www.traveloka.com/en-vn/hotel/vietnam/sunset-sanato-resort--villas-3000020017702
46,"buffet tối quá dở, đồ ăn hạn chế",ï»¿Sunset Sanato Resort & Villas,https://www.traveloka.com/en-vn/hotel/vietnam/sunset-sanato-resort--villas-3000020017702
47,"_ Phòng sạch sẽ, rộng rãi, nhân viên nhiệt tình chu đáo _ Điểm trừ lớn nhất là biển không tắm được, khá dơ, dịch vụ không như quảng cáo trên web (không có phòng Gym, buffer không đa dạng) _ Có lẽ chỉ đi trải nghiệm 1 lần duy nhất",ï»¿Sunset Sanato Resort & Villas,https://www.traveloka.com/en-vn/hotel/vietnam/sunset-sanato-resort--villas-3000020017702
48,"Tôi đã có một kì nghỉ dưỡng tuyệt vời tại nơi đây, nhân viên rất thân thiện và vui vẻ với khách. Resort đẹp gần gũi với thiên nhiên. Phòng ốc mới mẻ và mang phong cách âu á rất đẹp. Một nơi đáng để các bạn tham khảo và ghé thăm 👍",ï»¿Sunset Sanato Resort & Villas,https://www.traveloka.com/en-vn/hotel/vietnam/sunset-sanato-resort--villas-3000020017702
49,"vừa tới nơi là nhân viên bảo vệ + lễ tân đã chào đón niềm nở rùi, mấy anh chạy ngay lại đỡ vali giùm mình luôn. lúc ngồi làm thủ tục nhận phòng thì có nước uống và chị lễ tân nước rất lịch sự, good. mỗi ngày đều có người dọn phòng và bữa sáng là buffet tuy hơi ít món nhưng mà cũng vừa đủ và đồ ăn cũng ngon. villa ở đây thiết kế đẹp và sang trọng có bàn ăn và sofa cho gia đình trời ơi tuyệt vời lắm. nếu có dịp mình vẫn muốn quay lại đây 👍🏻",ï»¿Sunset Sanato Resort & Villas,https://www.traveloka.com/en-vn/hotel/vietnam/sunset-sanato-resort--villas-3000020017702
50,"Villa đẹp, sang trọng, có hồ bơi ngay trong villa (dù hơi nhỏ chút, nhưng đi mấy bước là ra biển rồi nên hông sao), không gian xung quanh đặc biệt là các công trình ngoài bãi biển quá tuyệt, thiên đường sống ảo :)) nhưng vì có nhiều khách bên ngoài vào chụp hình khá đông nữa nên nên lựa thời gian hợp lý sáng sớm xíu nha. Vẫn còn nhiều công trình đang xây dựng dở. Điểm hơi trừ là phòng tắm hơi nhỏ và không có bồn tắm nha! Dịch vụ rất ổn, nhân viên nhiệt tình chu đáo không có gì để chê trách ^^",ï»¿Sunset Sanato Resort & Villas,https://www.traveloka.com/en-vn/hotel/vietnam/sunset-sanato-resort--villas-3000020017702
51,"Chúng tôi 2 đứa thuê 1 phòng trong 1 Villa 4 phòng ngủ có bếp và hồ bơi riêng ở Sunset Sanato resort. Phòng ốc rất mới, sạch sẽ và thiết kế đẹp, hiện đại. 

Hồ bơi có máy sục nước, cảm giác được massage nước rất thích. 

Biển ngay trước mặt, bãi biển trải dài với những tượng có hình ngộ nghĩnh như hình các chú voi trên biển và tượng người 2 nửa mặt; chụp hình thì siêu ảo.

Villa có bếp riêng, nên nếu bạn đi du lịch kiểu gia đình và muốn đi chợ mua đồ về tự nấu ăn thì chợ cách resort cũng không xa; chừng  700- 800m, đi bộ mất chừng 8 -10 phút. chợ hiện hữu rất nhiều đồ hải sản và trái cây. ở đây, đặc biệt là sầu riêng Phú Quốc múi dầy, ngọt và thịt dai. 

Đi ít người và làm biếng nấu ăn như tụi mình thì kế bên chợ có quán đặc sản “ Gà Ta nướng muối ớt và bò tơ” ngon tuyệt; giá cả cũng phải chăng, thực đơn cũng khá phong phú, mỗi món ở quán giá từ vài chục tới dưới 200k/phần. 

Tụi mình đặt phòng giá khoảng 1.7 triệu/ đêm (đã có chiết khấu giảm giá trên app) và được phục vụ khá chu đáo từ lúc đợi check in, đến đưa đón xe đưa vali vào ra, dịch vụ thuê xe máy dạo chơi Phú Quốc (150k/ nửa ngày hoặc 250k/ ngày) ... phục vụ đồ ăn tại phòng...nói chung khách sạn còn khá mới và đang trong thời gian xây dựng nâng cấp nhưng dịch vụ ổn.

Tụi mình khá hài lòng về mọi thứ ở đây. Lần sau nhất định sẽ lại quay lại.",ï»¿Sunset Sanato Resort & Villas,https://www.traveloka.com/en-vn/hotel/vietnam/sunset-sanato-resort--villas-3000020017702
52,"Chúng tôi 2 đứa thuê 1 phòng trong 1 Villa 4 phòng ngủ có bếp và hồ bơi riêng. Phòng ốc rất mới, sạch sẽ và thiết kế đẹp hiện đại. Hồ bơi có máy sục massage nước rất thích. Biển ngay trước mặt và bãi biển trải dài với những tượng có hình thù ngộ nghĩnh chụp hình thì siêu ảo diệu. Tụi mình đặt phòng giá khoảng 1.7 tr/ đêm ( đã có chiết khấu giảm giá trên app traveloka). Rất hài lòng về mọi thứ ở đây. Lần sau mình sẽ lại quay lại nơi này.",ï»¿Sunset Sanato Resort & Villas,https://www.traveloka.com/en-vn/hotel/vietnam/sunset-sanato-resort--villas-3000020017702
53,Villa rộng sạch đẹp ... phòng thoáng mát rọng rãi. Chỉ rieng phòng ngay hồ bơi nhỏ không được thoải mái lắm . hồ hơi hơi nhỏ so với dien tích cản villa khác to . Bữa snag phong phú ngon Néu lân sau đi se ghe tiếp.. vẫn hài long 90%,ï»¿Sunset Sanato Resort & Villas,https://www.traveloka.com/en-vn/hotel/vietnam/sunset-sanato-resort--villas-3000020017702
54,Một kỳ nghỉ tuyệt vời. Nơi ở lý tưởng nhân viên phục vụ nhiệt tình. Hoàng hôn trên biển tuyệt đẹp.,ï»¿Sunset Sanato Resort & Villas,https://www.traveloka.com/en-vn/hotel/vietnam/sunset-sanato-resort--villas-3000020017702
55,,ï»¿Sunset Sanato Resort & Villas,https://www.traveloka.com/en-vn/hotel/vietnam/sunset-sanato-resort--villas-3000020017702
56,"Nhân viên rất nhiệt tình, luôn hỗ trợ khi cần, thức ăn rất ngon đa dạng món, phòng ốc sạch sẽ",ï»¿Sunset Sanato Resort & Villas,https://www.traveloka.com/en-vn/hotel/vietnam/sunset-sanato-resort--villas-3000020017702
57,"Mọi thứ đều rất đẹp, ngay từ khi mới vào là mình đã ấn tượng bãi biển quá xuất sắc, cách bày trí vô cùng tinh tế, phòng ốc rộng thoải mái, thích hợp đi nhóm gia đình, nhóm bạn bè  ",ï»¿Sunset Sanato Resort & Villas,https://www.traveloka.com/en-vn/hotel/vietnam/sunset-sanato-resort--villas-3000020017702
58,,ï»¿Sunset Sanato Resort & Villas,https://www.traveloka.com/en-vn/hotel/vietnam/sunset-sanato-resort--villas-3000020017702
59,"Khách sạn mới, vẫn đang xây dựng nên dịch vụ cũng chưa hoàn thiện. Buffet sáng ngon. Villa mới.",ï»¿Sunset Sanato Resort & Villas,https://www.traveloka.com/en-vn/hotel/vietnam/sunset-sanato-resort--villas-3000020017702
60,"Phòng sạch sẽ , đồ ăn ngon . Nhân viên vui vẻ 👍🏻",Muong Thanh Luxury Phu Quoc Hotel,https://www.traveloka.com/en-vn/hotel/vietnam/muong-thanh-luxury-phu-quoc-hotel-3000010030791
61,"Khách sạn phòng sạch sẽ, trang trí đẹp, nhân viên thân thiện, thức ăn bình thường",Muong Thanh Luxury Phu Quoc Hotel,https://www.traveloka.com/en-vn/hotel/vietnam/muong-thanh-luxury-phu-quoc-hotel-3000010030791
62,"Khách sạn thì ok đấy nhưng mà xa trung tâm quá, ăn uống đi lại phải gọi taxi đi tầm 8-10km cơ.",Muong Thanh Luxury Phu Quoc Hotel,https://www.traveloka.com/en-vn/hotel/vietnam/muong-thanh-luxury-phu-quoc-hotel-3000010030791
63,Khách sạn khá đầy đủ tiện nghi và phục vụ cũng rất tốt còn vài điều thiếu sót nhưng cũng không đáng bận tâm phục vụ vẫn rất tốt,Muong Thanh Luxury Phu Quoc Hotel,https://www.traveloka.com/en-vn/hotel/vietnam/muong-thanh-luxury-phu-quoc-hotel-3000010030791
64,khách sạn rất tồi với dịch vụ rất kém. Bữa ăn sáng rất dở. Nhân viên thiếu thân thiện. Rất cứng nhắc trong giải quyết các vấn đề phát sinh. Không nên ở khách sạn này.,Muong Thanh Luxury Phu Quoc Hotel,https://www.traveloka.com/en-vn/hotel/vietnam/muong-thanh-luxury-phu-quoc-hotel-3000010030791
65,"Khách sạn rất rộng rãi, phòng mình 37m2 quá là thoả mái, thiết kế hợp lý, rất trang nhã và đủ tiện nghi, tiện nghi 10đ, nhân viên cực thân thiện, đồ ăn ổn đa dạng.",Muong Thanh Luxury Phu Quoc Hotel,https://www.traveloka.com/en-vn/hotel/vietnam/muong-thanh-luxury-phu-quoc-hotel-3000010030791
66,Mọi dịch vụ thủ tục khá nhanh gọn chu đáo,Muong Thanh Luxury Phu Quoc Hotel,https://www.traveloka.com/en-vn/hotel/vietnam/muong-thanh-luxury-phu-quoc-hotel-3000010030791
67,,Muong Thanh Luxury Phu Quoc Hotel,https://www.traveloka.com/en-vn/hotel/vietnam/muong-thanh-luxury-phu-quoc-hotel-3000010030791
68,"Phòng sạch sẽ, nhân viên phục vụ nhiệt tình",Muong Thanh Luxury Phu Quoc Hotel,https://www.traveloka.com/en-vn/hotel/vietnam/muong-thanh-luxury-phu-quoc-hotel-3000010030791
69,Tôi hài lòng với chuyến đi này,Muong Thanh Luxury Phu Quoc Hotel,https://www.traveloka.com/en-vn/hotel/vietnam/muong-thanh-luxury-phu-quoc-hotel-3000010030791
70,"Ngoài việc tài xế xe điện không linh hoạt và nhiệt tình thì đều ổn, sàn nhà hơi bẩn.",Muong Thanh Luxury Phu Quoc Hotel,https://www.traveloka.com/en-vn/hotel/vietnam/muong-thanh-luxury-phu-quoc-hotel-3000010030791
71,có dịch vụ đưa đón sân bay rất tiện. phòng ốc rộng rãi sạch sẽ thơm tho. buffet khá nhiều món. nhân viên đón tiếp ân cần. nói chung rất hài lòng,Muong Thanh Luxury Phu Quoc Hotel,https://www.traveloka.com/en-vn/hotel/vietnam/muong-thanh-luxury-phu-quoc-hotel-3000010030791
72,"Phòng bị dột nước, mùi không thơm tuy nhiên thức ăn ngon.",Muong Thanh Luxury Phu Quoc Hotel,https://www.traveloka.com/en-vn/hotel/vietnam/muong-thanh-luxury-phu-quoc-hotel-3000010030791
73,Khách sạn đẹp tuyệt vời Thích nhất là có ban công thoáng Mỗi cái là bữa sáng không ngon,Muong Thanh Luxury Phu Quoc Hotel,https://www.traveloka.com/en-vn/hotel/vietnam/muong-thanh-luxury-phu-quoc-hotel-3000010030791
74,"Kháchsạn đẹp nhưng hơi xa trung tâm xíu, đồ ăn sáng ngon đa dạng, lễ tân nhiệt tình, vui vẻ, nhưng cách âm còn kém quá, trong phòng mà khách đi bên ngoài nước cười vẫn nghe lớn",Muong Thanh Luxury Phu Quoc Hotel,https://www.traveloka.com/en-vn/hotel/vietnam/muong-thanh-luxury-phu-quoc-hotel-3000010030791
75,"Phòng ốc hơi cũ, giấy dán tuờng và thảm cũ, không thoải mái khi ở, máy lạnh quá lạnh ngay cả đã vặn lại 30 độ, hồ hơi không to không nhỏ, đồ ăn sáng khá ít món và bình thường, có bàn bida ngay sảnh có thể chơi miễn phí, sảnh rộng, gần bãi biển, hợp với teambuilding",Muong Thanh Luxury Phu Quoc Hotel,https://www.traveloka.com/en-vn/hotel/vietnam/muong-thanh-luxury-phu-quoc-hotel-3000010030791
76,"Nhân viên rất nhiệt tình chu đáo, gia đình chúng tôi rất hài lòng về khách sạn",Muong Thanh Luxury Phu Quoc Hotel,https://www.traveloka.com/en-vn/hotel/vietnam/muong-thanh-luxury-phu-quoc-hotel-3000010030791
77,"Khách sạn gần biển, tiện đi bộ vài phút ra tới bờ biển. Phòng sạch sẽ, thoáng mát, đồ ăn sáng đa dạng, có bể bơi cho trẻ em. Điểm trừ: Lan can ban công lắp kính nên có một khoảng hở ở góc khá lớn, rất nguy hiểm nếu gia đình có trẻ em. - Khi mở cửa ban công thì gió thông nên dẫn đến cửa ra vào bị dập rất mạnh, khách sạn nên lắp thanh thủy lực. Người cao tuổi hay trẻ em sẽ không đủ sức giữ cửa khi gió lùa.",Muong Thanh Luxury Phu Quoc Hotel,https://www.traveloka.com/en-vn/hotel/vietnam/muong-thanh-luxury-phu-quoc-hotel-3000010030791
78,,Muong Thanh Luxury Phu Quoc Hotel,https://www.traveloka.com/en-vn/hotel/vietnam/muong-thanh-luxury-phu-quoc-hotel-3000010030791
79,Phòng thì nóng gọi điện thoại lễ tân bảo cúp điện Đi nghĩ dưỡng mà không nghĩ được gì Nhân viên thì nhiệt tình,Muong Thanh Luxury Phu Quoc Hotel,https://www.traveloka.com/en-vn/hotel/vietnam/muong-thanh-luxury-phu-quoc-hotel-3000010030791
80,"Tôi đặt cho bố mẹ đi du lịch Phú Quốc, tuy nhiên ông bà không hài lòng. Đầu tiên: khách sạn có dịch vụ đưa đón sân bay miễn phí, tốt đấy, nhưng tôi không nhận được thông tin đấy lúc đặt phòng Khách sạn cúp điện nguyên ngày, phòng không có máy lạnh và cũng chẳng có quạt để sử dụng khi khách sạn chạy máy phát điện, trời thì nóng, cực hình Nóng quá nên ông bà tắm liên tục và xin thay khăn khác nhưng không được đáp ứng dù đã nhiều lần gọi lễ tân và xin trực tiếp với nhân viên làm buồng Ăn sáng tại Phú Quốc mà không có gì gọi là thủy hải sản hết, chất lượng tệ Chắc không dám quay lại lần sau.",Muong Thanh Luxury Phu Quoc Hotel,https://www.traveloka.com/en-vn/hotel/vietnam/muong-thanh-luxury-phu-quoc-hotel-3000010030791
81,"Phòng sạch sẽ, đầy đủ tiện nghi nhân viên thân thiện, bữa sáng khá ngon. Mình đặt phòng có view biển khá đẹp phù hợp giá tiền",Muong Thanh Luxury Phu Quoc Hotel,https://www.traveloka.com/en-vn/hotel/vietnam/muong-thanh-luxury-phu-quoc-hotel-3000010030791
82,Đã ở lần 2 và cảm thấy ok. Tuy nhiên mường thanh phú quốc không được như nhưngx chi nhánh khác. Với giá tầm này thì phòng quá ok,Muong Thanh Luxury Phu Quoc Hotel,https://www.traveloka.com/en-vn/hotel/vietnam/muong-thanh-luxury-phu-quoc-hotel-3000010030791
83,"Khách sạn đẹp, lễ tân và nhân viên rất nhiệt tình hỗ trợ, đồ ăn ngon lắm ạ",Muong Thanh Luxury Phu Quoc Hotel,https://www.traveloka.com/en-vn/hotel/vietnam/muong-thanh-luxury-phu-quoc-hotel-3000010030791
84,"Mình chon book Muong Thanh cho bố mẹ đi du lịch Ông bà ai cũng khen phòng đẹp, dịch vụ ở Muong Thanh tốt 😍 Có dịp sẽ ghé lại",Muong Thanh Luxury Phu Quoc Hotel,https://www.traveloka.com/en-vn/hotel/vietnam/muong-thanh-luxury-phu-quoc-hotel-3000010030791
85,"Bình thường và sảnh rất nóng, nhân viên khu vực lễ tân chưa chuyên nghiệp, không tươi. Đồ ăn sáng chưa ngon.",Muong Thanh Luxury Phu Quoc Hotel,https://www.traveloka.com/en-vn/hotel/vietnam/muong-thanh-luxury-phu-quoc-hotel-3000010030791
86,,Muong Thanh Luxury Phu Quoc Hotel,https://www.traveloka.com/en-vn/hotel/vietnam/muong-thanh-luxury-phu-quoc-hotel-3000010030791
87,"ví trí khá xa trung tâm , đồ ăn buffe sáng ít món , cúp điện lúc đêm , không giống như tưởng tượng như các chi nhánh mường thanh khác , khá thất vọng",Muong Thanh Luxury Phu Quoc Hotel,https://www.traveloka.com/en-vn/hotel/vietnam/muong-thanh-luxury-phu-quoc-hotel-3000010030791
88,"Tuyệt vời, phong cảnh đẹp. Nhiều khách du lịch",Muong Thanh Luxury Phu Quoc Hotel,https://www.traveloka.com/en-vn/hotel/vietnam/muong-thanh-luxury-phu-quoc-hotel-3000010030791
89,"Kỳ du lịch của 2 vợ chồng tuyệt vời. Phòng rộng rãi, thoáng mát, không khi trong lành, phong cảnh đẹp, gần biển.",Muong Thanh Luxury Phu Quoc Hotel,https://www.traveloka.com/en-vn/hotel/vietnam/muong-thanh-luxury-phu-quoc-hotel-3000010030791
90,,Muong Thanh Luxury Phu Quoc Hotel,https://www.traveloka.com/en-vn/hotel/vietnam/muong-thanh-luxury-phu-quoc-hotel-3000010030791
91,"-Vị trí của Khách sạn không thuận tiện đi lại xa tt - khách sạn không có bãi tắm, Xung quanh kháchsạn khg co điểm ĐàLạt và cảm giác heo hut -Đi nhằm vào đợt dịch càng buồn hơn, do kháchsạn cắt giảm chi phí như Sảnh khg điều hoà, nhà hang cũng khg, bữa sáng ít món. Nhưng giá phòng thì khg giảm. Với tầm ấy có thể vào vin ở hoặc resort 4* tren đường Trần hung Đạo lại được view biển",Muong Thanh Luxury Phu Quoc Hotel,https://www.traveloka.com/en-vn/hotel/vietnam/muong-thanh-luxury-phu-quoc-hotel-3000010030791
92,"không gian yên tĩnh, gần bãi Trường, nhân viên thân thiện, rất hỗ trợ khách. khách sạn còn hỗ trợ bus free đi chợ đêm và xe đưa đón sân bay free. Sẽ quay lại khi có cơ hội.",Muong Thanh Luxury Phu Quoc Hotel,https://www.traveloka.com/en-vn/hotel/vietnam/muong-thanh-luxury-phu-quoc-hotel-3000010030791
93,"Nhân viên nhiệt tình, phòng ngủ trang trí đẹp, thiết kế sang trọng, đầy đủ tiện nghi. Dọn phòng sạch sẽ, ngăn nắp. Khu vực bể bơi sạch sẽ an toàn. Buổi đêm ở khách sạn đèn trang trí đẹp. Wifi mạnh. Vì đang còn dịch nhưng đồ ăn buổi sáng cũng phong phú, thay đổi món nước từng ngày.",Muong Thanh Luxury Phu Quoc Hotel,https://www.traveloka.com/en-vn/hotel/vietnam/muong-thanh-luxury-phu-quoc-hotel-3000010030791
94,"Chất lượng tuyệt vời, phục vụ tận tình",Muong Thanh Luxury Phu Quoc Hotel,https://www.traveloka.com/en-vn/hotel/vietnam/muong-thanh-luxury-phu-quoc-hotel-3000010030791
95,,Muong Thanh Luxury Phu Quoc Hotel,https://www.traveloka.com/en-vn/hotel/vietnam/muong-thanh-luxury-phu-quoc-hotel-3000010030791
96,"phòng view biển đẹp, sạch sẽ, rộng thoáng ăn sáng còn ít món. khăn tắm trong phòng không được tốt lắm.",Muong Thanh Luxury Phu Quoc Hotel,https://www.traveloka.com/en-vn/hotel/vietnam/muong-thanh-luxury-phu-quoc-hotel-3000010030791
97,"Phòng đặt hướng biển và được set theo yêu cầu nên rất hài lòng, có xe đưa rước sân bay miễn phí, kỳ nghỉ dưỡng tuyệt vời!",Muong Thanh Luxury Phu Quoc Hotel,https://www.traveloka.com/en-vn/hotel/vietnam/muong-thanh-luxury-phu-quoc-hotel-3000010030791
98,,Muong Thanh Luxury Phu Quoc Hotel,https://www.traveloka.com/en-vn/hotel/vietnam/muong-thanh-luxury-phu-quoc-hotel-3000010030791
99,"Nhìn từ xa thì khách sạn rất là nổi bật, tuy nhiên nhìn gần thì có vẻ hơi cũ vì nhà cao và bị đóng rêu đen đen. Nhưng bên trong thì mọi thứ khá ổn và đẹp, sạch sẽ, bày trí đơn giản và đẹp mắt. Chất lượng phòng ổn, có view biển tuy nhiên khá là xa biển.",Muong Thanh Luxury Phu Quoc Hotel,https://www.traveloka.com/en-vn/hotel/vietnam/muong-thanh-luxury-phu-quoc-hotel-3000010030791
100,"Khách sạn rất tuyệt, rất đẹp mỗi tội xa trung tâm quá! Khách sạn có xe điện đưa ra biển và có chuyến xe đưa ra chợ đêm mỗi ngày đều miễn phí !",Muong Thanh Luxury Phu Quoc Hotel,https://www.traveloka.com/en-vn/hotel/vietnam/muong-thanh-luxury-phu-quoc-hotel-3000010030791
101,Khach sạn sạch đẹp. Mọi thứ đều ok,Muong Thanh Luxury Phu Quoc Hotel,https://www.traveloka.com/en-vn/hotel/vietnam/muong-thanh-luxury-phu-quoc-hotel-3000010030791
102,Buffet quá dở. Cả 2 bữa sáng liên tiếp đều không thể cải thiện thực đơn. Cần thay đổi !!!,Muong Thanh Luxury Phu Quoc Hotel,https://www.traveloka.com/en-vn/hotel/vietnam/muong-thanh-luxury-phu-quoc-hotel-3000010030791
103,dịch vụ rất tốt. có xe đưa đón vào chợ đêm nữa.,Muong Thanh Luxury Phu Quoc Hotel,https://www.traveloka.com/en-vn/hotel/vietnam/muong-thanh-luxury-phu-quoc-hotel-3000010030791
104,"Tuyệt vời, đáng để quan tâm, ok",Muong Thanh Luxury Phu Quoc Hotel,https://www.traveloka.com/en-vn/hotel/vietnam/muong-thanh-luxury-phu-quoc-hotel-3000010030791
105,"Mình ở phòng 3 giường tại khách sạn vào tháng 11 vừa rồi. Khách sạn khá mới, sạch sẽ, đồ ăn sáng ngon, đa dạng, hồ bơi rộng và ra biển cũng khá gần. Chỉ có nhược điểm là phòng không có bồn tắm và về vị trí thì hơi xa thị trấn và khu chợ đêm 1 chút. Tuy nhiên khách sạn có dịch vụ xe đưa đón ra chợ đêm mỗi tối và chở ra sân bay miễn phí nên về chất lượng dịch vụ mình khá hài lòng.",Muong Thanh Luxury Phu Quoc Hotel,https://www.traveloka.com/en-vn/hotel/vietnam/muong-thanh-luxury-phu-quoc-hotel-3000010030791
106,"Nhân viên nhiệt tình, thân thiện và rất hỗ trợ khách hàng. Gia đình chúng tôi đã có một dịch vụ tuyệt vời. Chân thành cảm ơn Mường Thanh và lần sau tôi sẽ vẫn tiếp tục chọn Mường Thanh",Muong Thanh Luxury Phu Quoc Hotel,https://www.traveloka.com/en-vn/hotel/vietnam/muong-thanh-luxury-phu-quoc-hotel-3000010030791
107,"Rất thích không gian khách sạn ở đây. Nhân viên phục vụ rất chu đáo, đồ ăn ngon",Muong Thanh Luxury Phu Quoc Hotel,https://www.traveloka.com/en-vn/hotel/vietnam/muong-thanh-luxury-phu-quoc-hotel-3000010030791
108,"Buffet ngon, phòng ốc đẹp, khung cảnh rất ưng ý, nhân viên dễ thương. Có xe điện và xe lớn đưa rước đi chơi, vị trí gần sân bay, gần biển, tiện lợi khi bắt bus đến Vinpearl và Sunworld.",Muong Thanh Luxury Phu Quoc Hotel,https://www.traveloka.com/en-vn/hotel/vietnam/muong-thanh-luxury-phu-quoc-hotel-3000010030791
109,"phòng rộng, đẹp. nhân viên cực nhiệt tình, vui vẻ với khách.",Muong Thanh Luxury Phu Quoc Hotel,https://www.traveloka.com/en-vn/hotel/vietnam/muong-thanh-luxury-phu-quoc-hotel-3000010030791
110,Nhân viên thân thiện lần sau sẽ quay lại ❤️,Muong Thanh Luxury Phu Quoc Hotel,https://www.traveloka.com/en-vn/hotel/vietnam/muong-thanh-luxury-phu-quoc-hotel-3000010030791
111,"Thích hợp cho nghỉ dưỡng yên tĩnh, dịch vụ đưa đón sân bay rất tốt. Cảm ơn.",Muong Thanh Luxury Phu Quoc Hotel,https://www.traveloka.com/en-vn/hotel/vietnam/muong-thanh-luxury-phu-quoc-hotel-3000010030791
112,"Tôi có kỳ nghỉ cùng giá đình và bạn bè ở tại đây thật tuyệt. Phòng đẹp chất lượng. Chất lượng phục vụ tốt, nhiệt tình. Hợp với giá tiền.",Muong Thanh Luxury Phu Quoc Hotel,https://www.traveloka.com/en-vn/hotel/vietnam/muong-thanh-luxury-phu-quoc-hotel-3000010030791
113,"Chúng tôi đã có 5 ngày đêm trải nghiệm tại Khách sạn Mường Thanh. Mọi thứ thật tuỵet vời.... Đầu tiên phải nhắc đến nhân viên buồng phòng họ rất chu đáo, Lễ tân lịch sự và nhiệt tình, những lúc chồng và tôi có bất cứ yêu cầu gì họ đều đáp ứng rất chu đáo. Hồ bơi nhỏ nhưng ấm cúng. Sảnh chờ rất Sang trọng và không gian thoải mái trò chuyện. Riêng Tôi rất thích! Cảm ơn Khách Sạn đã dành sự uư ái trong ngày sinh thành đặc biệt của Tôi.! Tôi hy vọng kì nghỉ sắp tới tôi sẽ tiếp tục cư trú ở đây.",Muong Thanh Luxury Phu Quoc Hotel,https://www.traveloka.com/en-vn/hotel/vietnam/muong-thanh-luxury-phu-quoc-hotel-3000010030791
114,"Tôi có xin 1 xô đá nhỏ để uống bia vào buổi tối cùng bạn bè, nhà hàng của khách sạn tính phí 30.000 VND. Bản thân tôi đã đi những khách sạn 4 và 5 sao khác nhưng những khách sạn đó không tính phí như vậy. Có thể là mỗi nơi mỗi khác nhưng cảm nhận của tôi thì vẫn chưa thấy thoải mái lắm. Bù lại thì nhân viên khách sạn rất nhiệt tình và vui vẻ.",Muong Thanh Luxury Phu Quoc Hotel,https://www.traveloka.com/en-vn/hotel/vietnam/muong-thanh-luxury-phu-quoc-hotel-3000010030791
115,"Ưu điểm: Phòng ốc tốt, ăn uống ngon. Nhược điểm: Máy lạnh quá yếu, điện không ổn định.",Muong Thanh Luxury Phu Quoc Hotel,https://www.traveloka.com/en-vn/hotel/vietnam/muong-thanh-luxury-phu-quoc-hotel-3000010030791
116,,Muong Thanh Luxury Phu Quoc Hotel,https://www.traveloka.com/en-vn/hotel/vietnam/muong-thanh-luxury-phu-quoc-hotel-3000010030791
117,,Muong Thanh Luxury Phu Quoc Hotel,https://www.traveloka.com/en-vn/hotel/vietnam/muong-thanh-luxury-phu-quoc-hotel-3000010030791
118,Thân thiệt nhiệt tình. Sẽ quay lại nếu chính sách giá được ưu đãi nữa,Muong Thanh Luxury Phu Quoc Hotel,https://www.traveloka.com/en-vn/hotel/vietnam/muong-thanh-luxury-phu-quoc-hotel-3000010030791
119,"Tuyệt vời, phòng đẹp , sảnh đẹp , sạch sẽ , bufet sáng ngon",Muong Thanh Luxury Phu Quoc Hotel,https://www.traveloka.com/en-vn/hotel/vietnam/muong-thanh-luxury-phu-quoc-hotel-3000010030791
120,"Phòng ốc cũng được, vị trí ra biển hơi xa. Bể bơi không có khăn tắm nên hơi bất tiện.",Muong Thanh Luxury Phu Quoc Hotel,https://www.traveloka.com/en-vn/hotel/vietnam/muong-thanh-luxury-phu-quoc-hotel-3000010030791
121,"Chỉ được view đẹp, còn lại thì không tốt lắm, máy lạnh có cũng như không “rất nóng”, kể cả buổi tối. Mình thuê 2 phòng mà phòng náo cũng vậy, không biết có phải không phải mùa du lịch nên khách sạn tiết kiệm điện ko. Đồ ăn sáng thì không ngon, mình ăn cơm chiên còn bị thiêu nữa.",Muong Thanh Luxury Phu Quoc Hotel,https://www.traveloka.com/en-vn/hotel/vietnam/muong-thanh-luxury-phu-quoc-hotel-3000010030791
122,Rất ưng ý. Nơi ở thoáng mát đep. Nhân viên nhiệt tình chu đáo,Muong Thanh Luxury Phu Quoc Hotel,https://www.traveloka.com/en-vn/hotel/vietnam/muong-thanh-luxury-phu-quoc-hotel-3000010030791
123,"Tôi thấy hài lòng về phong cách phục vụ ở đây. Lần sau có dịp, tôi lại muốn nghỉ ở đây",Muong Thanh Luxury Phu Quoc Hotel,https://www.traveloka.com/en-vn/hotel/vietnam/muong-thanh-luxury-phu-quoc-hotel-3000010030791
124,"tôi đã có một ki nghỉ tuyệt vời tại đây, mọi thứ đều ổn nhưng vị trí khách sạn không khá thuận tiện. Ra biển tầm 400m có xe điện đưa đi, không có xe trung chuyển ra trung tâm thị trấn, đi taxi hết 170k, khá tốn kém. Nên cân nhắc khi lựa chọn nghỉ ở đây",Muong Thanh Luxury Phu Quoc Hotel,https://www.traveloka.com/en-vn/hotel/vietnam/muong-thanh-luxury-phu-quoc-hotel-3000010030791
125,"Khách sạn phục vụ rất chu đáo và nhiệt tình, nếu có cơ hội tôi sẽ quay lại khách sạn.",Muong Thanh Luxury Phu Quoc Hotel,https://www.traveloka.com/en-vn/hotel/vietnam/muong-thanh-luxury-phu-quoc-hotel-3000010030791
126,"Phòng giống hệt hình, ăn sáng ngon, vị trí xa trung tâm nhưng buổi tối có xe khách Sạn đưa đón đi chợ đêm phú quốc rất thuận tiện. Không gần địa điểm ăn uống phải đi xa mới có chỗ ăn.",Muong Thanh Luxury Phu Quoc Hotel,https://www.traveloka.com/en-vn/hotel/vietnam/muong-thanh-luxury-phu-quoc-hotel-3000010030791
127,,Muong Thanh Luxury Phu Quoc Hotel,https://www.traveloka.com/en-vn/hotel/vietnam/muong-thanh-luxury-phu-quoc-hotel-3000010030791
128,Tôi đã lên lịch trình trước đó và đã xác nhận cho khách sạn nhưng tiếp đón ở đây không chuyên nghiệp như Mường Thanh Nha Trang và Buôn Ma Thuột! Nếu đến Phú Quốc lần nữa tôi sẽ không chọn Mường Thanh,Muong Thanh Luxury Phu Quoc Hotel,https://www.traveloka.com/en-vn/hotel/vietnam/muong-thanh-luxury-phu-quoc-hotel-3000010030791
129,"Phòng sạch đẹp, bữa sáng ngon, duy nhất có điều là hơi xa chợ, xa các quán ăn ngoài nên không tiện lắm",Muong Thanh Luxury Phu Quoc Hotel,https://www.traveloka.com/en-vn/hotel/vietnam/muong-thanh-luxury-phu-quoc-hotel-3000010030791
130,"Kỳ nghỉ rất tuyệt vời, nhân viên phục vụ nhiệt tình",Muong Thanh Luxury Phu Quoc Hotel,https://www.traveloka.com/en-vn/hotel/vietnam/muong-thanh-luxury-phu-quoc-hotel-3000010030791
131,Nhận viên nhiệt tình sạch sẽ 👍🏻,Muong Thanh Luxury Phu Quoc Hotel,https://www.traveloka.com/en-vn/hotel/vietnam/muong-thanh-luxury-phu-quoc-hotel-3000010030791
132,"Phục vụ tốt, khách sạn sạch, vệ sinh, dịch vụ tốt, nhân viên nhiệt tình",Muong Thanh Luxury Phu Quoc Hotel,https://www.traveloka.com/en-vn/hotel/vietnam/muong-thanh-luxury-phu-quoc-hotel-3000010030791
133,"Phòng đẹp, đồ ăn sáng ngon, dịch vụ ok, đi bộ ra biển 3 phút nhưng vẫn có xe điện đưa đón; bãi biển thì tuyệt vời. Tuy nhiên hơi xa trung tâm 1 chút, như mình thuê xe tự lái nên vẫn chạy muôn nơi được.",Muong Thanh Luxury Phu Quoc Hotel,https://www.traveloka.com/en-vn/hotel/vietnam/muong-thanh-luxury-phu-quoc-hotel-3000010030791
134,"Khách sạn 5 sao nhưng không đạt tiêu chuẩn , phòng tắm thì không có cửa, ban công thì không có đèn và bàn ghế, đồ ăn sáng cũng không nhiều . Tôi sẽ không đến khách sạn này nữa",Muong Thanh Luxury Phu Quoc Hotel,https://www.traveloka.com/en-vn/hotel/vietnam/muong-thanh-luxury-phu-quoc-hotel-3000010030791
135,"Phòng rộng rãi, thoải mái. Nhưng đồ ăn sáng không được nóng và không đa dạng.",Muong Thanh Luxury Phu Quoc Hotel,https://www.traveloka.com/en-vn/hotel/vietnam/muong-thanh-luxury-phu-quoc-hotel-3000010030791
136,"Dịch vụ kém so với tiêu chuẩn của khách sạn , Mình có đặt 4 booking khác ngày nhau , nhưng hệ thống không gộp chung được , ngày nào cũng phải xuống đổi thẻ rất phiền . Tệ nhất là khoản nhân viên phục vụ , mình gọi đồ ăn nhưng nhân viên order còn quên cả order của mình .",Muong Thanh Luxury Phu Quoc Hotel,https://www.traveloka.com/en-vn/hotel/vietnam/muong-thanh-luxury-phu-quoc-hotel-3000010030791
137,"Không xứng 4 sao, không là nơi ưa thích",Muong Thanh Luxury Phu Quoc Hotel,https://www.traveloka.com/en-vn/hotel/vietnam/muong-thanh-luxury-phu-quoc-hotel-3000010030791
138,Nhân viên nhiệt tình. Dễ thương,Muong Thanh Luxury Phu Quoc Hotel,https://www.traveloka.com/en-vn/hotel/vietnam/muong-thanh-luxury-phu-quoc-hotel-3000010030791
139,,Muong Thanh Luxury Phu Quoc Hotel,https://www.traveloka.com/en-vn/hotel/vietnam/muong-thanh-luxury-phu-quoc-hotel-3000010030791
140,"Mường Thanh nhân viên phục vụ tốt, gần biển nhưng hơi xa trung tâm tí. Ấn tượng nhất là Buffet rất ngon, chổ ăn buffet cũng đẹp ",Muong Thanh Luxury Phu Quoc Hotel,https://www.traveloka.com/en-vn/hotel/vietnam/muong-thanh-luxury-phu-quoc-hotel-3000010030791
141,"Chất lượng dịch vụ tốt, buffet phong phú.
Sẽ còn quay lại mường thanh 😊",Muong Thanh Luxury Phu Quoc Hotel,https://www.traveloka.com/en-vn/hotel/vietnam/muong-thanh-luxury-phu-quoc-hotel-3000010030791
142,"Thức ăn không xứng tầm 4 sao. Buffet sáng hai ngày giống nhau, chỉ có vài món đơn sơ và không ngon. 
Bãi tắm phải đi xe ra, rất nhiều rác, không có nhân viên cứu hộ. 
Khách sạn sửa chữa các phòng bên gây ồn liên tục. Rất ồn!
Tuy nhiên, nhân viên rất dễ thương.",Muong Thanh Luxury Phu Quoc Hotel,https://www.traveloka.com/en-vn/hotel/vietnam/muong-thanh-luxury-phu-quoc-hotel-3000010030791
143,tuyệt vời. hồ bơi rộng 500m2 có jaccuzi,Muong Thanh Luxury Phu Quoc Hotel,https://www.traveloka.com/en-vn/hotel/vietnam/muong-thanh-luxury-phu-quoc-hotel-3000010030791
144,"Nhận xét đơn giản:
- Khách sạn đẹp, phòng sạch sẽ từ chỗ ngủ đến toilet
- Nhân viên rất thân thiện và năng động
- Giá phòng tốt cho những ngày trong tuần, không thuộc mùa cao điểm
- Hồ bơi tốt
- Gần biển, bãi biển rất sạch, đẹp.
- Vị trí phù hợp với nhu cầu nghỉ dưỡng, vì khá xa trung tâm.",Muong Thanh Luxury Phu Quoc Hotel,https://www.traveloka.com/en-vn/hotel/vietnam/muong-thanh-luxury-phu-quoc-hotel-3000010030791
145,"Mình ở 2 đêm ở đây. Vì đi vào dịp lễ, và không đặt trước nên đêm đầu tiên mình ở phòng deluxe king và đêm thứ 2 thì ở suite. 
Mình thấy phòng king là ok, không gian rộng rãi thoải mái, nhìn hài hoà với giá tiền hợp lí khoảng 1 triệu 8 / đêm giá này ok.
Đêm thứ 2 ở suite gần gia gấp đôi phòng king, và tất nhiên diện tích cũng gấp đôi, mà mình thấy phòng này thiết kế không hay, không gian quá rộng mà không trang bị nội thất hợp lí làm cho cảm giác trống trãi, chỉ được mỗi cái bồn tắm có massage cho 2 người, như bỏ tiền để vô massage thôi chứ phòng mình không thích và phí tiền. 
Đồ ăn ở đây rất ok, với giá cả cũng hợp lí nhưng thực đơn không phong phú lắm.
Bãi biển không đẹp không thích hợp để tắm đâu ra ngắm thì cũng tạm được. Khách sạn sẽ có xe điện để đưa ra biển, mình đi vào buổi tối nên xe bị kẹt, lúc đi thì ra liền còn về fai đợi gàn 45' mà trong khi gọi nhân viên thì cứ 5' nua tới 5' nữa tới. Bạn mình thì không đi bộ được nên mới muốn đi xe về khách sạn, nếu bên khách sạn nói họ đang bận thì mình đi taxi vè cho rồi, vì bãi biển về khách sạn chừng 5' đi xe thôi.
Hồ bơi đẹp mà mỗi cai nó nằm ngay trước sảnh rất đông người qua lại nên mình không thích lắm.
Nhân viên nhiệt tình dễ thương.",Muong Thanh Luxury Phu Quoc Hotel,https://www.traveloka.com/en-vn/hotel/vietnam/muong-thanh-luxury-phu-quoc-hotel-3000010030791
146,"View đẹp, thái độ phục vụ chuyên nghiệp, thân thiện",Muong Thanh Luxury Phu Quoc Hotel,https://www.traveloka.com/en-vn/hotel/vietnam/muong-thanh-luxury-phu-quoc-hotel-3000010030791
147,"Nhân viên lịch sự, nhã nhăn. Dịch vụ khách sạn tốt",Muong Thanh Luxury Phu Quoc Hotel,https://www.traveloka.com/en-vn/hotel/vietnam/muong-thanh-luxury-phu-quoc-hotel-3000010030791
148,Đảm bảo với mức tiền như vậy là hợp lý ,Muong Thanh Luxury Phu Quoc Hotel,https://www.traveloka.com/en-vn/hotel/vietnam/muong-thanh-luxury-phu-quoc-hotel-3000010030791
149,"Khách sạn nằm ở khu khá biệt lập, khá buồn tẻ, xung quanh không có nơi để ăn uống, mua sắm. Bãi biển thì hơi xa, không đẹp, rất ít người tắm, có nhiều sứa biển nên khi tắm sẽ bị ngứa...",Muong Thanh Luxury Phu Quoc Hotel,https://www.traveloka.com/en-vn/hotel/vietnam/muong-thanh-luxury-phu-quoc-hotel-3000010030791
150,"Khách sạn dich vu tot, phuc vu tot, do an ngon, bai dien cach 100m co dich vu dua don free, bien dep",Muong Thanh Luxury Phu Quoc Hotel,https://www.traveloka.com/en-vn/hotel/vietnam/muong-thanh-luxury-phu-quoc-hotel-3000010030791
151,"Tuyệt vời, phòng đẹp, không gian sang trọng, nhân viên nhiệt tình. điểm trừ là ra biển đi bộ hơi xa, hơi bất tiện, nhưng bù lại khách sạn có xe điện đưa đón.",Muong Thanh Luxury Phu Quoc Hotel,https://www.traveloka.com/en-vn/hotel/vietnam/muong-thanh-luxury-phu-quoc-hotel-3000010030791
152,,Muong Thanh Luxury Phu Quoc Hotel,https://www.traveloka.com/en-vn/hotel/vietnam/muong-thanh-luxury-phu-quoc-hotel-3000010030791
153,"Khách sạn thoải mái, phòng đẹp, nhân viên dễ thương, nhà hàng an thới ăn rất ngon 
Sẽ quay lại đây vào dịp tới.",Muong Thanh Luxury Phu Quoc Hotel,https://www.traveloka.com/en-vn/hotel/vietnam/muong-thanh-luxury-phu-quoc-hotel-3000010030791
154,"Chất lượng phục vụ ko nhiệt tình, hỗ bơi bẩn, bãi tắm dơ...! Tiêu chuẩn 3 sao xứng đánh hơn",Muong Thanh Luxury Phu Quoc Hotel,https://www.traveloka.com/en-vn/hotel/vietnam/muong-thanh-luxury-phu-quoc-hotel-3000010030791
155,"Khách sạn rất tuyệt vời, ông bạn mình nói có cơ hội quay lại đây cũng sẽ ở khách sạn này, giá cả tốt, lúc mình đặt chỉ có 1,5 triệu thôi",Muong Thanh Luxury Phu Quoc Hotel,https://www.traveloka.com/en-vn/hotel/vietnam/muong-thanh-luxury-phu-quoc-hotel-3000010030791
156,"Nhân viên rất chu đáo, lịch sự. Phòng rất đẹp, sạch sẽ.",Muong Thanh Luxury Phu Quoc Hotel,https://www.traveloka.com/en-vn/hotel/vietnam/muong-thanh-luxury-phu-quoc-hotel-3000010030791
157,"Khách sạn chỉ ở mức ổn, nhân viên có người rất nhiệt tình, có người thái độ không tốt. Khi mình check out phòng, nhân viên báo là mình dùng 2 chai nước suối nhưng đúng là mình không dùng. Họ gọi điện thoại nhân viên kiểm tra phòng và nói là sẽ đem chai nước không nếu có xuống làm chứng sau đó nhân viên bắt mình đợi khá lâu và không lại thông báo mình đã kiểm xong mà mình phải tự lại hỏi! Mong lần sau khách sạn nên cử người dắt khách lên phòng và trước khi giao phòng nên kiểm tra kĩ mini bar tại phòng để tránh hiểu lầm cho khách!",Muong Thanh Luxury Phu Quoc Hotel,https://www.traveloka.com/en-vn/hotel/vietnam/muong-thanh-luxury-phu-quoc-hotel-3000010030791
158,"Khách sạn sạch đẹp, buffet không phong phú và khá dở. Khách sạn khá xa trung tâm. Khoảng 20p đi xe hơi. Mặc khác, ở gần khách sạn cũng không có nhiều chỗ ăn uống. Chỉ có thể ăn ở vài nhà hàng gần đó và nhà hàng trong khách sạn. Giá cả thì phù hợp với khách sạn, thức ăn ngon. Chất lượng dịch vụ tốt. Khách sạn không có bãi biển riêng, nhưng có xe đưa đón ra bãi biển, sân bay và chợ đêm.",Muong Thanh Luxury Phu Quoc Hotel,https://www.traveloka.com/en-vn/hotel/vietnam/muong-thanh-luxury-phu-quoc-hotel-3000010030791
159,Phuc vu chu dao than thien phong sach dep,Muong Thanh Luxury Phu Quoc Hotel,https://www.traveloka.com/en-vn/hotel/vietnam/muong-thanh-luxury-phu-quoc-hotel-3000010030791
160,"Mình thấy đây là một nơi khá oke rồi. Các trung tâm thành phố không xa và rất gần với sân bay PQ. Nhân viên thì cực kỳ chu đáo và tận tâm, nhất là một bạn lễ tân tên Phi. Tuy mình có đặt phòng view biển cho 2 người nhưng cũng chỉ được side view biển thôi. Nói chung khá oke nhé. Đồ ăn sáng thì phù hợp, không quá nhiều cũng không quá ít. Có một số điểm trừ về việc khách sạn hơi cũ, ví dụ như TV hay là phòng tắm. Mình mong khách sạn có thể cải thiện đồ đạc cho dù mình có phải bỏ thêm tiền ra, Nhưng với số tiền này thì quá phù hợp rồi nhé.",The Palmy Phu Quoc Resort & Spa,https://www.traveloka.com/en-vn/hotel/vietnam/the-palmy-phu-quoc-resort--spa-3000020008174
161,"Điểm cộng: resort có 3 hồ bơi, cả 3 đều view đẹp. Phòng rộng. Nhà ăn rộng, view nhìn ra hồ bơi và biển. Địa điểm thuận tiện, gần sân bay. Sảnh chờ rộng, đẹp, mát mẻ. Điểm trừ: vệ sinh phòng không sạch, đi nhám chân, dọn phòng hình như cũng chỉ lau sơ phòng, thay drap. Nhà tắm không có vách kính kín nên tắm sẽ văng nước ra ướt át, dễ bẩn. Đường đi vào resort có 1 cống nước to, nên bị hôi.",The Palmy Phu Quoc Resort & Spa,https://www.traveloka.com/en-vn/hotel/vietnam/the-palmy-phu-quoc-resort--spa-3000020008174
162,"Khách sạn 4 sao nhưng xuống cấp trầm trọng, biển không tắm được, đường đi xuống biển bằng cầu thang gỗ nhìn không an toàn. Buffet sáng thì ngày nào cũng như nhau, nhìn khá tệ. Muỗi rất nhiều luôn, có trẻ con là bé không ngủ được. Nhân viên thiếu chuyên nghiệp. Nói chung là không bao giờ quay trở lại.",The Palmy Phu Quoc Resort & Spa,https://www.traveloka.com/en-vn/hotel/vietnam/the-palmy-phu-quoc-resort--spa-3000020008174
163,"Tôi đã có 1 khoản thời gian trải nghiệm không mấy tốt ở khách sạn, nhân viên lễ tân không đủ nghiệp vụ để thông tin đến khách hàng các dịch vụ của phòng. Khi nhận phòng đã đặt trên app traveloka đã hiển thị 1 giường đôi, nhưng nhân viên lễ tân báo là không ghi yêu cầu đặc biệt là 1 giường nên sắp phòng ngẫu nhiên, sau khi có phòng để đổi nhân viên cũng không thông báo với khách, chờ lâu mình hỏi thì báo có rồi. Được hỗ trợ đổi phòng thì bạn không thông báo phần nước suối trà hoặc các sản phẩm trong phòng cái nào miễn phí hoặc có tính tiền, mình đặt có ăn sáng bạn cũng không thông báo giờ ăn và giờ kết thúc buffet sáng, phần thái độ nhân viên lễ tân chưa được vui vẻ, niềm nở khi gặp khách. Mình chỉ thất vọng về phần khách sạn còn lại chuyển đi Phú Quốc rất tốt, đáng trải nghiệm vui chơi.",The Palmy Phu Quoc Resort & Spa,https://www.traveloka.com/en-vn/hotel/vietnam/the-palmy-phu-quoc-resort--spa-3000020008174
164,Phòng cũ không như trên giới thiệu. Có 3 Hồ bơi mà tu sữa hết cái hồ bơi view đẹp nhất. 2 cái hồ bơi còn lại thì bị mẻ gạch lam nham nhiều chổ. Buffet sáng thì không được giữ ấm. Trái cây không có đồ đậy bị ruồi giấm đậu vào nhiều. Không đảm bảo vệ sinh an toàn thực phẩm. Mẹ mình ăn 1 tô bún mà bị trúng thực ngay sau đó. Resort chưa đạt chuẩn 4 sao như giới thiệu. Mong resort cải thiện thêm. Được cái nhân viên nhiệt tình và dễ thương.,The Palmy Phu Quoc Resort & Spa,https://www.traveloka.com/en-vn/hotel/vietnam/the-palmy-phu-quoc-resort--spa-3000020008174
165,"Đợt đặt phòng mình thấy có rất nhiều phản hồi cực kỳ tiêu cực về bên resort nên cũng hơi rén như là phòng bẩn bụi cát, phòng có mùi. Sau 2 hôm trải nghiệm mình thấy cũng không đến nỗi, mọi thứ đều ổn ngoại trừ việc có 3 bể bơi mà không cái nào bơi được vì nước quá bẩn, bên cạnh có công trình thi công nhưng đợt mình đi không đến mức ồn gây ảnh hưởng. Mình nghĩ nếu bể bơi hiện tại không bơi được khách sạn nên rút hết nước để khỏi muỗi ạ.",The Palmy Phu Quoc Resort & Spa,https://www.traveloka.com/en-vn/hotel/vietnam/the-palmy-phu-quoc-resort--spa-3000020008174
166,"Phòng giống hình, rộng rãi, tiện đi lại ăn uống",The Palmy Phu Quoc Resort & Spa,https://www.traveloka.com/en-vn/hotel/vietnam/the-palmy-phu-quoc-resort--spa-3000020008174
167,"Chất lượng phòng và dịch vụ không tốt. Xung quanh khách sạn đang xây dựng, sửa chữa rất nhiều",The Palmy Phu Quoc Resort & Spa,https://www.traveloka.com/en-vn/hotel/vietnam/the-palmy-phu-quoc-resort--spa-3000020008174
168,"Mưa nước dột phòng, nhờ nhân viên lên kiểm tra đổi phòng thì ì ạch. Phải gọi 2 lần mới có 2 nhân viên lên. Lúc lên 1 nhân viên đồng ý đổi phòng, nhân viên còn lại thì nói để lau nước cho khô. Mình hỏi lau nước khô rồi xíu nữa mưa tiếp, nước chảy lênh láng tiếp thì lại gọi nhân viên lên dọn phòng đúng không, rất bất tiện cho mình khi đi nghỉ dưỡng mà gặp trường hợp như này. Sau đó nhân viên mới đồng ý đổi cho mình sang phòng khác. Khung cảnh xung quanh thì hoang tàn, mình không muốn nói thêm, mọi người có thể nhìn ảnh.",The Palmy Phu Quoc Resort & Spa,https://www.traveloka.com/en-vn/hotel/vietnam/the-palmy-phu-quoc-resort--spa-3000020008174
169,Dịch vụ không tốt; đồ ăn sáng ngày nào cũng có mấy món,The Palmy Phu Quoc Resort & Spa,https://www.traveloka.com/en-vn/hotel/vietnam/the-palmy-phu-quoc-resort--spa-3000020008174
170,"Phòng khá cũ, sàn nhà khá bụi. Khu vực nhà ăn khá hôi, dơ. Phòng thì cách âm không tốt, ở 3 đêm không đêm nào ngủ ngon giấc Thường xuyên hết nước. View khách sạn đẹp, đồ ăn sáng cũng ổn.",The Palmy Phu Quoc Resort & Spa,https://www.traveloka.com/en-vn/hotel/vietnam/the-palmy-phu-quoc-resort--spa-3000020008174
171,1 là hồ bơi quá củ o máy sạch .2 là khách sạn o có máy nước nóng kêu dùng năng lượng mặt trời xã bao lâu vẫn lạnh thế,The Palmy Phu Quoc Resort & Spa,https://www.traveloka.com/en-vn/hotel/vietnam/the-palmy-phu-quoc-resort--spa-3000020008174
172,"Lúc đến rất ưng. Từ nhận phòng, bể bơi. Nhưng đi chơi 9 rưỡi về phòng thì đèn phòng không mở đc. Gọi nhân viên rồi nhưng mãi không thấy ai lên xem . Mò mẫm nhờ đèn nhà tắm và nhà vệ sinh. Hơi thất vọng.",The Palmy Phu Quoc Resort & Spa,https://www.traveloka.com/en-vn/hotel/vietnam/the-palmy-phu-quoc-resort--spa-3000020008174
173,"Nhiều muỗi, phòng cách âm kém, hồ bơi chỉ để chụp ảnh thôi chứ không thể bơi vì vừa sâu lại bị bẩn người khi dựa vào thành bể. Và đặc biệt khách sạn này không có bãi cát tắm vì đã xây ra tận bên ngoài",The Palmy Phu Quoc Resort & Spa,https://www.traveloka.com/en-vn/hotel/vietnam/the-palmy-phu-quoc-resort--spa-3000020008174
174,Trên cả tuyệt vời. Bữa sáng đầy đủ tiếp tân thân thiên xe cộ ngon lành nói chung ok 5*,The Palmy Phu Quoc Resort & Spa,https://www.traveloka.com/en-vn/hotel/vietnam/the-palmy-phu-quoc-resort--spa-3000020008174
175,"Rất tuyệt vời. Phòng rất sạch sẽ, sẽ quay lại thuê nếu đi du lịch tiếp.",The Palmy Phu Quoc Resort & Spa,https://www.traveloka.com/en-vn/hotel/vietnam/the-palmy-phu-quoc-resort--spa-3000020008174
176,Khách sạn xuống cấp không tương xứng 4 sao. Trên ảnh lung linh nhưng cơ sở vật chất không còn tốt. Việc sửa chữa làm ảnh hưởng đến không gian nghỉ ngơi. Hỗ trợ của nhân viên cũng không nhiệt tình.,The Palmy Phu Quoc Resort & Spa,https://www.traveloka.com/en-vn/hotel/vietnam/the-palmy-phu-quoc-resort--spa-3000020008174
177,Tệ ! Bên The palmy đang sửa chữa. Bên khách ở là bên đối diện thực tế là An Nhiên. Nhân viên thì không có. Kêu miễn phí ăn sáng nhưng sáng xuống ăn thì có vài cái bánh mì với mì tôm? Chỗ nhà ăn nhìn thì mất vệ sinh. Bể bơi thì rất bẩn... nói chung là khôbg thể chấp nhận. Lần đầu tiên phải đánh giá không hay cho 1 sp dịch vụ,The Palmy Phu Quoc Resort & Spa,https://www.traveloka.com/en-vn/hotel/vietnam/the-palmy-phu-quoc-resort--spa-3000020008174
178,"Khách sạn vô cùng đẹp, gia đình mình đặt phòng view biển nên buổi sáng rất đẹp, phòng sạch và tiện nghi, buffet sáng ăn ổn. Lễ tân và nhân viên thì siêu thân thiện và hỗ trợ nhiệt tình. Người thân mình để quên airpod tại phòng, sau khi lên máy bay về Sài Gòn mới nhớ ra là để quên nhưng bạn lễ tân vẫn hỗ trợ chuyển máy bằng GHN cho mình.",The Palmy Phu Quoc Resort & Spa,https://www.traveloka.com/en-vn/hotel/vietnam/the-palmy-phu-quoc-resort--spa-3000020008174
179,"Đường vào khách sạn thì bẩn, ổ gà tung toé vì có 1ksan bên cạnh đang xây. Lúc đến checkin thì cs1 bảo trì nên lễ tân chuyển cho sang ở cs2 đối diện. Phòng bé, nhà vsinh + phòng tắm thì bé xíu. Cách âm kém, 11h đêm đang ngủ thì cứ nghe phòng bên trên như kiểu kê giường, 2 đêm đều như vậy, nằm trong phòng còn nghe tiếng bước chân bên ngoài. Tối ngủ thì cứ nghe tiếng côn trùng bên ngoài kêu rất to vì phía trước là bãi cỏ hoang rồi mới đến biển. Đồ ăn sáng thì ngày nào cũng như nhau, vài món thôi, dưa hấu thì thiu. Chỉ có đúng 1 lễ tân kiêm phục vụ, không có beltmen để xách vali cho khách Thực sự rất tệ. khách sạn 4* mà như 2* thôi",The Palmy Phu Quoc Resort & Spa,https://www.traveloka.com/en-vn/hotel/vietnam/the-palmy-phu-quoc-resort--spa-3000020008174
180,"Phòng hôi, hành lang đèn tắt tối thôi không tìm thấy số phòng đâu. Khách sạn chỉ để 2 sao thôi. Nói chung tất cả mọi trải nghiệm đều kém",The Palmy Phu Quoc Resort & Spa,https://www.traveloka.com/en-vn/hotel/vietnam/the-palmy-phu-quoc-resort--spa-3000020008174
181,"Khách sạn bẩn, ồn, công trình của khách sạn xây dựng bên cạnh đập ầm ầm đến 8-9 h đêm cho dù là cuối tuần, không thể ngủ được. Mình đặt phòng 2 đêm và đã thanh toán tiền nhưng phải bỏ và chuyển qua khách sạn khác ở . Sảnh tiếp đón không phục vụ chu đáo, không đúng tầm và giá của khách sạn 4 sao. Thẻ khóa vào phòng thì đổi 3-4 lần mà cũng ko xử lý xong . Mỗi lần ra ngoài là ko mở cửa được Buổi tối 8h30 mình hỏi có phục vụ đồ ăn ko báo là ko do mưa, hỏi có mì ly ko thì là báo là ko phục vụ. May nhờ có bạn nhân viên hỗ trợ ship giúp hộp cơm. Nói chung là trải nghiệm rất rất tệ.",The Palmy Phu Quoc Resort & Spa,https://www.traveloka.com/en-vn/hotel/vietnam/the-palmy-phu-quoc-resort--spa-3000020008174
182,khách sạn đẹp. nhân viên thân thiện,The Palmy Phu Quoc Resort & Spa,https://www.traveloka.com/en-vn/hotel/vietnam/the-palmy-phu-quoc-resort--spa-3000020008174
183,"Phòng cũ, nhân viên không nhiệt tình, hồ bơi 3 hồ thì 2 hồ dơ",The Palmy Phu Quoc Resort & Spa,https://www.traveloka.com/en-vn/hotel/vietnam/the-palmy-phu-quoc-resort--spa-3000020008174
184,"Tệ nha. Rất tiếc phải đánh giá tệ cho địa điểm này vì tệ từ lễ tân check in, dịch vụ lưu trú ăn uống, sàn nhà dơ, mọi thứ đều cũ và xuống cấp. Rất hối hận vì đã book phòng ở đây.",The Palmy Phu Quoc Resort & Spa,https://www.traveloka.com/en-vn/hotel/vietnam/the-palmy-phu-quoc-resort--spa-3000020008174
185,"Khu vực ăn sáng dơ và cũ so với hình ảnh trên trang đã đặt, phòng cách âm không tốt bị ồn",The Palmy Phu Quoc Resort & Spa,https://www.traveloka.com/en-vn/hotel/vietnam/the-palmy-phu-quoc-resort--spa-3000020008174
186,"Resort có đón khách ở sân bay nhưng chỉ từ 8-5h , mình đến lúc 9h phải tự kiếm xe về khách sạn, khuôn viên thì không đẹp",The Palmy Phu Quoc Resort & Spa,https://www.traveloka.com/en-vn/hotel/vietnam/the-palmy-phu-quoc-resort--spa-3000020008174
187,"Phòng dơ đầy cát, nhân viên lễ tân rất tệ",The Palmy Phu Quoc Resort & Spa,https://www.traveloka.com/en-vn/hotel/vietnam/the-palmy-phu-quoc-resort--spa-3000020008174
188,"Khách sạn cũ, mùi ẩm mốc, có côn trùng , mình đã mất ngủ đến 3h sáng phải bật điều hoà 18 độ , trùm kín chăn mới ngủ được , sáng ra ăn sáng thì không có gì ăn luôn, gặp đoàn khách đông vợt hết đồ ăn, không có sự chuẩn bị , ngồi gần 30 phút rồi chưa được ăn sáng. Quảng cái 4* nhưng chỉ hợp tiêu chuẩn 2*.",The Palmy Phu Quoc Resort & Spa,https://www.traveloka.com/en-vn/hotel/vietnam/the-palmy-phu-quoc-resort--spa-3000020008174
189,"Thái độ nhân viên tiếp nhận phàn nàn kém chuyên nghiệp và mất lịch sự , phòng có mùi ẩm mốc , nền bẩn, có côn trùng , đồ ăn sáng phải đợi rất lâu mới mang ra. Khi yêu cầu thay vỏ ga gối thì nhân Viên thấy tỏ thái độ khó chịu , mình đặt 3 đêm nhưng phải trả phòng trước vì không thể ở thêm. Cách âm kém, bẩn bụi. Hợp với tiêu chuẩn nhà nghỉ hoặc khách sạn 2*.",The Palmy Phu Quoc Resort & Spa,https://www.traveloka.com/en-vn/hotel/vietnam/the-palmy-phu-quoc-resort--spa-3000020008174
190,Khach san qua te khong dung voi yeu cau dat phong luc dau,The Palmy Phu Quoc Resort & Spa,https://www.traveloka.com/en-vn/hotel/vietnam/the-palmy-phu-quoc-resort--spa-3000020008174
191,"Phòng bẩn, phục vụ rất tệ, ăn sáng qua loa, điều hoà ồn như công nông, phòng hôi nữa.",The Palmy Phu Quoc Resort & Spa,https://www.traveloka.com/en-vn/hotel/vietnam/the-palmy-phu-quoc-resort--spa-3000020008174
192,Khách sạn cũ không giống như hình chụp trên trang. Không đúng tiêu chuẩn 4 sao. khách sạn vào hẻm đang xây dựng nên bụi rất nhiều. Buffet sáng thì ít quá mà khách đoàn lại đông không đủ phục vụ. Nói chung không hài lòng với tiêu chuẩn resort 4 sao,The Palmy Phu Quoc Resort & Spa,https://www.traveloka.com/en-vn/hotel/vietnam/the-palmy-phu-quoc-resort--spa-3000020008174
193,"khách sạn có nhiều view đẹp phục vụ chu đáo phòng không gian khá tốt,chỉ có điều món ăn cho bữa sáng không hài lòng chỉ có món nước ngon và món lagu ngon còn lại thi k, nhưng như vậy cũng ổn khi đang vào mùa du lịch giá cả phải chăng nữa vì vậy tôi đánh giá 4 ⭐️ 👍",The Palmy Phu Quoc Resort & Spa,https://www.traveloka.com/en-vn/hotel/vietnam/the-palmy-phu-quoc-resort--spa-3000020008174
194,"không có nước, hành lang không có đèn, quá tối tăm. Thái độ lễ tân không chuyên nghiệp, nghiêm túc. Không hề có cảm giác resort 4 sao. Bãi biển sâu, sóng to.",The Palmy Phu Quoc Resort & Spa,https://www.traveloka.com/en-vn/hotel/vietnam/the-palmy-phu-quoc-resort--spa-3000020008174
195,"Khách sạn sạch sẽ, phòng thơm tho, nhân viên nhiệt tình. Nhưng ăn sáng buffe không đa dạng và không ngon, khi hỏi nhân viên nhà hàng không niềm nở và vui vẻ.",The Palmy Phu Quoc Resort & Spa,https://www.traveloka.com/en-vn/hotel/vietnam/the-palmy-phu-quoc-resort--spa-3000020008174
196,Thật may mắn khi đi vào mùa mưa nhưng 3 hôm nắng đẹp. Khách sạn khá là ưng. Lần sau sẽ ủng hộ,The Palmy Phu Quoc Resort & Spa,https://www.traveloka.com/en-vn/hotel/vietnam/the-palmy-phu-quoc-resort--spa-3000020008174
197,"Khách sạn đưa không đúng loại phòng đã đặt, đặt phòng Twin view biển mà đưa phòng double view garden",The Palmy Phu Quoc Resort & Spa,https://www.traveloka.com/en-vn/hotel/vietnam/the-palmy-phu-quoc-resort--spa-3000020008174
198,"Nhân viên tiếp tân không chuyên nghiệp, dọn phòng cũng đợi nhắc, hồ bơi trước biển rong rêu không tắm được, buffet sáng cũng không ngon, tôi hoàn toàn thất vọng khi ở đây.",The Palmy Phu Quoc Resort & Spa,https://www.traveloka.com/en-vn/hotel/vietnam/the-palmy-phu-quoc-resort--spa-3000020008174
199,nhân viên khách sạn nhiệt tình,The Palmy Phu Quoc Resort & Spa,https://www.traveloka.com/en-vn/hotel/vietnam/the-palmy-phu-quoc-resort--spa-3000020008174
200,"Ở trung tâm PQ, chỗ ở sạch sẽ, nhân viên thân thiện, chu đáo, ngay sát biển nên view khá đẹp ( sáng có thể chạy ra tắm biển), buffet buổi sáng cũng tạm ổn. Đánh giá 8/10đ",The Palmy Phu Quoc Resort & Spa,https://www.traveloka.com/en-vn/hotel/vietnam/the-palmy-phu-quoc-resort--spa-3000020008174
201,"Phòng cách âm kém, ồn, đồ ăn sáng không ngon. Bãi biển bẩn. Gọi nhân viên hỗ trợ nhưng không được",The Palmy Phu Quoc Resort & Spa,https://www.traveloka.com/en-vn/hotel/vietnam/the-palmy-phu-quoc-resort--spa-3000020008174
202,"Hầu như đều ổn, nhânviên lễ tân nhiệt tình. trừ một số điểm cần lưu ý: -Nước phòng tắm khá là yếu, chỉnh vòi sen và vòi tắm trên khó. Nước xả bồn cầu yếu, xả mấy lần mới đi. - Món sáng cứ lặp đi lặp lại không thay đổi hàng ngày - Điều hoà ban đêm kêu cạch cạch, đi chơi mệt nên vẫn lăn ra ngủ tốt. - Chỉ đưa đón sân bay 1 chiều. - Bể bơi khá bẩn, lúc mình đi hai hôm không tắm nổi, hôm cuối resort mới khử clo bể. chắc do mình đi không đúng dịp. - Phòng cách âm hơi kém. - Resort thi công lắt nhắt, nên rất ồn ào. (còn nữa những công nhân thi công khá là bất lịch sự, hay trêu khách của resort mỗi khi đi qua những chỗ thi công ngổn ngang, cái này thì không nằm trong dịch vụ của kháchsạn nên mình chỉ nói thêm. ).",The Palmy Phu Quoc Resort & Spa,https://www.traveloka.com/en-vn/hotel/vietnam/the-palmy-phu-quoc-resort--spa-3000020008174
203,"Phòng nhiều muỗi và không có cách âm, khách đoàn nhiều, ban ngày cực ồn do đang xây dựng kế bên, buffet sáng thì lập đi lập lại, nhân viên thiếu chuyên nghiệp, 2h30 nhận phòng mà đứng đợi nửa tiếng đồng hồ trong khi trời nóng",The Palmy Phu Quoc Resort & Spa,https://www.traveloka.com/en-vn/hotel/vietnam/the-palmy-phu-quoc-resort--spa-3000020008174
204,"Xin chào, mình đặt phòng giường đôi nhưng khi nhận phòng lần đầu tiên thì mình được nhận phòng 2 giường, rác không đổ và nước không thay mới. Xuống làm việc với lễ tân thì được chuyển sang phòng khác 1 giường đôi nhưng chất lượng phòng không như mong đợi khi cần defect nhiều chỗ trong phòng. Thanks",The Palmy Phu Quoc Resort & Spa,https://www.traveloka.com/en-vn/hotel/vietnam/the-palmy-phu-quoc-resort--spa-3000020008174
205,"Phòng giống hình rộng rãi, sạch sẽ, đồ ăn sáng ngon nhưng hơi ít món",The Palmy Phu Quoc Resort & Spa,https://www.traveloka.com/en-vn/hotel/vietnam/the-palmy-phu-quoc-resort--spa-3000020008174
206,"Mình thấy rất không hài lòng, khi mà ăn sáng mình muốn ngồi bàn sát biển ngắm cho đẹp nên đã hỏi nhỏ bạn nhân viên mặc áo tím đang dọn bàn là “chị ơi chị dọn giúp em cái bàn kia em ngồi đó được ko?”... không ngờ bị phớt lờ mình đi ra chỗ khác, xong mình mới hỏi lại “được không chị?” Thì bạn đó trả lời “đây không có rảnh đâu chị ơi” - kèm cái thái độ rất khinh thường. Ủa, là sao? Mình mới bực mình nói là “sao cơ? Em hỏi chị được ko? Mà chị trả lời kiểu gì thế, được hay không thì nói 1 câu, mình trả tiền để sử dụng khách sạn chứ mình có ở chui lủi hay đi xin ở đâu. Sáng hôm đó rất bực mình tính làm cho ra chuyện nhưng chồng bảo thôi lần sau không book nữa là được, bỏ đi. Chả hiểu nổi thay vì trả lời thế có thể nói mình lại đó ngồi chờ chút dọn cũng được vậy. Thấy không hài lòng.",The Palmy Phu Quoc Resort & Spa,https://www.traveloka.com/en-vn/hotel/vietnam/the-palmy-phu-quoc-resort--spa-3000020008174
207,Nói chung ổn ngoài vị trí hơi khuất,The Palmy Phu Quoc Resort & Spa,https://www.traveloka.com/en-vn/hotel/vietnam/the-palmy-phu-quoc-resort--spa-3000020008174
208,"- Gần sân bay, điểm đón xe bus vinpearl - Trước khi đi mình có liên hệ về việc đón tại sân bay, nhưng có vẻ khách sạn quên. Xuống máy bay mình phải gọi nhắc và cho thông tin lại. - Nhà hàng hiện không phục vụ bữa trưa. Buffet sáng ổn.",The Palmy Phu Quoc Resort & Spa,https://www.traveloka.com/en-vn/hotel/vietnam/the-palmy-phu-quoc-resort--spa-3000020008174
209,"Phòng cũ, vòi nước nóng khó điều chỉnh từ vòi trên đầu sang vòi hoa sen. Thỉnh thoảng mất mạng và nước nóng, nhất là buổi tối. Nhân viên không nhiệt tình. Dọn đồ ăn mà không hỏi khách đã dùng hết Bể bơi đẹp.",The Palmy Phu Quoc Resort & Spa,https://www.traveloka.com/en-vn/hotel/vietnam/the-palmy-phu-quoc-resort--spa-3000020008174
210,"Sản khách sạn ẩm ướt, thang máy có rác không được lau dọn thường xuyên. Phòng tắm xuất hiện vết mốc và sàn bẩn",The Palmy Phu Quoc Resort & Spa,https://www.traveloka.com/en-vn/hotel/vietnam/the-palmy-phu-quoc-resort--spa-3000020008174
211,"Buffet sáng ít món, không ngon, không xứng với giá tiền. Hồ bơi nước không sạch.",The Palmy Phu Quoc Resort & Spa,https://www.traveloka.com/en-vn/hotel/vietnam/the-palmy-phu-quoc-resort--spa-3000020008174
212,Khách sạn 4 sao mà chắc chỉ như 3 sao thôi. Phòng ốc cũ. Bên cạnh đang thi công rất ồn. Mình đi mấy hôm thì hôm thì mất điện. Hôm thì sửa chữa ngay phòng trên từ sáng sớm đục khoan tường đủ thứ. Nói tóm lại là thất vọng,The Palmy Phu Quoc Resort & Spa,https://www.traveloka.com/en-vn/hotel/vietnam/the-palmy-phu-quoc-resort--spa-3000020008174
213,,The Palmy Phu Quoc Resort & Spa,https://www.traveloka.com/en-vn/hotel/vietnam/the-palmy-phu-quoc-resort--spa-3000020008174
214,"Vỡ mộng với khách sạn này! Mình book phòng lúc12 giờ trưa thì 7 giờ tới nhận phòng thì nhân viên cho 1 cái phòng khác không có bồn tắm rồi mình xuống nói lễ tân thì kêu đợi 1 tiếng mới đổi phòng cho. Trong phòng có mùi hôi. Phòng thì sàn bẩn không riêng phòng mà hành lang, lễ tân, thang máy kiểu nghìn năm không quét, nhân viên làm việc chậm chạp kiểu (Slow motion) làm việc thiếu chuyên nghiệp so với 1 khách sạn lớn như vậy như kiểu không được đào tạo ấy! Bữa sáng với cái menu nghèo nàn 2 ngày như nhau đồ ăn chán phèo! Giặt đồ đắt 3kg quần áo mà hơn 500k Mình sẽ không bao giờ quay lại nơi đây .",The Palmy Phu Quoc Resort & Spa,https://www.traveloka.com/en-vn/hotel/vietnam/the-palmy-phu-quoc-resort--spa-3000020008174
215,Đi chơi như chạy sô nên không chụp được tấm nào ở khách sạn. Nói chung là ổn áp. Đồ ăn sáng ok view bể bơi khá chill,The Palmy Phu Quoc Resort & Spa,https://www.traveloka.com/en-vn/hotel/vietnam/the-palmy-phu-quoc-resort--spa-3000020008174
216,"Ai chưa đi thì nên cân nhắc chọn resort này, cái này chắc resort 1* chứ 4* gì, không hiểu nổi cái tiêu chuẩn nào để đạt 4*, không có bãi biển để tắm, muốn tắm muốn chơi dưới biển phải lội bộ dưới nước qua khu resort khác, đồ ăn sáng thì dở, 2 ngày menu y chang nhau. Khác mỗi món nước, con đường đi qua khu ăn sáng thì bốc hôi của nước, còn rất nhiều thứ không hài lòng mà. Ai chưa đi thì lên google xem đánh giá nhé mn, kẻo phí tiền oan",The Palmy Phu Quoc Resort & Spa,https://www.traveloka.com/en-vn/hotel/vietnam/the-palmy-phu-quoc-resort--spa-3000020008174
217,"phòng bẩn, cách âm kém. Nhân viên ít, gọi điện xuống quầy lễ tân không được",The Palmy Phu Quoc Resort & Spa,https://www.traveloka.com/en-vn/hotel/vietnam/the-palmy-phu-quoc-resort--spa-3000020008174
218,Nhân viên lễ Tân phục vụ kém. Giao phòng không đúng với booking . Dịch vụ kém,The Palmy Phu Quoc Resort & Spa,https://www.traveloka.com/en-vn/hotel/vietnam/the-palmy-phu-quoc-resort--spa-3000020008174
219,Phòng cách âm kém. Khách ở quầy bar hay hồ bơi giỡn nói chuyện lớn sẽ nghe được hết và ảnh hưởng đến giấc ngủ,The Palmy Phu Quoc Resort & Spa,https://www.traveloka.com/en-vn/hotel/vietnam/the-palmy-phu-quoc-resort--spa-3000020008174
220,"Khach san nhieu muoi. Phong minh o ngay thang may, cach am không tot nen rat on. Khong the ngu duoc. Book don san bay nhung nhan vien không note lai, khi minh den noi thi không co nguoi don. Phai lien he khach san va doi. Minh book set up honeymoon nhung khach san cung không co dich vu ho tro. Kha that vong.",The Palmy Phu Quoc Resort & Spa,https://www.traveloka.com/en-vn/hotel/vietnam/the-palmy-phu-quoc-resort--spa-3000020008174
221,"Khách sạn mới xây, phòng đẹp, tuy nhiên hệ thống nước nóng không được ổn định cho lắm. Buổi tối nước thường không nóng. Tường cách âm cũng chưa được tốt, hơi ồn. Ai book khách sạn này vì view biển thì nên book, rất đẹp. Tuy nhiên về mức giá và dịch vụ thì chưa đạt được 4 sao",The Palmy Phu Quoc Resort & Spa,https://www.traveloka.com/en-vn/hotel/vietnam/the-palmy-phu-quoc-resort--spa-3000020008174
222,"Nhân viên nhiệt tình, có nhiều hồ bơi, không gian thoải mái. Có biển và view chụp hình biển rất đẹp. Đáng trải nghiệm",The Palmy Phu Quoc Resort & Spa,https://www.traveloka.com/en-vn/hotel/vietnam/the-palmy-phu-quoc-resort--spa-3000020008174
223,Khách sạn xếp phòng không đúng như đã đặt,The Palmy Phu Quoc Resort & Spa,https://www.traveloka.com/en-vn/hotel/vietnam/the-palmy-phu-quoc-resort--spa-3000020008174
224,"Bữa ăn sáng tại Resort nên bổ sung và thay đổi đồ ăn mỗi ngày cho phong phú. Mặt khác, đồ ăn nên lúc nào cũng hâm nóng. Tôi thường xuống lúc 8h30 thì khi đó đồ ăn đã nguội lạnh như cơm, cháo, mì.",The Palmy Phu Quoc Resort & Spa,https://www.traveloka.com/en-vn/hotel/vietnam/the-palmy-phu-quoc-resort--spa-3000020008174
225,View Khách sạn rất đẹp. Khách sạn phù hợp với gia tiền của khách hàng,The Palmy Phu Quoc Resort & Spa,https://www.traveloka.com/en-vn/hotel/vietnam/the-palmy-phu-quoc-resort--spa-3000020008174
226,,The Palmy Phu Quoc Resort & Spa,https://www.traveloka.com/en-vn/hotel/vietnam/the-palmy-phu-quoc-resort--spa-3000020008174
227,"Resort nhân viên lừa khách hàng chở vào Quán Kèo Thơm ăn để chặt chém. Lễ tân thì không thiện cảm, có phòng cũng không cho khách nhận phòng trước. Lúc hỏi thì có đưa đón sân bay. Nghỉ xong thì nói chỉ đưa or đón (1 lần). Nói chuyện thái độ là quầy lễ tân có dán bảng. Dán tờ giấy A4 nhỏ xíu ở góc. Resort đang xây bẩn, đồ ăn sáng cũng không ngon. Hồ bơi mọc rêu. Nói chung là không đáng để ở và quay lại",The Palmy Phu Quoc Resort & Spa,https://www.traveloka.com/en-vn/hotel/vietnam/the-palmy-phu-quoc-resort--spa-3000020008174
228,"Nhân viên thân thiện, mà mọi thứ không như trên ảnh đâu ạ 😂ở ngoài bt không đẹp và cũng không có bãi biển riêng. Buffet sáng không ngon, ngày nào cx như vậy ý",The Palmy Phu Quoc Resort & Spa,https://www.traveloka.com/en-vn/hotel/vietnam/the-palmy-phu-quoc-resort--spa-3000020008174
229,"tôi có một kì nghỉ tuyệt vời tại đây. nhân viên tận tâm hết lòng vì khách hàng, ân cần chu đáo",The Palmy Phu Quoc Resort & Spa,https://www.traveloka.com/en-vn/hotel/vietnam/the-palmy-phu-quoc-resort--spa-3000020008174
230,"Khách sạn sạch sẽ, tiện nghi, view đẹp, trang bị đầy đủ những vật dụng cần thiết. Hồ bơi sân thượng tuyệt vời!!!",The Palmy Phu Quoc Resort & Spa,https://www.traveloka.com/en-vn/hotel/vietnam/the-palmy-phu-quoc-resort--spa-3000020008174
231,"Phòng ngủ có nhiều muỗi, ăn sáng đơn điệu hôm nào cũng giống nhau, nhân viên không hiệt tình",The Palmy Phu Quoc Resort & Spa,https://www.traveloka.com/en-vn/hotel/vietnam/the-palmy-phu-quoc-resort--spa-3000020008174
232,"Tuy khách sạn đang sửa chữa mặt sau nên đường vào có hơi xấu nhưng đây là 1 khách sạn sát bờ biển rất chill, buổi sáng trước khi ăn có thể ra biển bơi rồi về ăn sáng Có hẳn 3 bể bơi cho chị em tha hồ bikini sống ảo,! Khách sạn đẹp, gần sây bay cũng như trung tâm, thuê xe máy đi lại rất tiện nha! Buổi tối dạo mát quá hợp, đặt app rẻ hơn đặt trực tiếp à Đưa tạm ảnh chồng lên cho dễ hình dung :))",The Palmy Phu Quoc Resort & Spa,https://www.traveloka.com/en-vn/hotel/vietnam/the-palmy-phu-quoc-resort--spa-3000020008174
233,"Thái độ phục vụ nhân viên không tốt, dịch vụ chậm trễ,thực đơn không có sự thay đổi",The Palmy Phu Quoc Resort & Spa,https://www.traveloka.com/en-vn/hotel/vietnam/the-palmy-phu-quoc-resort--spa-3000020008174
234,- phòng bẩn - hồ bơi bẩn - sàn bẩn - đường xuống biển thì nước cống chảy - không có bãi biển riêng Quá tệ,The Palmy Phu Quoc Resort & Spa,https://www.traveloka.com/en-vn/hotel/vietnam/the-palmy-phu-quoc-resort--spa-3000020008174
235,"Buffet sáng rất sơ sài, không ngon",The Palmy Phu Quoc Resort & Spa,https://www.traveloka.com/en-vn/hotel/vietnam/the-palmy-phu-quoc-resort--spa-3000020008174
236,"Phòng rộng rãi sạch sẽ, view cũng tạm ổn. Nhân viên hỗ trợ nhiệt tình. Đồ ăn sáng buffet có trong gói thuê phòng nhưng mình không ăn nên không biết như thế nào. Nói chung là so với giá thì cũng OK 🌝",The Palmy Phu Quoc Resort & Spa,https://www.traveloka.com/en-vn/hotel/vietnam/the-palmy-phu-quoc-resort--spa-3000020008174
237,"Phòng có vẻ không được sach lắm, vệ sinh dọn phòng làm sơ sài, phòng cách âm rất kém và đồ ăn lại ít nữa. Cảm thấy không được hài lòng lắm",The Palmy Phu Quoc Resort & Spa,https://www.traveloka.com/en-vn/hotel/vietnam/the-palmy-phu-quoc-resort--spa-3000020008174
238,Kháchsạn không sạch sẽ. sảnh lễ tân bụi bẩn do đang xây dựng khá ồn (chưa thấy kháchsạn 4 sao nào tệ như kháchsạn này) Dịch vụ hỗ trợ không tốt (nv nói không được hỗ trợ khách bất cứ thứ gì) Đồ ăn sáng tệ nghèo nàn Nói chung 1 trãi nghiệm không tốt và không muốn quay lại lần sau,The Palmy Phu Quoc Resort & Spa,https://www.traveloka.com/en-vn/hotel/vietnam/the-palmy-phu-quoc-resort--spa-3000020008174
239,"Trước hôm checkin đã gọi điện hẹn với Resort để đặt lịch đón ở sân bay, Resort đã xác nhận tuy nhiên khi xuống sân bay thì không có xe nào của Resort đến đón, gọi điện cho Resort cả chục cuộc thì không có người nghe máy. Phòng cách âm kém",The Palmy Phu Quoc Resort & Spa,https://www.traveloka.com/en-vn/hotel/vietnam/the-palmy-phu-quoc-resort--spa-3000020008174
240,"khách sạn phục vụ rất oke . nằm trên đường trần hưng đạo nên tiện lợi di chuyển , hy vọng quay lại PhúQuốc sẽ quay lại The palmy",The Palmy Phu Quoc Resort & Spa,https://www.traveloka.com/en-vn/hotel/vietnam/the-palmy-phu-quoc-resort--spa-3000020008174
241,"Khách sạn phục vụ rất kém . Thái độ nhân viên bất lịch sự, không phục vụ tốt cho khách hàng . Phòng ốc dơ bẩn không dọn dẹp kĩ. Đồ ăn lèo tèo rất chán . Nói chung lạ là cực kì tệ. Hình ảnh trên app không giống ngoài",The Palmy Phu Quoc Resort & Spa,https://www.traveloka.com/en-vn/hotel/vietnam/the-palmy-phu-quoc-resort--spa-3000020008174
242,"Mình ở phòng R114 khoá phòng bị hư, liên hệ nhân viên đùn đẩy, không chịu sửa 1h sáng mình vẫn phải ở ngoài. Liên hệ trước sẽ có thêm người để ghép giường mà cả ngày trời không ai để ý hết. Đã liên hệ rất nhiều lần, mình sẽ không quay lại đây vì thái độ phục vụ rất tệ.",The Palmy Phu Quoc Resort & Spa,https://www.traveloka.com/en-vn/hotel/vietnam/the-palmy-phu-quoc-resort--spa-3000020008174
243,Mọi thứ điều tệ nhân viên củng tệ kh sạch sẽ dơ,The Palmy Phu Quoc Resort & Spa,https://www.traveloka.com/en-vn/hotel/vietnam/the-palmy-phu-quoc-resort--spa-3000020008174
244,"Phòng ốc thì bình thường. Nhân viên không nhiệt tình, lúc nào cũng khinh khỉnh. Sẽ không bao giờ đến đây nữa. Phục vụ quá tệ",The Palmy Phu Quoc Resort & Spa,https://www.traveloka.com/en-vn/hotel/vietnam/the-palmy-phu-quoc-resort--spa-3000020008174
245,"Rất hài lòng, sạch sẽ, hồ bơi đẹp",The Palmy Phu Quoc Resort & Spa,https://www.traveloka.com/en-vn/hotel/vietnam/the-palmy-phu-quoc-resort--spa-3000020008174
246,Phòng ốc tuy không sạch đẹp lắm nhưng được cái nhà hàng và bể bơi view biển siêu chill bù lại.,The Palmy Phu Quoc Resort & Spa,https://www.traveloka.com/en-vn/hotel/vietnam/the-palmy-phu-quoc-resort--spa-3000020008174
247,đường đang sửa - ăn bf sáng ít đồ . Phòng cách âm kém …,The Palmy Phu Quoc Resort & Spa,https://www.traveloka.com/en-vn/hotel/vietnam/the-palmy-phu-quoc-resort--spa-3000020008174
248,,The Palmy Phu Quoc Resort & Spa,https://www.traveloka.com/en-vn/hotel/vietnam/the-palmy-phu-quoc-resort--spa-3000020008174
249,"Phòng cách âm kém lắm , hành lang nghe rõ tiếng bước chân + tiếng trẻ con người lớn , nhưng ra không thấy ai :)) . Ăn sáng sơ xài , 3 bữa đều như nhau :)) . Phòng ốc sạch sẽ , view đẹp. Giá dưới 900k thì mn cứ nên thử",The Palmy Phu Quoc Resort & Spa,https://www.traveloka.com/en-vn/hotel/vietnam/the-palmy-phu-quoc-resort--spa-3000020008174
250,"Nếu không để ý quá tới nội thất trong phòng thì resort cũng thoải mái, có hồ bơi vô cực ở lầu 8 chụp hình rất đẹp. Buffet sáng tương đối ít món nhưng ăn vẫn ổn. Khi cần gọi điện xuống lễ tân thì được phục vụ rất ok.",The Palmy Phu Quoc Resort & Spa,https://www.traveloka.com/en-vn/hotel/vietnam/the-palmy-phu-quoc-resort--spa-3000020008174
251,Đang phải sài 4G để đánh giá. Ô mai ca wifi không vào được đâu. Hỏi mấy chị gái dọn phòng nói bên e mới sửa nên xem được TV chứ mấy bữa trước còn có như không. Khách sạn được cái view cũng ổn chỉ buồn cái là phải đk 4G hoài vì wifi tượng trựng thôi… mn xem xét nha.,The Palmy Phu Quoc Resort & Spa,https://www.traveloka.com/en-vn/hotel/vietnam/the-palmy-phu-quoc-resort--spa-3000020008174
252,"Một trải nghiệm quá tệ, phòng ở thì bẩn, đầy mùi ẩm mốc. Không hề có bãi tắm. Không có nhà hàng phục vụ các bữa mà chỉ có phục vụ bữa sáng. Đồ ăn bữa sáng thì menu nghèo nàn. Sẽ không bao giờ quay lại, cái giá quá đắt cho một nơi ở tệ như thế",The Palmy Phu Quoc Resort & Spa,https://www.traveloka.com/en-vn/hotel/vietnam/the-palmy-phu-quoc-resort--spa-3000020008174
253,"Dịch vụ kém : ở 2 đêm chỉ có 2 chai nước cho 2 người . Gọi điện tiếp Tân hỏi thì báo để check lại , rồi im luôn Toilet hôi, bị nghẹt : gọi điện tiếp Tân 3 lần, 3 người khác nhau nghe điện thoại, không ai ghi chú lại, xuống gặp trực tiếp thì không ai ghi thông tin phản ánh lại . Ghi là resort 4* , mà buffet còn tệ hơn khách sạn 3* . Ở 2 ngày 2 bữa buffet y hệt nhau .",The Palmy Phu Quoc Resort & Spa,https://www.traveloka.com/en-vn/hotel/vietnam/the-palmy-phu-quoc-resort--spa-3000020008174
254,"Phòng bẩn, không có khăn tắm đầy đủ. Hành lang không dọn dẹp",The Palmy Phu Quoc Resort & Spa,https://www.traveloka.com/en-vn/hotel/vietnam/the-palmy-phu-quoc-resort--spa-3000020008174
255,Không như mong đợi . Ở hình ảo kinh khủng . Thực tế thì không biết diễn tả sao . Nói chung đánh giá 4/10đ,The Palmy Phu Quoc Resort & Spa,https://www.traveloka.com/en-vn/hotel/vietnam/the-palmy-phu-quoc-resort--spa-3000020008174
256,"KSan oki nhé, thoải mái thân thiện sạch sẽ",The Palmy Phu Quoc Resort & Spa,https://www.traveloka.com/en-vn/hotel/vietnam/the-palmy-phu-quoc-resort--spa-3000020008174
257,"Phòng thì không sạch sẽ, bụi vi có công trình kế bên, không có bãi dài, thái độ phục vụ không tốt. Thức ăn sáng không đa dạng",The Palmy Phu Quoc Resort & Spa,https://www.traveloka.com/en-vn/hotel/vietnam/the-palmy-phu-quoc-resort--spa-3000020008174
258,"Khách sạn sạch sẽ, view đẹp, đồ ăn sáng không phong phú lắm,nhìn chung hài lòng trong tầm giá.",The Palmy Phu Quoc Resort & Spa,https://www.traveloka.com/en-vn/hotel/vietnam/the-palmy-phu-quoc-resort--spa-3000020008174
259,phòng sạch sẽ. mà cách âm không được tốt lắm.,The Palmy Phu Quoc Resort & Spa,https://www.traveloka.com/en-vn/hotel/vietnam/the-palmy-phu-quoc-resort--spa-3000020008174
260,"đồ ăn buffet không ngon , với phòng hơi cũ, nhân viên thì không được nhiệt tình. vali đồ đạc để tự xách trg khi nhân viên đi tay không , hỏi thì mới hướng dẫn chỗ ăn sáng chỗ tắm ở đâu",The Palmy Phu Quoc Resort & Spa,https://www.traveloka.com/en-vn/hotel/vietnam/the-palmy-phu-quoc-resort--spa-3000020008174
261,"đồ ăn buffet không ngon , với phòng hơi cũ, nhân viên thì không được nhiệt tình. vali đồ đạc để tự xách trg khi nhân viên đi tay không , hỏi thì mới hướng dẫn chỗ ăn sáng chỗ tắm ở đâu",The Palmy Phu Quoc Resort & Spa,https://www.traveloka.com/en-vn/hotel/vietnam/the-palmy-phu-quoc-resort--spa-3000020008174
262,"Phòng cách âm qá kém, bên ngoài thi công âm thanh qá lớn, phòng cạnh khu vực bơm nước thường xuyên có tiếng động ảnh hưởng nghỉ ngơi",The Palmy Phu Quoc Resort & Spa,https://www.traveloka.com/en-vn/hotel/vietnam/the-palmy-phu-quoc-resort--spa-3000020008174
263,Máy nước nóng quá nóng không điều chỉnh được Máy lạnh chạy phát ra âm thanh rất to,The Palmy Phu Quoc Resort & Spa,https://www.traveloka.com/en-vn/hotel/vietnam/the-palmy-phu-quoc-resort--spa-3000020008174
264,Gọi điện thoại chả bao giờ bắt máy. Giữ căn cước khách check out trả phòng trả xe cũng không trả căn cước lại làm khách phải quay đi quay lại lấy.,The Palmy Phu Quoc Resort & Spa,https://www.traveloka.com/en-vn/hotel/vietnam/the-palmy-phu-quoc-resort--spa-3000020008174
265,"Phòng cách âm không tốt, mọi tiếng động ngoài hàng lang đều nghe hết, rất ồn, ở 2 đêm mà không hề dọn phòng",The Palmy Phu Quoc Resort & Spa,https://www.traveloka.com/en-vn/hotel/vietnam/the-palmy-phu-quoc-resort--spa-3000020008174
266,"Dịch vụ tệ, phòng cách âm không tốt, bên ngoài hành lang ồn ào đều nghe rất rõ",The Palmy Phu Quoc Resort & Spa,https://www.traveloka.com/en-vn/hotel/vietnam/the-palmy-phu-quoc-resort--spa-3000020008174
267,"Không có bãi biển riêng để tắm. Phòng cách âm không tốt, quá ồn",The Palmy Phu Quoc Resort & Spa,https://www.traveloka.com/en-vn/hotel/vietnam/the-palmy-phu-quoc-resort--spa-3000020008174
268,"Nội thất cũ kĩ, nhà hàng buffet sáng nằm ngay trên cái cống nước bốc mùi hôi thối, ngay cả sảnh tiếp tân cũng cũ kĩ, sân vườn cũ kĩ, muốn đi ra bờ biển phải đi vào con hẻm đường đất dơ bẩn (gần như không có vãi biển riêng) bãi biển sâu và không đẹp như hình chụp quảng cáo, vị trí nằm như kiểu dưới gầm cầu trong hẻm đường đất dơ bẩn. Giá gần 1tr/đêm và lại quảng cáo là khách sạn, resort&spa 4 sao thì không chuẩn, tầm cỡ này ba sao còn không thể. Mình cũng muốn đánh giá tốt tốt chút nhưng sợ không trung thực. Mong ban quản lý khách sạn chỉnh chu lại. Khách sạn toàn treo hình phụ nữ kiểu Bắc bộ ngày xưa, mình cứ nghĩ Giám đốc khách sạn là hậu duệ của Hai Bà Trưng nên treo hình hai bà khắp nơi trong khách sạn ngay cả trong phòng ngủ của khách, ngoài hành lan và ngay sảnh tiếp tân đúng một tông kiểu đó. Còn chưa kể lan can sắt bên ngoài balcony sét rẹt và lung lay như không chắc chắn. Bàn ghế nệm ngồi thì cũ kĩ.",The Palmy Phu Quoc Resort & Spa,https://www.traveloka.com/en-vn/hotel/vietnam/the-palmy-phu-quoc-resort--spa-3000020008174
269,"Nhân viên không niềm nở. Khách sạn cơ sở vật chất xuống cấp. Mình đặt 4 phòng, phòng thì thiếu dép, phòng thì hư tivi, phòng thì hôi cống kỹ thuật không khắc phục được, phòng thì thiếu khăn tắm. Đồ ăn sáng rất tệ, ít món, không refill. Cảnh quan xung quanh không chăm chút, rác nhiều",The Palmy Phu Quoc Resort & Spa,https://www.traveloka.com/en-vn/hotel/vietnam/the-palmy-phu-quoc-resort--spa-3000020008174
270,"Ngày đầu tới nhận phòng, bị tắc cống không dùng được, bạn mình vừa gội đầu đi chơi thì bị tịt luôn, gọi khách sạn lên thông nhưng không được, yêu cầu đổi phòng thì hết phòng. Lúc sau Nhân viên phải mang máy hút cống lên xử lý thông được thì rất bừa bộn và bẩn, khách và nhân viên kỹ thuật call buồng phòng + lễ tân báo dọn nhưng bọn mình đi tối về vẫn thấy bẩn nguyên chưa dọn. Vừa mùi vừa bẩn, vừa mất 2 tiếng ở phòng chờ thông cống.",The Palmy Phu Quoc Resort & Spa,https://www.traveloka.com/en-vn/hotel/vietnam/the-palmy-phu-quoc-resort--spa-3000020008174
271,"Bề ngoài ổn, sẽ không có gì đáng nói khi service quá tệ. Thứ 1 lễ tân không chuyên nghiệp lụp chụp không rõ ràng. Book phòng trên app nhưng cứ đến kháchsạn thì 3 khách hết 3 khách đều bị báo là không có nhận được booking. Khách sạn ưu tiên cho khách đoàn. Khách booking thì như kiểu không cần khách. Đẩy tút lên tầng trên cùng “ phát sinh thêm phòng “. Rất lộn xộn ở phần check in. Phòng thì có vẻ xuống cấp bụi, nền dơ. Không biết có phải do quá tải nên service tệ hay không nhưng thẻ phòng khi gửi lễ tán làm mất thẻ phòng và được cấp thẻ khác ngay lập tức và số phòng được ghi ra giấy dán lên thẻ bằng tay dẫn đến việc mình thấy độ an toàn không có. Không có bãi tắm như tưởng tượng vì kháchsạn sát biển mà bãi tắm không có. Đồ ăn sáng tạm ổn. Nói chung trải nghiệm thật sự tệ cho chuyến đi lần này. Và không muốn quay lại.",The Palmy Phu Quoc Resort & Spa,https://www.traveloka.com/en-vn/hotel/vietnam/the-palmy-phu-quoc-resort--spa-3000020008174
272,"Không sắp xếp như booking, lễ tân chậm chạp không giải quyết vấn đề, phòng không có khăn",The Palmy Phu Quoc Resort & Spa,https://www.traveloka.com/en-vn/hotel/vietnam/the-palmy-phu-quoc-resort--spa-3000020008174
273,"Không có thông tin xe đưa đón sân bay. Trước 8h sáng cũng sẽ không có xe nếu cần. Checkin xong lên phòng thì không có khăn tắm, ly cà phê thì bụi, muỗng cà phê thì bẩn keo lại dính cả vào đĩa, TV không xem được kênh nào. Gọi lễ tân lần 1 thì bảo đợi bên dịch vụ phòng kiểm tra, mà đợi 2 tiếng không thấy. Gọi lại thì báo là bên giặt ủi có vấn đề nên chưa có khăn tắm. OK, thông cảm, nhưng những thứ còn lại thì không giải quyết! Lúc nào gọi lễ tân cũng bảo đợi bên dịch vụ phòng, xong cũng ko ai giải quyết. Hôm sau nhân viên tới mới biết cả 1 cái khách sạn 9 tầng chỉ có 2 nhân viên dọn dẹp. Đến dọn còn không cho đủ 2 chai nước (đêm khát xuống lễ tân xin cũng ko có, phải lấy chai không xuống hứng nước trong văn phòng). Rửa ly cà phê trong lavabo phòng tắm (vậy khách cũng tự rửa được cần gì nhờ đổi ly?!). Phòng ốc chỉ được duy nhất cái view biển đẹp (mà là do trả tiền đắt hơn phòng thường). Buffet sáng đã ít món mà món nào cũng chỉ vài món protein, thịt ko thấy. 8h hơn xuống ăn đã thấy đồ ăn ko còn. Có refill nhưng rất ít và để hở ở ngoài phòng không kín (khu vực ăn là khu vực mở ra hứng gió biển) nên trông ko vệ sinh. Một phần nữa là do văn hoá khách đoàn du lịch và gia đình lớn cứ bới lấy hết thịt trước, gắp gắp lựa lựa rồi bỏ gắp miếng khác & con vài người còn không đeo khẩu trang (?!). Nước cam thì như C sủi pha loãng. Phòng ốc nhìn chung thoáng đãng nhưng nội thất rất cũ. Không có xe đưa đón chợ đêm (vậy mà lấy danh resort 4sao) Bãi biển không có bãi cát, phải qua bên cạnh tắm (mà nó cũng dơ). Nói chung bỏ 1tr2/đêm ra ở đây tức anh ách, không đáng tiền! Với giá tiền này có đầy resort khác chất lượng phục vụ tốt hơn! Ở đây chỉ đáng 1-2 sao chứ làm sao mà 4 sao được!!!",The Palmy Phu Quoc Resort & Spa,https://www.traveloka.com/en-vn/hotel/vietnam/the-palmy-phu-quoc-resort--spa-3000020008174
274,"- Khách sạn 4 sao nhưng phục vụ kém, khoá phòng bị hỏng đã báo từ 8h30 sáng nhưng đến 21h30 vẫn chưa khắc phục. Dù đã gọi báo rất nhiều lần. - Phòng cách âm cực kém, rất ồn, tiếng động ngoài hành lang dù nhỏ nhất trong phòng vẫn nghe. Giữa đêm nghe tiếng bước chân cười nói bên ngoài không thể ngủ được. - Mình ở 3 ngày mà không có nhân viên lên dọn phòng lần nào. Gọi báo thì lễ tân kêu đến giờ mới lên dọn, nhưng vẫn không thấy ai lên dọn.",The Palmy Phu Quoc Resort & Spa,https://www.traveloka.com/en-vn/hotel/vietnam/the-palmy-phu-quoc-resort--spa-3000020008174
275,Resort vẫn đang xây dựng ... đường vào mấp mô ... được cái là có bể bơi sạch đẹp ... viu ngồi ăn ngắm biển đẹp,The Palmy Phu Quoc Resort & Spa,https://www.traveloka.com/en-vn/hotel/vietnam/the-palmy-phu-quoc-resort--spa-3000020008174
276,"nhân viên không chuyên nghiệp , để khách phải đợi lâu .phòng ốc bụi bẩn .lối ra nhà ăn mùi cống nồng nặc",The Palmy Phu Quoc Resort & Spa,https://www.traveloka.com/en-vn/hotel/vietnam/the-palmy-phu-quoc-resort--spa-3000020008174
277,"Cách sb cỡ 6km, grab/be tầm 70-100k, quầy taxi mai linh báo 130k. Checkin nhanh gọn bằng aps, trình ID là xong. Chắc đã paid nên trả lại ID luôn. The Palmy gồm 2 tòa tách rời và nhà hàng ven biển tạo thành 3 khối, xen lẫn với các kháchsạn khác nên chưa tạo thành quần thể resort khép kín rộng rãi 4*. Có 3 hồ bơi view đẹp sống ảo, còn bơi thì nên lên hồ tầng 8, hồ có bồn sục nhưng không cái nào hoạt động. Kháchsạn cạnh mương thoát nước thải hôi, dù 1 phần cống hoá, miệng cống ra biển đi ngầm nhưng tắm biển cũng hơi ghê. Nhà hàng xây ra sát mép nước nên hầu như không có bãi cát để tắm biển. Đồ buffet sáng quá ít và chưa ngon, không có đạm ngoài mấy miếng bacon, xúc xích, trứng, mặc dù ước tính cũng phải tầm 300 khách. Giờ ăn sáng 6.30-10h, nhưng 8.30 xuống là hết đồ ăn :( Kháchsạn không phục vụ khăn tắm tại hồ bơi/biển mà khách phải mang từ phòng xuống. Phòng 2 người khá rộng, độ 30m. Hôm check in phát hiện 1 chú gián to trong phòng, đập chết nhưng không báo kháchsạn vì sợ xịt thuốc. Toilet hút mùi kém, ở tầng cao sen tắm khá yếu, dùng năng lượng mặt trời nên có lúc không nóng. Đi bơi tầng 8 bị chôm mất đôi dép lốp của ks, xuống yêu cầu lễ tân trích xuất camera mà mãi không thực hiện nên bỏ luôn. Kết luận là resort khá bình dân, đạt 3.5*. Chắc vừa qua mùa dịch nên cắt giảm nhânviên và dv. Nếu giá tầm 900k/đêm/phòng trở lên thì không nên chọn kháchsạn này.",The Palmy Phu Quoc Resort & Spa,https://www.traveloka.com/en-vn/hotel/vietnam/the-palmy-phu-quoc-resort--spa-3000020008174
278,"Khách sạn có 3 hồ bơi rất đẹp, view biển ngắm hoàng hôn tuyệt vời. Giá cả ok phòng ngủ chất lượng. Là một trải nghiệm tốt đáng để thử.❤️",The Palmy Phu Quoc Resort & Spa,https://www.traveloka.com/en-vn/hotel/vietnam/the-palmy-phu-quoc-resort--spa-3000020008174
279,"Khách sạn gần trung tâm đi lại thuận tiện, có nhiều bể bơi view đẹp và chụp ảnh cũng rất tuyệt. Có bãi tắm riêng, buffet sáng tương đối ổn. Phòng ốc bố trí theo phong cách Indochina. Nếu quay lại Phú Quốc vẫn sẽ chọn địa điểm này",The Palmy Phu Quoc Resort & Spa,https://www.traveloka.com/en-vn/hotel/vietnam/the-palmy-phu-quoc-resort--spa-3000020008174
280,"Phòng ốc thoáng mát, sạch sẽ, đầy đủ tiện nghi. Phục vụ nhiệt tình. Phòng của mình có view rất đẹp hướng bãi biển có thể ngắm bình minh",The Palmy Phu Quoc Resort & Spa,https://www.traveloka.com/en-vn/hotel/vietnam/the-palmy-phu-quoc-resort--spa-3000020008174
281,"Mọi thứ khá ok, đường vào hơi bất tiện",The Palmy Phu Quoc Resort & Spa,https://www.traveloka.com/en-vn/hotel/vietnam/the-palmy-phu-quoc-resort--spa-3000020008174
282,"Khách sạn cũ, do lễ đông có thể chấp nhận thái độ nhân viên. phòng cũ, dọn phòng xong vẫn dơ, đồ dùng phòng tắm không đầy đủ mặc dù có trả thêm tiền phụ thụ. hồ bơi hơi dơ. Gần trung tâm dễ đi ăn uống.",The Palmy Phu Quoc Resort & Spa,https://www.traveloka.com/en-vn/hotel/vietnam/the-palmy-phu-quoc-resort--spa-3000020008174
283,Giờ nhận phòng là 14h. Mà 17h mới được nhận phòng,The Palmy Phu Quoc Resort & Spa,https://www.traveloka.com/en-vn/hotel/vietnam/the-palmy-phu-quoc-resort--spa-3000020008174
284,"Lễ tân, nhân viên phòng, nhân viên nhà hangc đều không được huấn luyện tốt về cách phục vụ, kỹ năng giao tiếp và ứng xử với khách, y như họ muốn gặp 1 lần rùi không cần quay lại. Đồ ăn sáng không ổn, ăn để sống, chứ không phải thưởng thức. Nhà hàng không phục vụ chiều tối, khó khắn trong việc ăn uống. Phòng sàn dơ, kiến nhiều, dọn phòng phải gọi điện thoại nhắc.",The Palmy Phu Quoc Resort & Spa,https://www.traveloka.com/en-vn/hotel/vietnam/the-palmy-phu-quoc-resort--spa-3000020008174
285,"khách sạn đẹp, tốt, có 3 hồ bơi nhưng không có bảng menu trong phòng. nước suối 35k 1 chai",The Palmy Phu Quoc Resort & Spa,https://www.traveloka.com/en-vn/hotel/vietnam/the-palmy-phu-quoc-resort--spa-3000020008174
286,,The Palmy Phu Quoc Resort & Spa,https://www.traveloka.com/en-vn/hotel/vietnam/the-palmy-phu-quoc-resort--spa-3000020008174
287,"Kháchsạn còn mới và sạch sẽ, buffet sáng thì không được nhiều món lắm, nói chung là ổn và reccommend mọi người có thể ở đây khi đi Phú Quốc.",The Palmy Phu Quoc Resort & Spa,https://www.traveloka.com/en-vn/hotel/vietnam/the-palmy-phu-quoc-resort--spa-3000020008174
288,"Phòng mới, đẹp, đồ ăn vừa miệng, nhân viên nhiệt tình, có cho thuê xe hơi và xe máy rất tiện không phải ra ngoài thuê. Chỉ có điều đường vô resort hơi dơ chút do có công trình đang làm.",The Palmy Phu Quoc Resort & Spa,https://www.traveloka.com/en-vn/hotel/vietnam/the-palmy-phu-quoc-resort--spa-3000020008174
289,"Phòng mới, view biển đẹp, bữa sáng vừa miệng, có cho thuê xe máy, ôtô khỏi ra ngoài thuê",The Palmy Phu Quoc Resort & Spa,https://www.traveloka.com/en-vn/hotel/vietnam/the-palmy-phu-quoc-resort--spa-3000020008174
290,"Phòng rộng rãi, sạch sẽ, được dọn dẹp hằng ngày, mỗi tội cách âm hơi kém nên nghe được phòng bên làm gì. Bữa sáng đầy đặn, phục vụ rất nhiệt tình.",The Palmy Phu Quoc Resort & Spa,https://www.traveloka.com/en-vn/hotel/vietnam/the-palmy-phu-quoc-resort--spa-3000020008174
291,Cảm ơn kháchsạn đã cho tôi 1 kì nghỉ tuyệt vời.,The Palmy Phu Quoc Resort & Spa,https://www.traveloka.com/en-vn/hotel/vietnam/the-palmy-phu-quoc-resort--spa-3000020008174
292,"Đặt view sea nhưng chỉ được sắp xếp phòng view hồ, đi để nghỉ ngơi mà trong resort đang sửa chữa, khoan đục ồn ào quá. theo mình trong thời gian sữa chữa không nên đón khách",The Palmy Phu Quoc Resort & Spa,https://www.traveloka.com/en-vn/hotel/vietnam/the-palmy-phu-quoc-resort--spa-3000020008174
293,,The Palmy Phu Quoc Resort & Spa,https://www.traveloka.com/en-vn/hotel/vietnam/the-palmy-phu-quoc-resort--spa-3000020008174
294,"Phòng đẹp, sạch sẽ. Có nhìu hồ bơi và sát biển",The Palmy Phu Quoc Resort & Spa,https://www.traveloka.com/en-vn/hotel/vietnam/the-palmy-phu-quoc-resort--spa-3000020008174
295,Buffet sáng rất ít món. Đường vào nhà hàng sáng có mùi cống rất hôi. Phòng không được dọn sạch. Khách sạn mang 4* thật chất chỉ được 3*,The Palmy Phu Quoc Resort & Spa,https://www.traveloka.com/en-vn/hotel/vietnam/the-palmy-phu-quoc-resort--spa-3000020008174
296,"Phòng delux view biển mà không nhìn được hoàng hôn, đồ ăn sáng ít, thái độ nhân viên không thân thiện",The Palmy Phu Quoc Resort & Spa,https://www.traveloka.com/en-vn/hotel/vietnam/the-palmy-phu-quoc-resort--spa-3000020008174
297,Phòng cách âm không tốt. Đồ ăn không đa dạng và bình thường. Không có bàn ủi. Phải thuê là 20.000 vnđ 1 cái áo/ quần/ 1 lần ủi,The Palmy Phu Quoc Resort & Spa,https://www.traveloka.com/en-vn/hotel/vietnam/the-palmy-phu-quoc-resort--spa-3000020008174
298,"Khách sạn có view biển, hổ bơi rất đẹp nhé, tha hồ chụp hình sống ảo. Bãi biển thì không thích hợp để tắm. Bữa sáng thì cũng được, có nhiều lựa chọn. Nhân viên rất nhiệt tình và dễ thương. Có cái bất tiện là toilet, phòng tắm không có được tách biệt hẳn với phòng ngủ, đi với bạn bè, người quen thì rất là ngại đấy.",The Palmy Phu Quoc Resort & Spa,https://www.traveloka.com/en-vn/hotel/vietnam/the-palmy-phu-quoc-resort--spa-3000020008174
299,"mặc dù là kháchsạn 4* nhưng lại để khách sạn mất điện 2h đồng hồ và mặc kệ khách với thời tiết nóng nực, không hỏi han và không có 1 phương án khắc phục. mình gọi điện thoại xuống lễ tân hỏi có quạt không thì khách sạn không có và bảo phải chờ có điện chứ không làm gì đc. Xin đá uống nước cho mát thì lễ tân trả lời phải xuống tầng 1 xin chứ không mang lên (trong khi mất điện thang máy không hoạt động và mình ở trên tầng 6 😂😂) với 1 kháchsạn 4* thì như vậy mình đánh giá là không hề chuyên nghiệp và không phù hợp. ngoài ra cách bố trí phòng wc và phòng tắm vô cùng khó hiểu 😂😂. buffet sáng rất ít món nhưng đồ ăn cũng ngon miệng mặc dù 2 ngày ăn sáng xong thì mình và bạn mình đều đau bụng đi ngoài :)) sảnh kháchsạn thì bàn ghế bụi kinh khủng, không có ai lau dọn, ngõ vào kháchsạn thì lầy lội bụi bẩn. điểm khen duy nhất dành cho kháchsạn có lẽ là kháchsạn có 3 bể bơi vô cực và 2 trong số 3 bể bơi có view sống ảo vô cùng đẹp, có thể nói đẹp nhất Phú Quốc ^^",The Palmy Phu Quoc Resort & Spa,https://www.traveloka.com/en-vn/hotel/vietnam/the-palmy-phu-quoc-resort--spa-3000020008174
300,"Phòng bí và bẩn, thiết kế nhà vệ sinh nhà tắm không hợp lý.",The Palmy Phu Quoc Resort & Spa,https://www.traveloka.com/en-vn/hotel/vietnam/the-palmy-phu-quoc-resort--spa-3000020008174
301,"Phòng sạch sẽ, cảnh đẹp, phục vụ thân thiện",The Palmy Phu Quoc Resort & Spa,https://www.traveloka.com/en-vn/hotel/vietnam/the-palmy-phu-quoc-resort--spa-3000020008174
302,"1. Nhân viên không chuyên nghiệp, khách ở 2 buổi không dọn phòng, lằng nhằng phí thuê xe máy không như thỏa thuận 2. Buffet sáng rất tệ, ngoài bò kho, còn lại không món nào đàng hoàng. 3. Booking không nhận được phòng như đã đặt còn bị phụ thu dịp lễ nhưng không được báo trước. 4. Khách sạn đang xây sửa rất ồn và bụi, sình lầy",The Palmy Phu Quoc Resort & Spa,https://www.traveloka.com/en-vn/hotel/vietnam/the-palmy-phu-quoc-resort--spa-3000020008174
303,Khách sạn thường xuyên mất điện. Công trường đang xây dựng bụi mù mịt ngổn ngang…,The Palmy Phu Quoc Resort & Spa,https://www.traveloka.com/en-vn/hotel/vietnam/the-palmy-phu-quoc-resort--spa-3000020008174
304,"Phòng view biển cực đẹp, đội ngũ cán bộ nhân viên của khách sạn đã cố gắng hết mình trong mùa dịch, xin cảm ơn!",The Palmy Phu Quoc Resort & Spa,https://www.traveloka.com/en-vn/hotel/vietnam/the-palmy-phu-quoc-resort--spa-3000020008174
305,"Rất tuyệt vời trừ mục phụ thu em bé không báo trước, mình đặt phòng thấy ghi miễn phí trẻ em mà không thấy có giới hạn tuổi, nên để mục giới hạn tuổi cho bé để biết chuẩn bị tiền ạ",The Palmy Phu Quoc Resort & Spa,https://www.traveloka.com/en-vn/hotel/vietnam/the-palmy-phu-quoc-resort--spa-3000020008174
306,"Phòng bé, dịch vụ không có, dọn phòng không sạch.",The Palmy Phu Quoc Resort & Spa,https://www.traveloka.com/en-vn/hotel/vietnam/the-palmy-phu-quoc-resort--spa-3000020008174
307,Nhân viên nhiệt tình dễ thương.,The Palmy Phu Quoc Resort & Spa,https://www.traveloka.com/en-vn/hotel/vietnam/the-palmy-phu-quoc-resort--spa-3000020008174
308,"Khách sạn dọn vệ sinh rất bẩn, công trình thi công ồn ào bụi, hồ bơi đóng rêu. Thời điểm mình đến mất điện từ 8g đến 17g mà kháchsạn không mở máy nổ trong phòng chỉ mở điện ngoài sảnh. Bữa ăn không phù hợp, Kh đuợc chọn 1 trong 3 món ăn ngày hđó , không phục vục buffet. nhânviên nhà hàng tiếp thực mang món ăn lên để xuống bàn và quay đi, thái độ chưa thân thiện. Gọi phần ốp-la trứng thì có trứng không mang bánh mì và không kèm muỗng nĩa đi kèm. Chưa hài lòng về KS, cần đánh gía lại KH lại để KH có sự lựa chọn đúng và phù hợp.",The Palmy Phu Quoc Resort & Spa,https://www.traveloka.com/en-vn/hotel/vietnam/the-palmy-phu-quoc-resort--spa-3000020008174
309,Cơ sở bình thường - Nhân viên thân thiện - View nhìn ra toàn cỏ với bãi rác - Còn có tấm nệm ai vứt dưới bãi rác nhìn như bãi tha ma. Phòng cách âm kém với nhiều muỗi. Đường vào vẫn là đường đất đỏ. Bữa sáng không đa dạng. Nói chung 5/10 điểm,The Palmy Phu Quoc Resort & Spa,https://www.traveloka.com/en-vn/hotel/vietnam/the-palmy-phu-quoc-resort--spa-3000020008174
310,"Không gian thú vị, view biển đẹp. phòng chất lượng như mô tả. Nhân viên thân thiện, nhiệt tình.",The Palmy Phu Quoc Resort & Spa,https://www.traveloka.com/en-vn/hotel/vietnam/the-palmy-phu-quoc-resort--spa-3000020008174
311,"Phòng tạm được, mình check trễ 2h thì mình chịu thêm phí mình đi công việc về thẻ phòng của mình bị khoá không vào phòng được gọi lễ tân lên thì đưa bà lao công lên quét thẻ mới của bà lao công mới vào được phòng phiền phức. Check out trễ cái khoá phòng khách sạn sàm hết sức",The Palmy Phu Quoc Resort & Spa,https://www.traveloka.com/en-vn/hotel/vietnam/the-palmy-phu-quoc-resort--spa-3000020008174
312,"Khách sạn được đánh 4 sao tuy nhiên không hề xứng đáng : - Lễ Tân không nhiệt với khách. Hỏi thì trả lời hời hợt. 1 chú quản lí giọng rất khó chịu khi khách muốn đặt đồ ăn . - Đồ ăn không đa dạng. Không phù hợp với giá tiền . 1 đĩa đồ ăn giá khá mắc nhưng rất ít. - Phòng khá nhỏ so với kháchsạn 4 sao. - Khung cảnh xung quanh rất bình thường. - Buffet sáng rất ít lựa chọn, sơ sài.",The Palmy Phu Quoc Resort & Spa,https://www.traveloka.com/en-vn/hotel/vietnam/the-palmy-phu-quoc-resort--spa-3000020008174
313,"Khách sạn trong thời gian sửa chữa, xây dựng thêm nên cảnh quan xấu, bụi bặm, ồn ào. Không nên đi vào lúc này, quá tệ từ chỗ ở tới dịch vụ. Hỗ trợ thông tin kém. Khách vào hỏi chỗ giữ xe mà đứng quơ quơ tay (bạn nữ áo trắng không rõ tên) Giao phòng không đúng. Mình đặt phòng Delux sea view + 1 giường double bed nhưng lại đi giao phòng không có view biển, mình phàn nàn thì đổi lên phòng view biển nhưng lại là 2 giường đơn, quản lý bảo là hết phòng :)) Hết phòng mà còn đăng lên??? Lừa đảo à?? Phòng bẩn. Sàn thiết kế kiểu gạch gì đó mà đi rất bẩn chân, luôn phải mang dép. Các kệ, bàn lau không sạch, vẫn còn bụi bẩn. Toilet và phòng tắm thiết kế kỳ cục, không có chỗ treo quần áo nữa. Khách sạn 4 sao mà dịch vụ chỉ ngang nhà nghỉ. Quá kém. Khách sạn chỉ mở 1 khu, còn lại xung quanh đang xây dựng rất bẩn, tối tắt đèn tối thôi như chùa bà đanh vậy. Chưa bao giờ đi kháchsạn nào tệ như vậy luôn. Biết là dịch, nhưng không phục vụ được đàng hoàng thì đừng mở. Không hề xứng với 600k/ đêm mà tôi đã bỏ ra. Quá tệ hại.",The Palmy Phu Quoc Resort & Spa,https://www.traveloka.com/en-vn/hotel/vietnam/the-palmy-phu-quoc-resort--spa-3000020008174
314,"Trước khi đặt phòng cũng xem đánh giá trước, nhưng không xứng tầm Khách sạn, chứ chưa nói đến resort: 1. Vị trí sát biển, nhưng không có bãi tắm được 2. Phòng nhỏ và xấu. Thiết bị trong phòng cũ kĩ. 3. Đặc biệt các bạn phải kiểm tra mini bar khi nhận phòng. Mình không biết mini bar chỗ nào, nhưng phải đền 75k cho 1 lon bia + 1 lon Coca, dù không dùng. Nhưng khi trả phòng bị báo thiếu. 4. Phòng garden view, nhưng view bãi rác trống bên cạnh (như hình chụp). Không có không gian trồng cây cối như Resort. 5. Điểm cộng duy nhất là hồ bơi view đẹp để sống ảo.",The Palmy Phu Quoc Resort & Spa,https://www.traveloka.com/en-vn/hotel/vietnam/the-palmy-phu-quoc-resort--spa-3000020008174
315,"Mùa dịch khách thưa, buổi tối quầy bar không mở. Phòng sạch sẽ, đồ mới. View đẹp, bể bơi trên nóc rất hợp chụp ảnh.",The Palmy Phu Quoc Resort & Spa,https://www.traveloka.com/en-vn/hotel/vietnam/the-palmy-phu-quoc-resort--spa-3000020008174
316,"Hài lòng với kì nghỉ tại Palmy. Vị trí của resort nằm ngay sát biển, phòng mình ở là view biển, sạch sẽ, Khuôn viên resort rộng rãi, nhiều góc chụp ảnh rất đẹp. Resort có bể bơi sát biển và bể bơi trên tầng 8, bể trên tầng 8 có view rất đẹp, bao quát được toàn cảnh. Mình đi vào thời điểm Resort mới mở lại sau khi giãn cách vì covid nên ăn sáng chỉ có 1 món, nên ít nhất có 2-3 món để du khách có thêm sự lựa chọn. Đường vào resort đang làm nên nếu trời mưa thì hơi lầy, nhưng xe đưa đón vẫn đưa mình đến tận cửa resort.",The Palmy Phu Quoc Resort & Spa,https://www.traveloka.com/en-vn/hotel/vietnam/the-palmy-phu-quoc-resort--spa-3000020008174
317,Khách Sạn Okay á. cố gắng duy trì nha.,The Palmy Phu Quoc Resort & Spa,https://www.traveloka.com/en-vn/hotel/vietnam/the-palmy-phu-quoc-resort--spa-3000020008174
318,"Một chiếc phòng quá vừa vặn, hợp lý vào thời điểm hiện tại. Khách đến không quá đông và quang cảnh trên cả tuyệt vời. Chắc chắn sẽ trở lại! 5*",The Palmy Phu Quoc Resort & Spa,https://www.traveloka.com/en-vn/hotel/vietnam/the-palmy-phu-quoc-resort--spa-3000020008174
319,Phục vụ nhiệt tình. Đi ngay mua dịch nhưng vẫn được đãi ngộ tốt,The Palmy Phu Quoc Resort & Spa,https://www.traveloka.com/en-vn/hotel/vietnam/the-palmy-phu-quoc-resort--spa-3000020008174
320,"Nhân viên kháchsạn nhiệt tình, dễ thương, cơ sở vật chất kháchsạn rất tốt nhất là phòng view hướng biển. Mình rất thích hồ bơi hướng biển. Thích nhất là hồ bơi của ks. Từ kháchsạn đi vào Dương Đông rất gần. Đặt biệt kháchsạn rất gần với sân bay. Do đi vào thời điểm mới hết đợt giãn cách nên còn chưa nhiều khách du lịch và một số dịch vụ của kháchsạn chưa hoạt động trở lại. Sẽ quay lại kháchsạn này vào dịo tới.",The Palmy Phu Quoc Resort & Spa,https://www.traveloka.com/en-vn/hotel/vietnam/the-palmy-phu-quoc-resort--spa-3000020008174
321,"Khách sạn gần sân bay, có bãi tắm. khách sạn nâng cấp lên view biển đổi lại không phục vụ bữa sáng View đẹp, đủ nội thất, phòng hơi nhỏ Có xe đưa ra sân bay 1 chiều",The Palmy Phu Quoc Resort & Spa,https://www.traveloka.com/en-vn/hotel/vietnam/the-palmy-phu-quoc-resort--spa-3000020008174
322,Phòng đẹp; sạch sẽ. Hồ bơi tầng thượng tuyệt. Nhân viên nhiệt tình. Mình được nâng hạng lên phòng view biển. Ăn sáng ngon miệng.,The Palmy Phu Quoc Resort & Spa,https://www.traveloka.com/en-vn/hotel/vietnam/the-palmy-phu-quoc-resort--spa-3000020008174
323,"Trải nghiệm vào đúng mùa dịch nên resort vắng khách. Mặc dù ít n.viên do bị giảm tải, nhưng bạn lễ tân cho đến bác bảo vệ đều rất nhiệt tình & cởi mở. Resort nằm trong con ngõ nhỏ của đg Trần Hưng Đạo. Trung tâm nên cũng khá tiện. Nhà hàng, quán bar của resort đều không hoạt động vì dịch Covid. Nói chung không có gì để chê cả, ngoại trừ WC & Nhà Tắm nằm trong phòng ngủ luôn (kính trong) không có quạt thông gió. Nếu lỡ buồn đi vệ sinh thì ngửi đủ 😳",The Palmy Phu Quoc Resort & Spa,https://www.traveloka.com/en-vn/hotel/vietnam/the-palmy-phu-quoc-resort--spa-3000020008174
324,mọi thứ tuyệt vời.,The Palmy Phu Quoc Resort & Spa,https://www.traveloka.com/en-vn/hotel/vietnam/the-palmy-phu-quoc-resort--spa-3000020008174
325,Chúng tôi đã có kỳ nghỉ tuyệt vời ở phú quốc,The Palmy Phu Quoc Resort & Spa,https://www.traveloka.com/en-vn/hotel/vietnam/the-palmy-phu-quoc-resort--spa-3000020008174
326,Chúng tôi đã có kỳ nghỉ tuyệt vời ở phú quốc,The Palmy Phu Quoc Resort & Spa,https://www.traveloka.com/en-vn/hotel/vietnam/the-palmy-phu-quoc-resort--spa-3000020008174
327,,The Palmy Phu Quoc Resort & Spa,https://www.traveloka.com/en-vn/hotel/vietnam/the-palmy-phu-quoc-resort--spa-3000020008174
328,"Phòng giá hợp lý, nhưng bãi biển hơi tanh, không đẹp. Bể bơi tràn bờ thì đang sửa chữa",The Palmy Phu Quoc Resort & Spa,https://www.traveloka.com/en-vn/hotel/vietnam/the-palmy-phu-quoc-resort--spa-3000020008174
329,"Khách sạn có đèn thông báo ""đừng làm phiền"" hoặc ""dọn phòng"". Rõ ràng mình đã để đèn ""đừng làm phiền"" mà sáng đang ngủ, đang không mặc đồ mà có nhân viên không gõ cửa, cứ thế mở cửa xộc vào. Chấm hỏi? Lúc ra ngoài mình không để đèn dọn phòng mà cứ vào dọn, xong lạc mất chai nước tẩy trang của mình. Chấm hỏi? Lúc lạc mất chai tẩy trang, đi chơi về thoa kem chống nắng mà thiếu tẩy trang mình đã không vui rồi, nhưng cũng cho qua rồi. Mà hôm sau lại bị xộc cửa vào. Ở có 2 đêm mà mỗi đêm bị 1 chuyện. Resort cao cấp, giá phòng không rẻ mà dịch vụ như này thì hơi thiếu chuyên nghiệp rồi!",The Palmy Phu Quoc Resort & Spa,https://www.traveloka.com/en-vn/hotel/vietnam/the-palmy-phu-quoc-resort--spa-3000020008174
330,,The Palmy Phu Quoc Resort & Spa,https://www.traveloka.com/en-vn/hotel/vietnam/the-palmy-phu-quoc-resort--spa-3000020008174
331,"sạch sẽ, phù hợp nghĩ dưỡng, sẽ quay lại",The Palmy Phu Quoc Resort & Spa,https://www.traveloka.com/en-vn/hotel/vietnam/the-palmy-phu-quoc-resort--spa-3000020008174
332,"Khách sạn đẹp, khuôn viên rộng rãi, là nơi ngắm hoàng hôn lý tưởng khi ghé Phú Quốc. Ngoài ra thì ở đây bạn cũng có thể bắt gặp những chiếc máy bay bay trên bầu trời, còn dưới biển là những chiếc tàu đánh cá đang hoạt động",The Palmy Phu Quoc Resort & Spa,https://www.traveloka.com/en-vn/hotel/vietnam/the-palmy-phu-quoc-resort--spa-3000020008174
333,"Hôm đầu đến ttiet bị ảnh hưởng bão nên xám xịt, nhìn khách sạn mà tụt mood. May hôm sau nắng lên, lại thấy lung linh như ảnh review. Ngồi ăn sáng view biển và bể bơi vô cực là sướng nhất.",The Palmy Phu Quoc Resort & Spa,https://www.traveloka.com/en-vn/hotel/vietnam/the-palmy-phu-quoc-resort--spa-3000020008174
334,"Rất may vì mình đã chọn the palmy làm nơi lưu trú khi đến Phú Quốc, phải nói không gian ở đây không quá náo nhiệt rất hợp để nghỉ dưỡng. Khách sạn có 2 bể bơi, buffet sáng với thực đơn phong phú thay đổi theo ngày, nhân viên nhiệt tình chu đáo. Vị trí khu trung tâm nên đi lại rất là thuận tiện. Cám ơn The Palmy rất nhiều",The Palmy Phu Quoc Resort & Spa,https://www.traveloka.com/en-vn/hotel/vietnam/the-palmy-phu-quoc-resort--spa-3000020008174
335,tôi đến từ 13h mà 14h30 vẫn chưa được nhận phòng. hôm nay chỉ là ngày thứ 5 không phải ngày cao điểm. Đi cùng trẻ nhỏ mà dịch vụ quá kém. đúng 15h00 mới được nhận phòng,The Palmy Phu Quoc Resort & Spa,https://www.traveloka.com/en-vn/hotel/vietnam/the-palmy-phu-quoc-resort--spa-3000020008174
336,"Nho san duoc gio vang gia sieu re tren app, va lai duoc em tiep tan de thuong doi qua phong view bien that tuyet voi. Phong rong rai, sach se, co ban cong. Chi co may dieu hoa trung tam lanh hoi cham. 2 ho boi op gach mau hoi toi nen nhin nuoc khg trong xanh. Ho boi sat bo bien la ho boi vo cuc chup hinh dep. Du khach can than cac bac cau thang buoc xuong bai bien hoi kho di. Nha hang rong rai truoc mat bien. An sang buffet cung tuong doi ngon. Nhan vien phuc vu vui ve va than thien. Khach doan o nhieu nen khi check in se hoi bi lau.",The Palmy Phu Quoc Resort & Spa,https://www.traveloka.com/en-vn/hotel/vietnam/the-palmy-phu-quoc-resort--spa-3000020008174
337,"Khách sạn rất ổn nha ^^ mình đến hôm t4 vắng nên được nâng lên phòng view biển luôn~ yêuuu ghê. thấy nhiều comment mọi người được nâng cấp phòng nên chắc ở đây họ luôn làm vậy nếu có phòng. cực kỳ nên đi trong tuần để cảm nhận được sự chill của khách sạn ^^ Địa điểm ổn~ trước cửa đi bộ 2' có hàng tạp hóa rồi. Thuê xe đi 10' là đến chợ đêm và 1 tỷ hàng ăn (rất nên thuê xe máy nhé mng chứ đi mấy ông xe điện toàn dẫn vào hàng đắt thôi). Xe điện thì tối là đỗ ở cửa nên mng đi lại dễ lắm. Kháchsạn có 2 bể bơi: 1 bể ngay dưới sảnh và 1 bể ở cách 50m, gần biển cơ mà chung chỗ với nhà hàng ăn của kháchsạn nên sáng bơi thì hơi kỳ. 2 bể đều đẹp nhưng lòng bể nên là gạch men thay vì đá ^^ mình bơi bị va tay vào xước luôn huhu. biển thì bơi được thôi chứ không đẹp lắm =)))) sáng thì bơi được chứ chiều thủy triều lên thì hơi ghê. Đồ ăn thì không có gì nổi bật. Buffet sáng có đổi món nhưng nói chung đi 1 vòng là hết món ăn được :( nói chung là tạm ổn thôi ăn tạm ạ. Phòng nhỏ gọn nhưng mát, sạch, đẹp. Nhân viên rấttt đáng yêu nha. Mọi người ai cũng cười cute và khá thân thiện hihi~ Nói chung là ổn trừ cái đồ ăn~",The Palmy Phu Quoc Resort & Spa,https://www.traveloka.com/en-vn/hotel/vietnam/the-palmy-phu-quoc-resort--spa-3000020008174
338,Khách sạn có muỗi trong phòng. Nhà tôi có con nhỏ bị muỗi đốt và sưng nhiều.,The Palmy Phu Quoc Resort & Spa,https://www.traveloka.com/en-vn/hotel/vietnam/the-palmy-phu-quoc-resort--spa-3000020008174
339,"Trước khi nhận phòng: khách sạn bảo không có dịch vu đưa đón sân bay free như liệt kê trong mô tả booking — gọi yêu cầu app — book taxi xong rồi khách sạn mới giải quyết. Lúc về gọi báo khách sạn có đưa đón sạn bay, khách sạn lại chối, lại phải bảo app báo có mà, rồi lại báo có. Chán! Phòng nhận được sàn dơ, nhờ lau thì nói 15ph xuống thì 1h sau phải gọi giục rồi mới xuống. Ngày hai yêu cầu dọn phòng buổi sáng mình ra ngoài nên nhờ tranh thủ, lúc về trưa thấy còn nguyên, chìu mình nhờ dọn lại. Thật sự sàn lau không sạch. Ăn sáng khỏi nói, đồ ăn vừa ít vừa không tươi vừa kiểu ỉu ỉu như để lâu. Nói chung mình không chọn khách sạn này lần hai!",The Palmy Phu Quoc Resort & Spa,https://www.traveloka.com/en-vn/hotel/vietnam/the-palmy-phu-quoc-resort--spa-3000020008174
340,"Khách sạn rất chu đáo khi cho xe đón tiễn sân bay. Nhân viên nhiệt tình, đồ ăn sáng rất ngon. View sát biển nhưng bãi hơi dốc. Điểm trừ là nhà hàng của resort khá nhiều muỗi",The Palmy Phu Quoc Resort & Spa,https://www.traveloka.com/en-vn/hotel/vietnam/the-palmy-phu-quoc-resort--spa-3000020008174
341,"Phòng trang trí theo phong cách Đông Dương, khá đẹp. Nhân viên lịch sự. Hồ bơi đẹp, bãi biển nhỏ. Đồ ăn sáng không phong phú, món nước nấu cho có.",The Palmy Phu Quoc Resort & Spa,https://www.traveloka.com/en-vn/hotel/vietnam/the-palmy-phu-quoc-resort--spa-3000020008174
342,"nhân viên khá friendly, hầu như mọi người ở PhúQuốc mình đều thấy friendly. Khu vực ngồi chờ của kháchsạn thông ra bên ngoài và bên cạnh hay đốt gì đó nên toàn khói. 2 hồ bơi sạch sẽ nhưng đợt mình đi ít có ai bơi lắm. Phòng sạch, sàn cũ, toilet hơi nhỏ, màn che trong toilet bị mốc, nếu không dùng thì không sao. Cửa phòng ọt ẹt, khoá thẻ từ của phòng không nhạy. Đồ ăn buffet tạm. View hồ bơi vô cực đẹp.",The Palmy Phu Quoc Resort & Spa,https://www.traveloka.com/en-vn/hotel/vietnam/the-palmy-phu-quoc-resort--spa-3000020008174
343,"Khách sạn thoáng, sạch, ok so với giá! Mà áp lực nước kém, nước nóng hơi lâu",The Palmy Phu Quoc Resort & Spa,https://www.traveloka.com/en-vn/hotel/vietnam/the-palmy-phu-quoc-resort--spa-3000020008174
344,"Nhân viên phục vụ rất tốt, nhiệt tình dễ chịu chu đáo. Khách sạn dễ thương, sạch sẽ thoải mái, là địa điểm thích hợp để ngắm hoàng hôn nha chứ muốn ngắm bình minh thì phải chọn khách sạn ở bờ bên kia",The Palmy Phu Quoc Resort & Spa,https://www.traveloka.com/en-vn/hotel/vietnam/the-palmy-phu-quoc-resort--spa-3000020008174
345,"Nhân viên thân thiện, nhiệt tình. Khách sạn cũ, ngủ 1 đêm dậy bị rệp (bed bugs) hoặc côn trùng cắn sưng đỏ đầy người và ngứa kinh khủng. Đồ ăn sáng nghèo nàn.",The Palmy Phu Quoc Resort & Spa,https://www.traveloka.com/en-vn/hotel/vietnam/the-palmy-phu-quoc-resort--spa-3000020008174
346,"Khách sạn có 2 hồ bơi, 1 hồ view tràn biển cách khách sạn 30, 1 hồ ngay trong khách sạn. Buffet sáng quá đơn giản, không phong phú. Nhân viên lễ tân và hành lí thì vui vẻ, nhưng nhân viên phục vụ nhà hàng thì quá tệ",The Palmy Phu Quoc Resort & Spa,https://www.traveloka.com/en-vn/hotel/vietnam/the-palmy-phu-quoc-resort--spa-3000020008174
347,"Phòng ok, tuy nhiên cánh cửa ọt ẹt khi mở đóng, có 2 hồ bơi",The Palmy Phu Quoc Resort & Spa,https://www.traveloka.com/en-vn/hotel/vietnam/the-palmy-phu-quoc-resort--spa-3000020008174
348,"Khách sạn có hồ bơi khá đẹp, ăn sáng cũng oke. Có điều phòng không được đẹp và sang như review . Đánh giá chung khoảng 7/10 thôi",The Palmy Phu Quoc Resort & Spa,https://www.traveloka.com/en-vn/hotel/vietnam/the-palmy-phu-quoc-resort--spa-3000020008174
349,Chuyến đi này rất thú vị cùng với gia đình,The Palmy Phu Quoc Resort & Spa,https://www.traveloka.com/en-vn/hotel/vietnam/the-palmy-phu-quoc-resort--spa-3000020008174
350,,The Palmy Phu Quoc Resort & Spa,https://www.traveloka.com/en-vn/hotel/vietnam/the-palmy-phu-quoc-resort--spa-3000020008174
351,Kì nghĩ trọn vẹn. nhân viên thân thiện.view đẹp cho ngắm hoàn hôn và bình minh. có bãi tắm riêng.là nơi lý tưởng cho nghĩ dưỡng,The Palmy Phu Quoc Resort & Spa,https://www.traveloka.com/en-vn/hotel/vietnam/the-palmy-phu-quoc-resort--spa-3000020008174
352,,The Palmy Phu Quoc Resort & Spa,https://www.traveloka.com/en-vn/hotel/vietnam/the-palmy-phu-quoc-resort--spa-3000020008174
353,,The Palmy Phu Quoc Resort & Spa,https://www.traveloka.com/en-vn/hotel/vietnam/the-palmy-phu-quoc-resort--spa-3000020008174
354,,The Palmy Phu Quoc Resort & Spa,https://www.traveloka.com/en-vn/hotel/vietnam/the-palmy-phu-quoc-resort--spa-3000020008174
355,"Tuyệt vời , rất xứng đáng ở và trải nghiệm",The Palmy Phu Quoc Resort & Spa,https://www.traveloka.com/en-vn/hotel/vietnam/the-palmy-phu-quoc-resort--spa-3000020008174
356,"Kì nghỉ tuyệt vời, dịch vụ tốt",The Palmy Phu Quoc Resort & Spa,https://www.traveloka.com/en-vn/hotel/vietnam/the-palmy-phu-quoc-resort--spa-3000020008174
357,Chất lượng phục vụ kém! Phòng không sạch se. Giường yếu hư hỏng. Bữa ăn sáng nghèo nàn Không đạt tiêu chuẩn 4*,The Palmy Phu Quoc Resort & Spa,https://www.traveloka.com/en-vn/hotel/vietnam/the-palmy-phu-quoc-resort--spa-3000020008174
358,"Khách sạn ok, dịch vụ ổn, nhân viên hỗ trợ tốt. Sàn phòng khi nhận hơi bẩn chút còn lại mọi thứ ok",The Palmy Phu Quoc Resort & Spa,https://www.traveloka.com/en-vn/hotel/vietnam/the-palmy-phu-quoc-resort--spa-3000020008174
359,"Phòng tuyệt đẹp, nhân viên thân thiện, sát biển nên rất mát, có hồ bơi nữa. Mình rất thích",The Palmy Phu Quoc Resort & Spa,https://www.traveloka.com/en-vn/hotel/vietnam/the-palmy-phu-quoc-resort--spa-3000020008174
360,"Khách sạn gần như sát biển, nhỏ xinh nhưng đủ yên tĩnh,có hồ bơi dạng vô cực. Phòng ở view đúng mặt trời và được ngắm trọn vẹn hoàng hôn Phú Quốc không cần đi đâu mất tiền. Mỗi tội lối vào hơi nhỏ và còn đang xấu vì các khách sạn khác xây dựng bên cạnh. Đồ ăn ổn, mùa vắng khách nên món hơi ít nhưng đủ no buổi sáng. Sẽ quay lại khi trở lại Phú Quốc",The Palmy Phu Quoc Resort & Spa,https://www.traveloka.com/en-vn/hotel/vietnam/the-palmy-phu-quoc-resort--spa-3000020008174
361,"Resort ở ngoài nhìn vào không có gì đặc sắc nhưng vào đến khu vực lễ tân, quay sang nhìn toà nhà lượn sóng và hồ bơi thì siêu đẹp. Phòng rộng rãi, được up phòng miễn phí. Bạn lễ tân với anh lái xe support cực nhiệt tình. Có hồ bơi view biển và view vườn. Đồ ăn sáng phần khá nhiều, ăn vị tạm ổn. Vị trí nằm ở trung tâm thị trấn Dương Đông, thuận tiện cho việc đi lại.",The Palmy Phu Quoc Resort & Spa,https://www.traveloka.com/en-vn/hotel/vietnam/the-palmy-phu-quoc-resort--spa-3000020008174
362,"Phục vụ tốt, sạch sẽ, đồ ăn ngon, view đẹp, giá phù hợp!",The Palmy Phu Quoc Resort & Spa,https://www.traveloka.com/en-vn/hotel/vietnam/the-palmy-phu-quoc-resort--spa-3000020008174
363,Hài lòng về kỳ nghỉ. Chỉ có bãi biển thì không được an toàn và thích lắm,The Palmy Phu Quoc Resort & Spa,https://www.traveloka.com/en-vn/hotel/vietnam/the-palmy-phu-quoc-resort--spa-3000020008174
364,"Khách sạn sạch sẽ và tiện nghi. Nhân viên nhiệt tình. Duy có một điểm trừ là bãi biển ở chỗ hoang vắng nên có nhiều rác, thậm chí cả vật liệu xây dựng nên tắm không thích lắm",The Palmy Phu Quoc Resort & Spa,https://www.traveloka.com/en-vn/hotel/vietnam/the-palmy-phu-quoc-resort--spa-3000020008174
365,Resort đẹp sạch sẽ phòng view biển đẹp . Lần sau có dịp sẽ ghé lại lần nữa,The Palmy Phu Quoc Resort & Spa,https://www.traveloka.com/en-vn/hotel/vietnam/the-palmy-phu-quoc-resort--spa-3000020008174
366,Đi ngay dịp dịch nên không có ăn sáng buffet còn lại mọi thứ đều ok,The Palmy Phu Quoc Resort & Spa,https://www.traveloka.com/en-vn/hotel/vietnam/the-palmy-phu-quoc-resort--spa-3000020008174
367,"Khách sạn nằm ở vị trí trung tâm đảo thuận tiện đi cả hai hướng bắc và nam của đảo. Khách sạn có hai hồ bơi khá sạch sẽ. Trong đó có một hồ bơi sát biển ngắm hoàng hôn và máy bay đáp xuống sân bay Phú Quốc khá chill. Bãi biển không lớn nhưng tắm biển cũng khá ổn. Phòng rộng,nội thất mới và sạch sẽ tuy nhiên không có bồn tắm là một điểm hạn chế. Vòi sen nước mạnh tắm rất thích. Mấy bạn lễ tân nhiệt tình và hỗ trợ chu đáo. Phòng mình được nâng hạng sea view miễn phí. Đồ ăn sáng không đa dạng lắm nhưng có đổi món mỗi ngày. Giờ ăn sáng là 6:30 nhưng mình phải check out sớm nên được khách sạn hỗ trợ cho mình ăn sáng 6:00. Nhìn chung khách sạn khá ổn, phù hợp với giá, là một lựa chọn tốt cho ai còn phân vân chưa biết nên ở đâu khi đến Phú Quốc.",The Palmy Phu Quoc Resort & Spa,https://www.traveloka.com/en-vn/hotel/vietnam/the-palmy-phu-quoc-resort--spa-3000020008174
368,"Khách sanh có quang cảnh đẹp. Phòng rộng, được nâng hạng view biển nên rất đẹp. Mọi điểm đều hài lòng, chỉ có bãi biển hơi gần chỗ đánh cá nên không được sạch lắm",The Palmy Phu Quoc Resort & Spa,https://www.traveloka.com/en-vn/hotel/vietnam/the-palmy-phu-quoc-resort--spa-3000020008174
369,"Khách sạn nhiệt tình, giá hợp lý. Vì vắng khách nên được nâng hạng phòng view biển. Phòng rộng và đẹp. Nói chung gia đình mình rất hài lòng",The Palmy Phu Quoc Resort & Spa,https://www.traveloka.com/en-vn/hotel/vietnam/the-palmy-phu-quoc-resort--spa-3000020008174
370,"Đầu tiên xin gửi lời cảm ơn đến bạn lễ tân đã hỗ trợ mình checkin phòng sớm. Ở đây thực sự rất OK, từ bên ngoài cho đến dịch vụ. Đặc biệt là hồ bơi ở phía nhà hàng view biển ngắm hoang hôn phải nói là cực phẩm.",The Palmy Phu Quoc Resort & Spa,https://www.traveloka.com/en-vn/hotel/vietnam/the-palmy-phu-quoc-resort--spa-3000020008174
371,"nhân viên nhiệt tình, hồ bơi vô cực rất đẹp",The Palmy Phu Quoc Resort & Spa,https://www.traveloka.com/en-vn/hotel/vietnam/the-palmy-phu-quoc-resort--spa-3000020008174
372,"Toilet nhỏ, nhà vệ sinh ở khu vực nhà hàng không nước, hết giấy vệ sinh và không được dọn dẹp",The Palmy Phu Quoc Resort & Spa,https://www.traveloka.com/en-vn/hotel/vietnam/the-palmy-phu-quoc-resort--spa-3000020008174
373,"Khách sạn gần sân bay và trung tâm thành phố, giá cả hợp lí, đồ ăn sáng ngon, không gian rộng, thoải mái",The Palmy Phu Quoc Resort & Spa,https://www.traveloka.com/en-vn/hotel/vietnam/the-palmy-phu-quoc-resort--spa-3000020008174
374,"Phòng hơi cũ kĩ, nằm trong hẻm hơi khó đi, view phòng khá ô kê, cảm ơn các bạn",The Palmy Phu Quoc Resort & Spa,https://www.traveloka.com/en-vn/hotel/vietnam/the-palmy-phu-quoc-resort--spa-3000020008174
375,"Khách sạn đẹp, nhân viên thân thiện",The Palmy Phu Quoc Resort & Spa,https://www.traveloka.com/en-vn/hotel/vietnam/the-palmy-phu-quoc-resort--spa-3000020008174
376,"phòng rộng rãi, sạch sẽ. hồ bơi đẹp",The Palmy Phu Quoc Resort & Spa,https://www.traveloka.com/en-vn/hotel/vietnam/the-palmy-phu-quoc-resort--spa-3000020008174
377,"Phòng giống như hình, sạch sẽ thoáng mát. Đặc biệt nhân viên rất thân thiện và cởi mở. Bữa sáng ăn buffet khá đa dạng và ngon. Tuy nhiên đường vào resort hơi xấu và khó đi. Nếu có cơ hội nhất định sẽ ở đây thêm lần nưã :)",The Palmy Phu Quoc Resort & Spa,https://www.traveloka.com/en-vn/hotel/vietnam/the-palmy-phu-quoc-resort--spa-3000020008174
378,"Nhà mình đi hooney moon ở the Palmy 3 đêm. Dịch vụ tốt, vào mùa ít khách nên được nâng phòng view free. Xin check out muộn cũng dễ dàng. Đồ ăn sáng ok. Lễ tân nhẹ nhàng. Điểm duy nhất không được chắc là bàn chải đánh răng cứng quá. Mình quên không đem. View biển ngắm hoàng hôn quá đẹp luôn.",The Palmy Phu Quoc Resort & Spa,https://www.traveloka.com/en-vn/hotel/vietnam/the-palmy-phu-quoc-resort--spa-3000020008174
379,"Khách sạn đang sửa chữa, quá ồn hồ bơi cạnh biển bãi tắm không sử dụng được, ăn sáng quá tệ, phòng ở tối mưa nước rịn từ kính vách vào. Rất tệ",The Palmy Phu Quoc Resort & Spa,https://www.traveloka.com/en-vn/hotel/vietnam/the-palmy-phu-quoc-resort--spa-3000020008174
380,"Khách sạn phục vụ tận tình, chu đáo, dịch vụ tốt hơn mong đợi mặc dù buffet sáng hơi ít món. Tuy nhiên, hơi tiếc tí xíu vì hồ bơi vô cực giáp biển và quầy bar bị phá hỏng do bão nên đang sửa chữa.",The Palmy Phu Quoc Resort & Spa,https://www.traveloka.com/en-vn/hotel/vietnam/the-palmy-phu-quoc-resort--spa-3000020008174
381,,The Palmy Phu Quoc Resort & Spa,https://www.traveloka.com/en-vn/hotel/vietnam/the-palmy-phu-quoc-resort--spa-3000020008174
382,"Ăn sáng buffet quá dở, ít món và không đổi món",The Palmy Phu Quoc Resort & Spa,https://www.traveloka.com/en-vn/hotel/vietnam/the-palmy-phu-quoc-resort--spa-3000020008174
383,Resort gần biển thích hợp gia đình nghỉ dưỡng. Gần suối tranh. Mọi thứ đều tốt trừ bữa sáng ít món.,The Palmy Phu Quoc Resort & Spa,https://www.traveloka.com/en-vn/hotel/vietnam/the-palmy-phu-quoc-resort--spa-3000020008174
384,"Nhân viên thân thiện, dễ thương, phòng sạch sẽ, cách âm không được tốt lắm và điểm trừ la khi các cô dọn vệ sinh không vệ sinh gương trong phòng, nhưng 9/10 để quay lại khi di Phú Quốc",The Palmy Phu Quoc Resort & Spa,https://www.traveloka.com/en-vn/hotel/vietnam/the-palmy-phu-quoc-resort--spa-3000020008174
385,"Mình chọn chỗ này vì cái hồ bơi và cái nhà hàng cạnh bờ biển. Mà khổ nỗi là hồ bơi buổi chiều mình tới chưa được dọn dẹp, không bơi được, sáng hôm sau hồ bơi cũng không được tràn viền như review. Nhà hàng với quầy bar cạnh bờ biển không mở cửa mùa mưa. Mọi người lưu ý chỗ này nha. Phòng view biển đẹp, ngắm xuống hồ bơi cũng okela lắm. Nhân viên cũng dễ thương. Free đưa đón sân bay 1 chiều",The Palmy Phu Quoc Resort & Spa,https://www.traveloka.com/en-vn/hotel/vietnam/the-palmy-phu-quoc-resort--spa-3000020008174
386,"Nhân viên nhiệt tình, thân thiện. Buffet sáng được refill liên tục",The Palmy Phu Quoc Resort & Spa,https://www.traveloka.com/en-vn/hotel/vietnam/the-palmy-phu-quoc-resort--spa-3000020008174
387,"View đẹp, decor tinh tế, dịch vụ cũng ok, mình rất hài lòng",The Palmy Phu Quoc Resort & Spa,https://www.traveloka.com/en-vn/hotel/vietnam/the-palmy-phu-quoc-resort--spa-3000020008174
388,"Rất tốt, yên tĩnh, đầy đủ tiện nghi",The Palmy Phu Quoc Resort & Spa,https://www.traveloka.com/en-vn/hotel/vietnam/the-palmy-phu-quoc-resort--spa-3000020008174
389,"* Về thái độ nhân viên - Trước tiên khi tôi đến khách sạn lại không được phụ mang hành lí đến phòng. Nữ tiếp tân đi nhanh nhanh dẫn lên phòng mặc cho chúng tôi khiên hành lí vất vả. - buổi sáng khi chúng tôi đang dùng bữa thì nhân viên đến dọn đũa và nĩa, dĩa của tôi, trong khi tôi vẫn còn đang sử dụng, bạn ấy lái đũa chọi rất mạnh vào mâm,phát ra âm thanh lớn, chúng tôi nghĩ bạn ấy rất thiếu lịch sự vì không hề hỏi xem tôi có còn dùng ko, mà đã dọn. - tôi đã xin phép tiếp tân để check out muộn 15 phút vì hành lí hơi nhiều, bạn ấy đã chấp nhận, tuy nhiên khi tôi đang dọn phòng thì 3 người vệ sinh liên tục rõ cửa hối chúng tôi ra mặc dù tôi đã được chấp thuận cho trễ 15phút. Quản lí có thái độ coi thường khách Việt. - khi họ dọn phòng xong tôi vẫn còn ngồi ở sảnh, mặc dù biết tôi để quên đồ mua để đem về làm quà cho gia đình nhưng họ vẫn không nhắc tôi. * Về cơ sở vật chất khách sạn - khách sạn có hồ bơi đẹp, bãi biển đẹp, đồ ăn sáng vừa miệng. - còn lại về nội thất, giường, tủ, gạch rất cũ và nền gạch dơ. - đèn trong phòng tối, rất tối.",The Palmy Phu Quoc Resort & Spa,https://www.traveloka.com/en-vn/hotel/vietnam/the-palmy-phu-quoc-resort--spa-3000020008174
390,"Resort view đẹp, khá sạch sẽ và thoải mái. Các bạn nhân viên thân thiện tuy nhiên service chưa được chuyên nghiệp lắm, có thể do chưa quen việc. Đồ ăn chưa ngon lắm.",The Palmy Phu Quoc Resort & Spa,https://www.traveloka.com/en-vn/hotel/vietnam/the-palmy-phu-quoc-resort--spa-3000020008174
391, Ấn tượng đầu tiên của tôi về Palmy resort là không gian tiếp khách với phong cách kién trúc Indochine rất độc đáo cùng hai bể bơi rất đẹp. Các phòng của khách sạn thiết kế hợp lý để có thể nhìn ra biển bà bể bơi. nhân viên thân thiện và nhiệt tình. Điểm tôi chưa cảm thấy hài lòng lắm là nút điều chỉnh chế độ của vòi sen tắm và khăn tắm không được giặt thơm tho lắm mỗi khi thay phòng. Nhìn chung Palmy là 1 resort tốt trong tầm giá và đáng trải nghiệm.,The Palmy Phu Quoc Resort & Spa,https://www.traveloka.com/en-vn/hotel/vietnam/the-palmy-phu-quoc-resort--spa-3000020008174
392,"nhận phòng chậm trễ, nhan vien thieu chuyen nghiep, phòng không xứng với số tiền, phòng bên cạnh nói chuyện bình thường thì phòng bên này nghe thấy rõ 100%, không có sự riêng tư",The Palmy Phu Quoc Resort & Spa,https://www.traveloka.com/en-vn/hotel/vietnam/the-palmy-phu-quoc-resort--spa-3000020008174
393,"Resort gần trung tâm, phòng rộng đẹp tuy nhiên cách âm chưa thật tốt. Dịch vụ tốt, nhân viên thân thiện.",The Palmy Phu Quoc Resort & Spa,https://www.traveloka.com/en-vn/hotel/vietnam/the-palmy-phu-quoc-resort--spa-3000020008174
394,"Cũng được. Phòng hơi cũ, nền gạch trầy trụa, nếu lót thảm sẽ đẹp hơn, phòng nhiều muỗi. Dịch vụ và nhân viên ok",The Palmy Phu Quoc Resort & Spa,https://www.traveloka.com/en-vn/hotel/vietnam/the-palmy-phu-quoc-resort--spa-3000020008174
395,"Phòng sạch sẽ. Cách trung tâm 4km nhưng ở ngay sát biển, mình thuê xe máy nên thấy không xa. Nhân viên nhiệt tình và thân thiện",The Palmy Phu Quoc Resort & Spa,https://www.traveloka.com/en-vn/hotel/vietnam/the-palmy-phu-quoc-resort--spa-3000020008174
396,"Mình thấy the palmy khá oki, là khách sạn mình muốn ghé lại, duy chỉ có phòng view biển là hơi fail 1 tý vì đa phần là hướng chech chech biển..",The Palmy Phu Quoc Resort & Spa,https://www.traveloka.com/en-vn/hotel/vietnam/the-palmy-phu-quoc-resort--spa-3000020008174
397,"Đặt 2 phòng cạnh nhau cho gia đình 4 người nhưng khi đến nhận 1 phòng lầu 9, 1 phòng lầu 10. Phòng lầu 9 oke sạch sẽ, view đẹp. Còn phòng lầu 10 phải đi thang bộ từ lầu 9 lên nên sẽ không thích hợp cho người già và trẻ nhỏ. Phòng lầu 10 chắc do mới bổ sung sau nên chưa được hoàn thiện, sàn nhà còn đang tráng dở, chưa lát gạch, nên không sạch sẽ thẩm mỹ phòng có mùi hơi ẩm, trần nhà thấp và hơi bé hơn so với phòng lầu 9. Buffet sáng đa dạng đồ ăn, sạch sẽ, view ra hồ bơi và biển Nhân viên lễ tân phục vụ nhiệt tình chu đáo Sảnh chờ trang trí đẹp, có nhạc yên tĩnh Spa đang trong quá trình sửa chửa nên không sử dung được dịch vụ Hồ bơi vô cực đẹp nhưng tắt đèn quá sớm nên khách sẽ không có cơ hội bơi ban đêm",The Palmy Phu Quoc Resort & Spa,https://www.traveloka.com/en-vn/hotel/vietnam/the-palmy-phu-quoc-resort--spa-3000020008174
398,,The Palmy Phu Quoc Resort & Spa,https://www.traveloka.com/en-vn/hotel/vietnam/the-palmy-phu-quoc-resort--spa-3000020008174
399,"Kỳ nghỉ tuyệt vời, yên bình. Phòng sạch, rộng view đẹp. Đồ dùng tiện ích đầy đủ. Đồ ăn sáng khá OK. Mình rất hài lòng.",The Palmy Phu Quoc Resort & Spa,https://www.traveloka.com/en-vn/hotel/vietnam/the-palmy-phu-quoc-resort--spa-3000020008174
400,,The Palmy Phu Quoc Resort & Spa,https://www.traveloka.com/en-vn/hotel/vietnam/the-palmy-phu-quoc-resort--spa-3000020008174
401,"Dịch vụ tốt, có xe đưa đón sân bay miễn phí. Phòng sạch và đẹp",The Palmy Phu Quoc Resort & Spa,https://www.traveloka.com/en-vn/hotel/vietnam/the-palmy-phu-quoc-resort--spa-3000020008174
402,"Khách sạn rất sạch sẽ, yên tĩnh. Nhân viên nhiệt tình. Hồ bơi nhìn ra biển tuyệt đẹp. Nếu có cơ hội mình sẽ quay lại lần nữa.",The Palmy Phu Quoc Resort & Spa,https://www.traveloka.com/en-vn/hotel/vietnam/the-palmy-phu-quoc-resort--spa-3000020008174
403,"Khách sạn có hồ bơi cực kì đẹp, đặc việc lúc hoàng hôn, nhân viên nhiệt tình, mình vào sớm 10h mà khách sạn đã hỗ trợ cho check in",The Palmy Phu Quoc Resort & Spa,https://www.traveloka.com/en-vn/hotel/vietnam/the-palmy-phu-quoc-resort--spa-3000020008174
404,Một kỳ nghỉ tuyệt vời tại nơi đây. Sẽ quay lại,The Palmy Phu Quoc Resort & Spa,https://www.traveloka.com/en-vn/hotel/vietnam/the-palmy-phu-quoc-resort--spa-3000020008174
405,,The Palmy Phu Quoc Resort & Spa,https://www.traveloka.com/en-vn/hotel/vietnam/the-palmy-phu-quoc-resort--spa-3000020008174
406,khách sạn sạch. đẹp yên tỉnh. nhân vui vẻ.,The Palmy Phu Quoc Resort & Spa,https://www.traveloka.com/en-vn/hotel/vietnam/the-palmy-phu-quoc-resort--spa-3000020008174
407,"Vì là chuyến du lịch đầu tiên ở phú quốc nên mình rất cân nhắc việc lựa chọn 1 khách sạn tốt cho chuyến đi cảm thấy vui hơn và mình đã chọn khách sạn the plamy, nhân viên thân thiện, mình book phòng 2 người view sân vườn, nhưng đến thì mình lại muốn có thêm bồn tắm, và bên khách sạn lại ưu đãi đổi cho mình view biển và có bồn tắm nên cảm thấy luôn nhiệt tình với khách hàng, phòng sạch se, rộng rãi, hồ bơi sạch, thiết kế ok, có cả quần bar, bàn bida để giải trí, ăn sáng buffe mỗi ngày đều thay đổi thực đơn khiến mình không thấy ngán lắm ! Nói chung cảnh xung quanh đẹp ! Ok thoải mái sống ảo ! Lần sau nếu có du lịch phú quốc sẽ quay lại",The Palmy Phu Quoc Resort & Spa,https://www.traveloka.com/en-vn/hotel/vietnam/the-palmy-phu-quoc-resort--spa-3000020008174
408,,The Palmy Phu Quoc Resort & Spa,https://www.traveloka.com/en-vn/hotel/vietnam/the-palmy-phu-quoc-resort--spa-3000020008174
409,"Resort có view đẹp, lịch sự, giá phù hợp, buffet sáng ngon. Tuy nhiên vị trí trên google map và app đều sai.",The Palmy Phu Quoc Resort & Spa,https://www.traveloka.com/en-vn/hotel/vietnam/the-palmy-phu-quoc-resort--spa-3000020008174
410,Khách sạn rất đẹp. Thích hợp để nghỉ dưỡng,The Palmy Phu Quoc Resort & Spa,https://www.traveloka.com/en-vn/hotel/vietnam/the-palmy-phu-quoc-resort--spa-3000020008174
411,Thức ăn sáng không đa dạng. Phòng nhỏ và nóng,The Palmy Phu Quoc Resort & Spa,https://www.traveloka.com/en-vn/hotel/vietnam/the-palmy-phu-quoc-resort--spa-3000020008174
412,Resort có nhiều muỗi. Phòng tắm không có chỗ treo đồ/ khăn tắm khi khăn bị ướt. Máy lạnh lúc mát lúc không,The Palmy Phu Quoc Resort & Spa,https://www.traveloka.com/en-vn/hotel/vietnam/the-palmy-phu-quoc-resort--spa-3000020008174
413,Không gian cũ. Máy lạnh hỏng. Thái độ nhân viên bảo trì cực kỳ tệ,The Palmy Phu Quoc Resort & Spa,https://www.traveloka.com/en-vn/hotel/vietnam/the-palmy-phu-quoc-resort--spa-3000020008174
414,"Resort có đến 2 hồ bơi, 1 ở ngay sảnh chờ và 1 ở sát bờ biển nên rất đẹp. Nhân viên rất dễ thương, thân thiện và nhiệt tình. Có dịch vụ cho thuê xe máy để đi tham quan chỉ 200k/ngày, và cả dịch vụ đưa ra sân bay miễn phí. Bữa sáng miễn phí rất phong phú và ngon. Phòng rất sạch sẽ và thoáng mát, nhà vệ sinh và nhà tắm riêng biệt. Vừa tắm vừa ngắm hoàng hôn 😊. Nếu có dịp đi Phú Quốc mình sẽ quay lại đây!",The Palmy Phu Quoc Resort & Spa,https://www.traveloka.com/en-vn/hotel/vietnam/the-palmy-phu-quoc-resort--spa-3000020008174
415,"4* nhưng phòng nhiều muỗi, đồ dùng cần thiết không đủ, không có khăn mặt mặc dù mình không bao giờ dùng đồ của khách sạn. Thái độ nhân viên không tốt: khi mình trả phòng có gửi đồ lại để đi ăn nhưng nhân viên mãi không có động thái gì, phải gọi đến 2 lần mới ra viết phiếu gửi đồ cho mình. Phòng ốc thì cũng đẹp nhưng mình sẽ không bao giờ quay lại khách sạn này 1 lần nào nữa. Nếu đánh giá thì khách sạn này chỉ đáng giá 2*",The Palmy Phu Quoc Resort & Spa,https://www.traveloka.com/en-vn/hotel/vietnam/the-palmy-phu-quoc-resort--spa-3000020008174
416,,The Palmy Phu Quoc Resort & Spa,https://www.traveloka.com/en-vn/hotel/vietnam/the-palmy-phu-quoc-resort--spa-3000020008174
417,"Phòng đẹp, rộng rãi, gần biển, thích hợp thư giãn, nghỉ dưỡng",The Palmy Phu Quoc Resort & Spa,https://www.traveloka.com/en-vn/hotel/vietnam/the-palmy-phu-quoc-resort--spa-3000020008174
418,"Đầu tiên, mình có chuyến đi 2 người tại The Palmy Phú Quốc Resort & Spa.. nhân viên khá nhiệt tình, vui vẻ! Giờ giấc thì đúng 14:00 mới được vào check-in (chứ không cho phép sớm trước 14h) tuy nhiên, phòng mình đặt là view sân vườn, và phòng khá nhiều Muỗi @@! Đã báo lễ tân kiểm tra phòng, sau đó có nhân viên lên phòng xịt Muỗi, mùi xịt rất khó chịu nên đã yêu cầu đổi sang phòng khác, và mình cũng đã được chuyển sang phòng khác ""ít Muỗi hơn"". Thứ hai, resort có 2 khu hồ bơi View khá đẹp (hồ bơi bên phía khu restaurant view Biển sẽ đẹp hơn), có thể ngồi nghĩ ngơi, gọi ly Nước uống và ngắm Hoàng Hôn khá đẹp tại đây. Thứ ba, Resort có buffet sáng tại khu restaurant, hồ bơi này! Buffet tương đối món, cũng không có nhiều lựa chọn, nói chung cũng được. Chung quy lại, mình cũng khá hài lòng về View resort, buffet, tuy nhiên không hài lòng về Phòng ở khá nhiều Muỗi. Đánh giá bản thân: 3,8* / 5*",The Palmy Phu Quoc Resort & Spa,https://www.traveloka.com/en-vn/hotel/vietnam/the-palmy-phu-quoc-resort--spa-3000020008174
419,"Phòng đẹp, cảm giác thoải mái, phòng view nhìn ra biển ok, resort có bể bơi riêng cũng khá đẹp. Nhân viên nhiệt tình, vui vẻ. Hài lòng",The Palmy Phu Quoc Resort & Spa,https://www.traveloka.com/en-vn/hotel/vietnam/the-palmy-phu-quoc-resort--spa-3000020008174
420,"Nước nóng lạnh bị hư lúc có lúc không, hơi muỗi",The Palmy Phu Quoc Resort & Spa,https://www.traveloka.com/en-vn/hotel/vietnam/the-palmy-phu-quoc-resort--spa-3000020008174
421,"khách sạn quá nhiều muỗi, không ngủ nổi. nhà vệ sinh bé. chán",The Palmy Phu Quoc Resort & Spa,https://www.traveloka.com/en-vn/hotel/vietnam/the-palmy-phu-quoc-resort--spa-3000020008174
422,"Phòng đẹp , hướng biển , tuyệt vời",The Palmy Phu Quoc Resort & Spa,https://www.traveloka.com/en-vn/hotel/vietnam/the-palmy-phu-quoc-resort--spa-3000020008174
423,"resort có quá nhiều muỗi. nhà vệ sinh bé, vòi sen không cẩn thận thì ướt hết người",The Palmy Phu Quoc Resort & Spa,https://www.traveloka.com/en-vn/hotel/vietnam/the-palmy-phu-quoc-resort--spa-3000020008174
424,,The Palmy Phu Quoc Resort & Spa,https://www.traveloka.com/en-vn/hotel/vietnam/the-palmy-phu-quoc-resort--spa-3000020008174
425,nhân viên đong nhưng check in quá chậm... nhân viên không mang hành lý lên phòng cho khách,The Palmy Phu Quoc Resort & Spa,https://www.traveloka.com/en-vn/hotel/vietnam/the-palmy-phu-quoc-resort--spa-3000020008174
426,"Khách sạn cho thuê xe mắc. 2/9/2018 cho thuê 130k, sau 3 tháng lên 200k. 2/9/2018 khách sạn bao taxi cho khách đi sân bay và ngược lại, bây giờ phải tự trả. Đồ ăn sáng ít món",The Palmy Phu Quoc Resort & Spa,https://www.traveloka.com/en-vn/hotel/vietnam/the-palmy-phu-quoc-resort--spa-3000020008174
427,"Kỳ nghỉ vui vẻ. Thân thiện, tốt.",The Palmy Phu Quoc Resort & Spa,https://www.traveloka.com/en-vn/hotel/vietnam/the-palmy-phu-quoc-resort--spa-3000020008174
428,"Decor phòng và resort rất xinh, có bãi biển riêng, đi vào chợ đêm tầm 4km, đồ ăn sáng khá ổn. Nhưng phòng wc hơi bé, ban đầu hệ thống thoát nước không tốt, mình phản ánh với nhân viên thì đã được hỗ trợ giải quyết ngay. Cảm thấy hài lòng và sẽ quay lại",The Palmy Phu Quoc Resort & Spa,https://www.traveloka.com/en-vn/hotel/vietnam/the-palmy-phu-quoc-resort--spa-3000020008174
429,"khách sạn có view đẹp, ăn sáng được!",The Palmy Phu Quoc Resort & Spa,https://www.traveloka.com/en-vn/hotel/vietnam/the-palmy-phu-quoc-resort--spa-3000020008174
430,Phòng khách sạn thiết kế rất đẹp riêng tư yên tĩnh,The Palmy Phu Quoc Resort & Spa,https://www.traveloka.com/en-vn/hotel/vietnam/the-palmy-phu-quoc-resort--spa-3000020008174
431,"Nhân viên ở khách sạn rất tuyệt vời ở tất cả các bộ phận, đặc biệt là chị tóc ngắn ở nhà hàng rất thân thiện. Cám ơn các bạn nhân viên đã cho tôi và gia đình kì nghỉ tuyệt vời.",The Palmy Phu Quoc Resort & Spa,https://www.traveloka.com/en-vn/hotel/vietnam/the-palmy-phu-quoc-resort--spa-3000020008174
432,"Khách sạn còn mới, phòng ốc sạch sẽ, hồ bơi đẹp, ăn sáng phong phú, đi xuống biển tắm cũng dễ dàng, từ resort đi vào trung tâm hoặc ra sân bay cũng thuận tiện, không xa. Nhân viên nhiệt tình, chu đáo. Thanh Hải",The Palmy Phu Quoc Resort & Spa,https://www.traveloka.com/en-vn/hotel/vietnam/the-palmy-phu-quoc-resort--spa-3000020008174
433,"khách sạn còn mới và rất đẹp, không gian thoải mái, phục vụ chuyên nghiệp, rất chu đáo, có dịch vụ đưa đón đến sân bay, trong phòng đầy đủ tiện nghi, ăn sáng buffet nhiều món, ngon. biển trong sạch, hồ bơi đẹp, mọi thứ đều tuyệt vời",The Palmy Phu Quoc Resort & Spa,https://www.traveloka.com/en-vn/hotel/vietnam/the-palmy-phu-quoc-resort--spa-3000020008174
434,"Nhân viên phục tụ tốt. Phòng ơi nhung ban đầu vào phong đầu tiên máy lạnh bi hư, đợi sửa và đổi phòng khá lâu để gọi hỏi hoài. Ngoài ra mọi việc đều tốt.",The Palmy Phu Quoc Resort & Spa,https://www.traveloka.com/en-vn/hotel/vietnam/the-palmy-phu-quoc-resort--spa-3000020008174
435,,The Palmy Phu Quoc Resort & Spa,https://www.traveloka.com/en-vn/hotel/vietnam/the-palmy-phu-quoc-resort--spa-3000020008174
436,Khac san tot! Phong dep! Ho boi dep.,The Palmy Phu Quoc Resort & Spa,https://www.traveloka.com/en-vn/hotel/vietnam/the-palmy-phu-quoc-resort--spa-3000020008174
437,khách sạn mới xây nên bên ngoài đang làm công trình hơi dơ bụi,The Palmy Phu Quoc Resort & Spa,https://www.traveloka.com/en-vn/hotel/vietnam/the-palmy-phu-quoc-resort--spa-3000020008174
438,Mọi thứ đều tuyệt vời. Phòng đẹp view đẹp. Chỉ có spa hơi thất vọng,The Palmy Phu Quoc Resort & Spa,https://www.traveloka.com/en-vn/hotel/vietnam/the-palmy-phu-quoc-resort--spa-3000020008174
439,"Mọi thứ đều tuyệt vời, phòng đẹp, nhân viên thân thiện nhiệt tình... resort đẹp",The Palmy Phu Quoc Resort & Spa,https://www.traveloka.com/en-vn/hotel/vietnam/the-palmy-phu-quoc-resort--spa-3000020008174
440,"Tôi đã có một trải nghiệm tuyệt vời ở Mango Bay, chèo thuyền kayak, lặn ngắm san hô, ngắm hoàng hôn. Nhưng đồ ăn buffet không đa dạng và vị hơi mặn.",Mango Bay Resort,https://www.traveloka.com/en-vn/hotel/vietnam/mango-bay-resort-1000000452588
441,"Quá tuyệt vời. Nhiều trải nghiệm thú vị, thực sự là kỳ nghỉ dưỡng ý nghĩa. Nhất định sẽ quay lại. Cảm ơn Mango Bay về tất cả dịch vụ.",Mango Bay Resort,https://www.traveloka.com/en-vn/hotel/vietnam/mango-bay-resort-1000000452588
442,"Tôi đã có 1 kì nghỉ thoải mái tại đây, không khí rất dễ chịu, nhân viên thân thiện, nhiệt tình, đồ ăn rất ngon, cảnh rất đẹp. Cảm ơn Mango Bay resort rất nhiều!",Mango Bay Resort,https://www.traveloka.com/en-vn/hotel/vietnam/mango-bay-resort-1000000452588
443,"Nhân viên thân thiện, nhiệt tình, phòng xinh, sạch sẽ, view đẹp, đồ ăn, cà phê ngon",Mango Bay Resort,https://www.traveloka.com/en-vn/hotel/vietnam/mango-bay-resort-1000000452588
444,Đây là lần t2 t ở Mango Bay. Mọi thứ quá tuyệt vời 👏,Mango Bay Resort,https://www.traveloka.com/en-vn/hotel/vietnam/mango-bay-resort-1000000452588
445,Rất vui vì tôi đã có một kỳ nghỉ thực sự ý nghĩa. Nhân viên thân thiện và nhiệt tình. Nhưng khách sạn nên cải thiện bữa sáng phong phú hơn,Mango Bay Resort,https://www.traveloka.com/en-vn/hotel/vietnam/mango-bay-resort-1000000452588
446,"Phòng sạch sẽ, nhân viên dễ thương, tận tình chăm sóc khách.",Mango Bay Resort,https://www.traveloka.com/en-vn/hotel/vietnam/mango-bay-resort-1000000452588
447,"Khung cảnh và thiết kế Mango gần gũi với thiên nhiên, nhân viên thân thiện, nhiệt tình chỉ dẫn hỗ trợ trong thời gian ở đây. Đồ ăn sáng khá ngon, nước uống và đồ ăn ở nhà hàng ổn. Điểm trừ là giữa các căn Vila liền nhau xử lý cách âm chưa tốt. Nếu được lựa chọn, mình sẽ đến và trải nghiệm thêm căn hộ villa biệt lập tại đây. Highly recommend!",Mango Bay Resort,https://www.traveloka.com/en-vn/hotel/vietnam/mango-bay-resort-1000000452588
448,"Phòng rất thoải mái, theo xu hướng eco resort, phòng tắm lộ thiên nên mình không thích lắm Bù lại Một trong những trải nghiệm xứng đáng nhất ở Phú Quốc: ăn tối - ngắm hoàng hôn ở nhà hàng On The Rock của Mango Bay Thức ăn ngon, nhâm nhi 1 ly cocktail 🍸 nhưng lại say vì cảnh biển quá đẹp trước mắt. Không hề ồn ào, tưởng tượng chỉ có mình và tiếng sóng vỗ thôi. Trời đẹp quá nên chỉ muốn up ảnh gốc :)), không thèm chỉnh gì nữa :)))) Dù buổi tối có mưa phải dời bàn vào trong nhưng có được chiếc view này khi ăn đã quá mãn nhãn ròi ☺️.",Mango Bay Resort,https://www.traveloka.com/en-vn/hotel/vietnam/mango-bay-resort-1000000452588
449,"Mình và em gái đã xem và đọc rất nhiều review về Mango bay trước khi đưa cả gia đình tới đây. Vấn đề lớn nhất chắc là muỗi và côn trùng tuy nhiên cả nhà mình đều không bị muỗi đốt và đêm ngủ ngon không ngứa ngáy gì cả. Đối với các bạn du lịch hiện đại thì chắc là sẽ không hợp và thấy không xứng với giá tiền, mỗi người có quan điểm và mong muốn trải nghiệm riêng nên mình chỉ chia sẻ trên quan điểm của mình. Mango bay là nơi đáng quay lại, nhân viên dễ thương, thân thiện. Thật sự đến đây chỉ cần nằm ở resort chơi, tận hưởng không khí trong lành là mãn nguyện rồi. Tuy nhiên mình hi vọng resort sẽ đa dạng hoá menu hơn, đồ ăn cũng không có gì đặc sắc lắm và ít lựa chọn quá. Ở đây nhiều cây nên đỡ nóng và dễ chịu hơn resort mình từng ở Phú Quốc trước đó nhiều. Rất chilllllll",Mango Bay Resort,https://www.traveloka.com/en-vn/hotel/vietnam/mango-bay-resort-1000000452588
450,mọi thứ ở đây đều tuyệt vời. nhất định sẽ quay lại đây cho những lần ghé sau,Mango Bay Resort,https://www.traveloka.com/en-vn/hotel/vietnam/mango-bay-resort-1000000452588
451,"Nhân viên thân thiện dễ thương, nhà hàng view đẹp (cuối tuần nên đặt bàn trước để có được bàn ở ngoài), tuy nhiên thì phòng khá nhiều muỗi, không có điều hoà nên tương đối nóng, phòng có nhiều lỗ thông nên côn trùng, tắc kè (có con lớn bằng bắp tay), và thạch thùng thoải mái bò ra và ngoài phòng. Bạn nào sợ các con trên thì nên lưu ý trước nhé. Hình ở dưới chỉ là 1 em tắc kè be bé thôi ạ",Mango Bay Resort,https://www.traveloka.com/en-vn/hotel/vietnam/mango-bay-resort-1000000452588
452,"Hơi ngứa, được gặp tổng hợp loài côn trùng+bò sát nếu các bạn muốn trải nghiệm cuộc sống tanzan",Mango Bay Resort,https://www.traveloka.com/en-vn/hotel/vietnam/mango-bay-resort-1000000452588
453,"Mình thấy ở Mango không xứng đáng với giá tiền, trời mưa đường đất rất bần, nhà vệ sinh lộ thiên nhiều côn trùng, và rất nhiều muỗi, phòng ốc thì tối, không có sẵn máy sấy + điện thoại bàn gọi lễ tân, ở xa trung tâm nên buổi tối chán lắm nên mn cân nhắc nha, thật sự chỉ recommend mn đặt bàn đến ăn nhà hàng on the rock ngắm hoàng hôn thôi (dc cái view thôi ah, đồ ăn mình thấy vừa đắt vừa không ngon - hôm mình ăn nêm đồ rất mặn)",Mango Bay Resort,https://www.traveloka.com/en-vn/hotel/vietnam/mango-bay-resort-1000000452588
454,"Di chuyển : tuy chuyến bay về bị delay 30 phút nhưng nhìn chung vẫn đáp ứng thời gian bay hợp lý. Chỗ ở : nhân viên phục vụ nhiệt tình, chu đáo, luôn vui vẻ với khách, chủ động liên hệ với khách trước khi nhận phòng, thủ tục check in nhanh gọn",Mango Bay Resort,https://www.traveloka.com/en-vn/hotel/vietnam/mango-bay-resort-1000000452588
455,"Rất hài lòng, nhất định mình sẽ quay lại Mango Bay ❤️",Mango Bay Resort,https://www.traveloka.com/en-vn/hotel/vietnam/mango-bay-resort-1000000452588
456,"Thích hợp nghỉ dưỡng, nhà hàng giá cả phải chăng đồ ăn ngon",Mango Bay Resort,https://www.traveloka.com/en-vn/hotel/vietnam/mango-bay-resort-1000000452588
457,Menu nhà hàng đã thay đổi nên không phù hợp lắm,Mango Bay Resort,https://www.traveloka.com/en-vn/hotel/vietnam/mango-bay-resort-1000000452588
458,Gia đình m đã có 1 kì nghỉ ấn tượng tại resort. Kỉ niệm đẹp đáng nhớ,Mango Bay Resort,https://www.traveloka.com/en-vn/hotel/vietnam/mango-bay-resort-1000000452588
459,"Mango Bay rất thư giãn, nhân viên tuyệt vời",Mango Bay Resort,https://www.traveloka.com/en-vn/hotel/vietnam/mango-bay-resort-1000000452588
460,,Mango Bay Resort,https://www.traveloka.com/en-vn/hotel/vietnam/mango-bay-resort-1000000452588
461,"- Phòng giá cao nhưng bên tròng phòng bố trí rất đơn giản , không có máy lạnh , có bò sát to bằng bàn chân ở trong phòng làm tôi rất sợ . - Nhân viên không niềm nở nhiệt tình và khó chịu . Bữa sáng gọi món nghèo nàn , gọi thêm bị mất phí , kể cả tráng miệng như trái cây cũng bị tính tiền . - Dịch vụ không xứng đáng với số tiền đã bỏ ra so với tầm resort . - Ở đây chỉ được 1 view quán ăn chụp hình đón hoàng hôn nổi tiếng trên mạng , ngoài ra chẳng còn gì , bờ biển ra tắm biển đoạn biển này khá xấu , còn có vài ngôi mộ trong khu - Bạn có thể ghé ngang để ăn buổi chiều tối , chứ đừng nghỉ đêm tại đây nhé !! Cùng tầm giá 1tr8 bạn ở bất cứ khách sạn 5 sao nào khác thì dịch vụ chắc chắn sẽ tốt hơn nhiều Sẽ không bao giờ quay lại , và chắc chắn sẽ không giới thiệu cho bất cứ ai đến đây",Mango Bay Resort,https://www.traveloka.com/en-vn/hotel/vietnam/mango-bay-resort-1000000452588
462,"Nhân viên phục vụ nhiệt tình Không gian yên tĩnh Cảm giác hoang sơ Phù hợp nghỉ dưỡng Phòng không có tivi, Cảm giác như sống ở một căn nhà Việt Nam thời xưa cũ Giá rất đắt (coca cola = 60K)",Mango Bay Resort,https://www.traveloka.com/en-vn/hotel/vietnam/mango-bay-resort-1000000452588
463,"Phòng rất ok, khuôn viên rất rộng và nhiều cây xanh. Tuy nhiên đèn trong phòng độ sáng còn khá tối",Mango Bay Resort,https://www.traveloka.com/en-vn/hotel/vietnam/mango-bay-resort-1000000452588
464,"Mọi thứ rất ổn, yên tĩnh, nhân viên khá chu đáo",Mango Bay Resort,https://www.traveloka.com/en-vn/hotel/vietnam/mango-bay-resort-1000000452588
465,Chất lượng dịch vụ và phòng nghỉ tuyệt vời. Chắc chắn sẽ quay trở lại.,Mango Bay Resort,https://www.traveloka.com/en-vn/hotel/vietnam/mango-bay-resort-1000000452588
466,,Mango Bay Resort,https://www.traveloka.com/en-vn/hotel/vietnam/mango-bay-resort-1000000452588
467,,Mango Bay Resort,https://www.traveloka.com/en-vn/hotel/vietnam/mango-bay-resort-1000000452588
468,,Mango Bay Resort,https://www.traveloka.com/en-vn/hotel/vietnam/mango-bay-resort-1000000452588
469,"Vợ chồng mình đã có kỳ nghỉ rất tuyệt với Mango Bay, nơi ở đúng như sở thích, nhà hàng với những món rất vừa miệng, nhân viên luôn vui vẻ. Chỉ có điều mình đến với Phú Quốc không đúng dịp nên chưa đi được nơi nào tham quan do mưa nhiều quá. Nhưng coi như là định mệnh để vợ chồng mình lại đến với Mango Bay lần nữa. Cảm ơn đội ngũ nhân viên rất nhiều ",Mango Bay Resort,https://www.traveloka.com/en-vn/hotel/vietnam/mango-bay-resort-1000000452588
470,"Sạch sẽ, yên tĩnh, đáng để quay lại",Castaways Resort Phu Quoc,https://www.traveloka.com/en-vn/hotel/detail?spec=13-05-2023.14-05-2023.1.1.HOTEL.1000000553965.Castaways%20Resort%20Phu%20Quoc.1&contexts=%7B%22inventoryRateKey%22%3A%22povEwB3ZzsU2C6pd%2B6MdUwKh3BcjHsHvQbV0EUcyDRFM0tKsNUio4Rxug1zOzHJilcvZa8YdqqIySdppe7dolTIewZlxfjiOGz6oXLTucMvN0%2BgQ3yZPvZcoHwUFNN%2BZpcr%2F%2FNa8o9ElfN8zOYhzzZeg0X586laFpeUViPi9rxB%2Be0wwKJKwSaTpNT3tnzgvmhLDdV0WLeT%2FFKfQ0QL8LH02Dvlx%2F8PjYogEE5yzx6g6yOKyKeIDf7jO3GM45O1o1hmSkmz3HiZNSbS8gXb3CDW9nmlhkqLKa4lLkAkZpAG5JCAR4KEzOF9HzUvNfgOnqr5Ov2QSm2AvCfOdBe9Oy%2Fvnzag3zLIuKsio2qc%2FE%2BKC0I%2B4MpT6AtjonGvWhSFYeOjRTl6ytxGba%2F42pjcyyVc4KxuembJV6Yiv2h%2FCVOHi42A4Bx%2BAVZlB2OJQoCeizHaEIke4gLKBu993M9y78%2FmzREQ0KgV1vvYuRfaKd1eNmO0SRV1ogUSH81Kgs05B6IoMhVKT4w7TwrTxbp%2FQ2iMn1qdaM1viWqCGwU1siX1ZIegdsZIo1sjlWnbsTcjefS6Pj3RtIU6lROCEB6QAgiS1WJabPNVEO7waQAXksTDyQHUY2wqyAfRzb44KOjG0poBVHSJ1fq5iJGt%2Fs2ROyG2r1yuKaZ4GSAmh5BaCjz8%3D%22%7D&prevSearchId=1765686709859674781&loginPromo=1
471,"nhân viên dễ thương, nhiệt tình, hỗ trợ tốt. resort ở vị trí thuận lợi, không xa trung tâm, đi lại tiện lợi",Castaways Resort Phu Quoc,https://www.traveloka.com/en-vn/hotel/detail?spec=13-05-2023.14-05-2023.1.1.HOTEL.1000000553965.Castaways%20Resort%20Phu%20Quoc.1&contexts=%7B%22inventoryRateKey%22%3A%22povEwB3ZzsU2C6pd%2B6MdUwKh3BcjHsHvQbV0EUcyDRFM0tKsNUio4Rxug1zOzHJilcvZa8YdqqIySdppe7dolTIewZlxfjiOGz6oXLTucMvN0%2BgQ3yZPvZcoHwUFNN%2BZpcr%2F%2FNa8o9ElfN8zOYhzzZeg0X586laFpeUViPi9rxB%2Be0wwKJKwSaTpNT3tnzgvmhLDdV0WLeT%2FFKfQ0QL8LH02Dvlx%2F8PjYogEE5yzx6g6yOKyKeIDf7jO3GM45O1o1hmSkmz3HiZNSbS8gXb3CDW9nmlhkqLKa4lLkAkZpAG5JCAR4KEzOF9HzUvNfgOnqr5Ov2QSm2AvCfOdBe9Oy%2Fvnzag3zLIuKsio2qc%2FE%2BKC0I%2B4MpT6AtjonGvWhSFYeOjRTl6ytxGba%2F42pjcyyVc4KxuembJV6Yiv2h%2FCVOHi42A4Bx%2BAVZlB2OJQoCeizHaEIke4gLKBu993M9y78%2FmzREQ0KgV1vvYuRfaKd1eNmO0SRV1ogUSH81Kgs05B6IoMhVKT4w7TwrTxbp%2FQ2iMn1qdaM1viWqCGwU1siX1ZIegdsZIo1sjlWnbsTcjefS6Pj3RtIU6lROCEB6QAgiS1WJabPNVEO7waQAXksTDyQHUY2wqyAfRzb44KOjG0poBVHSJ1fq5iJGt%2Fs2ROyG2r1yuKaZ4GSAmh5BaCjz8%3D%22%7D&prevSearchId=1765686709859674781&loginPromo=1
472,"Mọi người thân thiện, không gian bố trí đẹp, nhiều chỗ chụp ảnh sống ảo :D. Duy có là đèn hơi tối. Cám ơn castaway với kỳ nghỉ cuối năm 2022 này.",Castaways Resort Phu Quoc,https://www.traveloka.com/en-vn/hotel/detail?spec=13-05-2023.14-05-2023.1.1.HOTEL.1000000553965.Castaways%20Resort%20Phu%20Quoc.1&contexts=%7B%22inventoryRateKey%22%3A%22povEwB3ZzsU2C6pd%2B6MdUwKh3BcjHsHvQbV0EUcyDRFM0tKsNUio4Rxug1zOzHJilcvZa8YdqqIySdppe7dolTIewZlxfjiOGz6oXLTucMvN0%2BgQ3yZPvZcoHwUFNN%2BZpcr%2F%2FNa8o9ElfN8zOYhzzZeg0X586laFpeUViPi9rxB%2Be0wwKJKwSaTpNT3tnzgvmhLDdV0WLeT%2FFKfQ0QL8LH02Dvlx%2F8PjYogEE5yzx6g6yOKyKeIDf7jO3GM45O1o1hmSkmz3HiZNSbS8gXb3CDW9nmlhkqLKa4lLkAkZpAG5JCAR4KEzOF9HzUvNfgOnqr5Ov2QSm2AvCfOdBe9Oy%2Fvnzag3zLIuKsio2qc%2FE%2BKC0I%2B4MpT6AtjonGvWhSFYeOjRTl6ytxGba%2F42pjcyyVc4KxuembJV6Yiv2h%2FCVOHi42A4Bx%2BAVZlB2OJQoCeizHaEIke4gLKBu993M9y78%2FmzREQ0KgV1vvYuRfaKd1eNmO0SRV1ogUSH81Kgs05B6IoMhVKT4w7TwrTxbp%2FQ2iMn1qdaM1viWqCGwU1siX1ZIegdsZIo1sjlWnbsTcjefS6Pj3RtIU6lROCEB6QAgiS1WJabPNVEO7waQAXksTDyQHUY2wqyAfRzb44KOjG0poBVHSJ1fq5iJGt%2Fs2ROyG2r1yuKaZ4GSAmh5BaCjz8%3D%22%7D&prevSearchId=1765686709859674781&loginPromo=1
473,"Sạch sẽ, vui vẻ. Nhân viên thân thiện",Castaways Resort Phu Quoc,https://www.traveloka.com/en-vn/hotel/detail?spec=13-05-2023.14-05-2023.1.1.HOTEL.1000000553965.Castaways%20Resort%20Phu%20Quoc.1&contexts=%7B%22inventoryRateKey%22%3A%22povEwB3ZzsU2C6pd%2B6MdUwKh3BcjHsHvQbV0EUcyDRFM0tKsNUio4Rxug1zOzHJilcvZa8YdqqIySdppe7dolTIewZlxfjiOGz6oXLTucMvN0%2BgQ3yZPvZcoHwUFNN%2BZpcr%2F%2FNa8o9ElfN8zOYhzzZeg0X586laFpeUViPi9rxB%2Be0wwKJKwSaTpNT3tnzgvmhLDdV0WLeT%2FFKfQ0QL8LH02Dvlx%2F8PjYogEE5yzx6g6yOKyKeIDf7jO3GM45O1o1hmSkmz3HiZNSbS8gXb3CDW9nmlhkqLKa4lLkAkZpAG5JCAR4KEzOF9HzUvNfgOnqr5Ov2QSm2AvCfOdBe9Oy%2Fvnzag3zLIuKsio2qc%2FE%2BKC0I%2B4MpT6AtjonGvWhSFYeOjRTl6ytxGba%2F42pjcyyVc4KxuembJV6Yiv2h%2FCVOHi42A4Bx%2BAVZlB2OJQoCeizHaEIke4gLKBu993M9y78%2FmzREQ0KgV1vvYuRfaKd1eNmO0SRV1ogUSH81Kgs05B6IoMhVKT4w7TwrTxbp%2FQ2iMn1qdaM1viWqCGwU1siX1ZIegdsZIo1sjlWnbsTcjefS6Pj3RtIU6lROCEB6QAgiS1WJabPNVEO7waQAXksTDyQHUY2wqyAfRzb44KOjG0poBVHSJ1fq5iJGt%2Fs2ROyG2r1yuKaZ4GSAmh5BaCjz8%3D%22%7D&prevSearchId=1765686709859674781&loginPromo=1
474,,Castaways Resort Phu Quoc,https://www.traveloka.com/en-vn/hotel/detail?spec=13-05-2023.14-05-2023.1.1.HOTEL.1000000553965.Castaways%20Resort%20Phu%20Quoc.1&contexts=%7B%22inventoryRateKey%22%3A%22povEwB3ZzsU2C6pd%2B6MdUwKh3BcjHsHvQbV0EUcyDRFM0tKsNUio4Rxug1zOzHJilcvZa8YdqqIySdppe7dolTIewZlxfjiOGz6oXLTucMvN0%2BgQ3yZPvZcoHwUFNN%2BZpcr%2F%2FNa8o9ElfN8zOYhzzZeg0X586laFpeUViPi9rxB%2Be0wwKJKwSaTpNT3tnzgvmhLDdV0WLeT%2FFKfQ0QL8LH02Dvlx%2F8PjYogEE5yzx6g6yOKyKeIDf7jO3GM45O1o1hmSkmz3HiZNSbS8gXb3CDW9nmlhkqLKa4lLkAkZpAG5JCAR4KEzOF9HzUvNfgOnqr5Ov2QSm2AvCfOdBe9Oy%2Fvnzag3zLIuKsio2qc%2FE%2BKC0I%2B4MpT6AtjonGvWhSFYeOjRTl6ytxGba%2F42pjcyyVc4KxuembJV6Yiv2h%2FCVOHi42A4Bx%2BAVZlB2OJQoCeizHaEIke4gLKBu993M9y78%2FmzREQ0KgV1vvYuRfaKd1eNmO0SRV1ogUSH81Kgs05B6IoMhVKT4w7TwrTxbp%2FQ2iMn1qdaM1viWqCGwU1siX1ZIegdsZIo1sjlWnbsTcjefS6Pj3RtIU6lROCEB6QAgiS1WJabPNVEO7waQAXksTDyQHUY2wqyAfRzb44KOjG0poBVHSJ1fq5iJGt%2Fs2ROyG2r1yuKaZ4GSAmh5BaCjz8%3D%22%7D&prevSearchId=1765686709859674781&loginPromo=1
475,,Castaways Resort Phu Quoc,https://www.traveloka.com/en-vn/hotel/detail?spec=13-05-2023.14-05-2023.1.1.HOTEL.1000000553965.Castaways%20Resort%20Phu%20Quoc.1&contexts=%7B%22inventoryRateKey%22%3A%22povEwB3ZzsU2C6pd%2B6MdUwKh3BcjHsHvQbV0EUcyDRFM0tKsNUio4Rxug1zOzHJilcvZa8YdqqIySdppe7dolTIewZlxfjiOGz6oXLTucMvN0%2BgQ3yZPvZcoHwUFNN%2BZpcr%2F%2FNa8o9ElfN8zOYhzzZeg0X586laFpeUViPi9rxB%2Be0wwKJKwSaTpNT3tnzgvmhLDdV0WLeT%2FFKfQ0QL8LH02Dvlx%2F8PjYogEE5yzx6g6yOKyKeIDf7jO3GM45O1o1hmSkmz3HiZNSbS8gXb3CDW9nmlhkqLKa4lLkAkZpAG5JCAR4KEzOF9HzUvNfgOnqr5Ov2QSm2AvCfOdBe9Oy%2Fvnzag3zLIuKsio2qc%2FE%2BKC0I%2B4MpT6AtjonGvWhSFYeOjRTl6ytxGba%2F42pjcyyVc4KxuembJV6Yiv2h%2FCVOHi42A4Bx%2BAVZlB2OJQoCeizHaEIke4gLKBu993M9y78%2FmzREQ0KgV1vvYuRfaKd1eNmO0SRV1ogUSH81Kgs05B6IoMhVKT4w7TwrTxbp%2FQ2iMn1qdaM1viWqCGwU1siX1ZIegdsZIo1sjlWnbsTcjefS6Pj3RtIU6lROCEB6QAgiS1WJabPNVEO7waQAXksTDyQHUY2wqyAfRzb44KOjG0poBVHSJ1fq5iJGt%2Fs2ROyG2r1yuKaZ4GSAmh5BaCjz8%3D%22%7D&prevSearchId=1765686709859674781&loginPromo=1
476,"Phòng giống hình, sạch sẽ, lễ tân cực kì nhiệt tình, chu đáo. Khách sạn ngay mặt đường, ngay atm, ngay trạm bus đi Safari, cách chợ đêm 2 cây số, cách biển 1 cây số. Điểm trừ duy nhất là vòi tắm nóng lạnh không được nóng. Tuy nhiên vẫn đánh giá rất cao resort về phong cách phục vụ.",Castaways Resort Phu Quoc,https://www.traveloka.com/en-vn/hotel/detail?spec=13-05-2023.14-05-2023.1.1.HOTEL.1000000553965.Castaways%20Resort%20Phu%20Quoc.1&contexts=%7B%22inventoryRateKey%22%3A%22povEwB3ZzsU2C6pd%2B6MdUwKh3BcjHsHvQbV0EUcyDRFM0tKsNUio4Rxug1zOzHJilcvZa8YdqqIySdppe7dolTIewZlxfjiOGz6oXLTucMvN0%2BgQ3yZPvZcoHwUFNN%2BZpcr%2F%2FNa8o9ElfN8zOYhzzZeg0X586laFpeUViPi9rxB%2Be0wwKJKwSaTpNT3tnzgvmhLDdV0WLeT%2FFKfQ0QL8LH02Dvlx%2F8PjYogEE5yzx6g6yOKyKeIDf7jO3GM45O1o1hmSkmz3HiZNSbS8gXb3CDW9nmlhkqLKa4lLkAkZpAG5JCAR4KEzOF9HzUvNfgOnqr5Ov2QSm2AvCfOdBe9Oy%2Fvnzag3zLIuKsio2qc%2FE%2BKC0I%2B4MpT6AtjonGvWhSFYeOjRTl6ytxGba%2F42pjcyyVc4KxuembJV6Yiv2h%2FCVOHi42A4Bx%2BAVZlB2OJQoCeizHaEIke4gLKBu993M9y78%2FmzREQ0KgV1vvYuRfaKd1eNmO0SRV1ogUSH81Kgs05B6IoMhVKT4w7TwrTxbp%2FQ2iMn1qdaM1viWqCGwU1siX1ZIegdsZIo1sjlWnbsTcjefS6Pj3RtIU6lROCEB6QAgiS1WJabPNVEO7waQAXksTDyQHUY2wqyAfRzb44KOjG0poBVHSJ1fq5iJGt%2Fs2ROyG2r1yuKaZ4GSAmh5BaCjz8%3D%22%7D&prevSearchId=1765686709859674781&loginPromo=1
477,"Địa điểm rất phù hợp cho kỳ nghỉ của gia đình, tập thể,…. nhân viên tích cực, thân thiện, hỗ trợ khách hàng nhiệt tình, chu đáo, món ăn sáng hợp khẩu vị. Giới thiệu, tư vấn cho khách hàng các điểm tham quan, du lịch phù hợp với từng sở thích, độ tuổi và nhu cầu của khách hàng👍💕🥰",Castaways Resort Phu Quoc,https://www.traveloka.com/en-vn/hotel/detail?spec=13-05-2023.14-05-2023.1.1.HOTEL.1000000553965.Castaways%20Resort%20Phu%20Quoc.1&contexts=%7B%22inventoryRateKey%22%3A%22povEwB3ZzsU2C6pd%2B6MdUwKh3BcjHsHvQbV0EUcyDRFM0tKsNUio4Rxug1zOzHJilcvZa8YdqqIySdppe7dolTIewZlxfjiOGz6oXLTucMvN0%2BgQ3yZPvZcoHwUFNN%2BZpcr%2F%2FNa8o9ElfN8zOYhzzZeg0X586laFpeUViPi9rxB%2Be0wwKJKwSaTpNT3tnzgvmhLDdV0WLeT%2FFKfQ0QL8LH02Dvlx%2F8PjYogEE5yzx6g6yOKyKeIDf7jO3GM45O1o1hmSkmz3HiZNSbS8gXb3CDW9nmlhkqLKa4lLkAkZpAG5JCAR4KEzOF9HzUvNfgOnqr5Ov2QSm2AvCfOdBe9Oy%2Fvnzag3zLIuKsio2qc%2FE%2BKC0I%2B4MpT6AtjonGvWhSFYeOjRTl6ytxGba%2F42pjcyyVc4KxuembJV6Yiv2h%2FCVOHi42A4Bx%2BAVZlB2OJQoCeizHaEIke4gLKBu993M9y78%2FmzREQ0KgV1vvYuRfaKd1eNmO0SRV1ogUSH81Kgs05B6IoMhVKT4w7TwrTxbp%2FQ2iMn1qdaM1viWqCGwU1siX1ZIegdsZIo1sjlWnbsTcjefS6Pj3RtIU6lROCEB6QAgiS1WJabPNVEO7waQAXksTDyQHUY2wqyAfRzb44KOjG0poBVHSJ1fq5iJGt%2Fs2ROyG2r1yuKaZ4GSAmh5BaCjz8%3D%22%7D&prevSearchId=1765686709859674781&loginPromo=1
478,"Phòng ốc ổn, Khu Resort nhưng chỉ có mỗi hồ bơi ngoài ra Không có gì. Lễ tân tiếp đón Không được chuyên nghiệp, hoạt động theo kiểu nhà nghỉ đúng hơn, Không có lễ Tân trực quầy thường xuyên. Khách thanh toán thẻ Không ai hỗ trợ xử lý khi lễ tân chưa đi làm. Yêu cầu khách đi rút TM để thanh toán rất phiền phức với chuẩn 3 . Máy lạnh chạy chưa được mát lắm. Ngày đến nhận phòng hệ thống Wifi bị hư do sét đánh. chẳng thích quay lại lần 2",Castaways Resort Phu Quoc,https://www.traveloka.com/en-vn/hotel/detail?spec=13-05-2023.14-05-2023.1.1.HOTEL.1000000553965.Castaways%20Resort%20Phu%20Quoc.1&contexts=%7B%22inventoryRateKey%22%3A%22povEwB3ZzsU2C6pd%2B6MdUwKh3BcjHsHvQbV0EUcyDRFM0tKsNUio4Rxug1zOzHJilcvZa8YdqqIySdppe7dolTIewZlxfjiOGz6oXLTucMvN0%2BgQ3yZPvZcoHwUFNN%2BZpcr%2F%2FNa8o9ElfN8zOYhzzZeg0X586laFpeUViPi9rxB%2Be0wwKJKwSaTpNT3tnzgvmhLDdV0WLeT%2FFKfQ0QL8LH02Dvlx%2F8PjYogEE5yzx6g6yOKyKeIDf7jO3GM45O1o1hmSkmz3HiZNSbS8gXb3CDW9nmlhkqLKa4lLkAkZpAG5JCAR4KEzOF9HzUvNfgOnqr5Ov2QSm2AvCfOdBe9Oy%2Fvnzag3zLIuKsio2qc%2FE%2BKC0I%2B4MpT6AtjonGvWhSFYeOjRTl6ytxGba%2F42pjcyyVc4KxuembJV6Yiv2h%2FCVOHi42A4Bx%2BAVZlB2OJQoCeizHaEIke4gLKBu993M9y78%2FmzREQ0KgV1vvYuRfaKd1eNmO0SRV1ogUSH81Kgs05B6IoMhVKT4w7TwrTxbp%2FQ2iMn1qdaM1viWqCGwU1siX1ZIegdsZIo1sjlWnbsTcjefS6Pj3RtIU6lROCEB6QAgiS1WJabPNVEO7waQAXksTDyQHUY2wqyAfRzb44KOjG0poBVHSJ1fq5iJGt%2Fs2ROyG2r1yuKaZ4GSAmh5BaCjz8%3D%22%7D&prevSearchId=1765686709859674781&loginPromo=1
479,"Phòng nghỉ sạch sẽ, nhân viên thân thiện.",Castaways Resort Phu Quoc,https://www.traveloka.com/en-vn/hotel/detail?spec=13-05-2023.14-05-2023.1.1.HOTEL.1000000553965.Castaways%20Resort%20Phu%20Quoc.1&contexts=%7B%22inventoryRateKey%22%3A%22povEwB3ZzsU2C6pd%2B6MdUwKh3BcjHsHvQbV0EUcyDRFM0tKsNUio4Rxug1zOzHJilcvZa8YdqqIySdppe7dolTIewZlxfjiOGz6oXLTucMvN0%2BgQ3yZPvZcoHwUFNN%2BZpcr%2F%2FNa8o9ElfN8zOYhzzZeg0X586laFpeUViPi9rxB%2Be0wwKJKwSaTpNT3tnzgvmhLDdV0WLeT%2FFKfQ0QL8LH02Dvlx%2F8PjYogEE5yzx6g6yOKyKeIDf7jO3GM45O1o1hmSkmz3HiZNSbS8gXb3CDW9nmlhkqLKa4lLkAkZpAG5JCAR4KEzOF9HzUvNfgOnqr5Ov2QSm2AvCfOdBe9Oy%2Fvnzag3zLIuKsio2qc%2FE%2BKC0I%2B4MpT6AtjonGvWhSFYeOjRTl6ytxGba%2F42pjcyyVc4KxuembJV6Yiv2h%2FCVOHi42A4Bx%2BAVZlB2OJQoCeizHaEIke4gLKBu993M9y78%2FmzREQ0KgV1vvYuRfaKd1eNmO0SRV1ogUSH81Kgs05B6IoMhVKT4w7TwrTxbp%2FQ2iMn1qdaM1viWqCGwU1siX1ZIegdsZIo1sjlWnbsTcjefS6Pj3RtIU6lROCEB6QAgiS1WJabPNVEO7waQAXksTDyQHUY2wqyAfRzb44KOjG0poBVHSJ1fq5iJGt%2Fs2ROyG2r1yuKaZ4GSAmh5BaCjz8%3D%22%7D&prevSearchId=1765686709859674781&loginPromo=1
480,"không gian thoáng, bữa sáng đa dạng, kệ tủ trang thiết bị trong phòng đầy đủ hơi cũ, Không chắc chắn lắm",Castaways Resort Phu Quoc,https://www.traveloka.com/en-vn/hotel/detail?spec=13-05-2023.14-05-2023.1.1.HOTEL.1000000553965.Castaways%20Resort%20Phu%20Quoc.1&contexts=%7B%22inventoryRateKey%22%3A%22povEwB3ZzsU2C6pd%2B6MdUwKh3BcjHsHvQbV0EUcyDRFM0tKsNUio4Rxug1zOzHJilcvZa8YdqqIySdppe7dolTIewZlxfjiOGz6oXLTucMvN0%2BgQ3yZPvZcoHwUFNN%2BZpcr%2F%2FNa8o9ElfN8zOYhzzZeg0X586laFpeUViPi9rxB%2Be0wwKJKwSaTpNT3tnzgvmhLDdV0WLeT%2FFKfQ0QL8LH02Dvlx%2F8PjYogEE5yzx6g6yOKyKeIDf7jO3GM45O1o1hmSkmz3HiZNSbS8gXb3CDW9nmlhkqLKa4lLkAkZpAG5JCAR4KEzOF9HzUvNfgOnqr5Ov2QSm2AvCfOdBe9Oy%2Fvnzag3zLIuKsio2qc%2FE%2BKC0I%2B4MpT6AtjonGvWhSFYeOjRTl6ytxGba%2F42pjcyyVc4KxuembJV6Yiv2h%2FCVOHi42A4Bx%2BAVZlB2OJQoCeizHaEIke4gLKBu993M9y78%2FmzREQ0KgV1vvYuRfaKd1eNmO0SRV1ogUSH81Kgs05B6IoMhVKT4w7TwrTxbp%2FQ2iMn1qdaM1viWqCGwU1siX1ZIegdsZIo1sjlWnbsTcjefS6Pj3RtIU6lROCEB6QAgiS1WJabPNVEO7waQAXksTDyQHUY2wqyAfRzb44KOjG0poBVHSJ1fq5iJGt%2Fs2ROyG2r1yuKaZ4GSAmh5BaCjz8%3D%22%7D&prevSearchId=1765686709859674781&loginPromo=1
481,"1 số góp ý: nước yếu, buổi sáng sớm không có nước nóng, wifi yếu, thức ăn buffet ít sự lựa chọn",Castaways Resort Phu Quoc,https://www.traveloka.com/en-vn/hotel/detail?spec=13-05-2023.14-05-2023.1.1.HOTEL.1000000553965.Castaways%20Resort%20Phu%20Quoc.1&contexts=%7B%22inventoryRateKey%22%3A%22povEwB3ZzsU2C6pd%2B6MdUwKh3BcjHsHvQbV0EUcyDRFM0tKsNUio4Rxug1zOzHJilcvZa8YdqqIySdppe7dolTIewZlxfjiOGz6oXLTucMvN0%2BgQ3yZPvZcoHwUFNN%2BZpcr%2F%2FNa8o9ElfN8zOYhzzZeg0X586laFpeUViPi9rxB%2Be0wwKJKwSaTpNT3tnzgvmhLDdV0WLeT%2FFKfQ0QL8LH02Dvlx%2F8PjYogEE5yzx6g6yOKyKeIDf7jO3GM45O1o1hmSkmz3HiZNSbS8gXb3CDW9nmlhkqLKa4lLkAkZpAG5JCAR4KEzOF9HzUvNfgOnqr5Ov2QSm2AvCfOdBe9Oy%2Fvnzag3zLIuKsio2qc%2FE%2BKC0I%2B4MpT6AtjonGvWhSFYeOjRTl6ytxGba%2F42pjcyyVc4KxuembJV6Yiv2h%2FCVOHi42A4Bx%2BAVZlB2OJQoCeizHaEIke4gLKBu993M9y78%2FmzREQ0KgV1vvYuRfaKd1eNmO0SRV1ogUSH81Kgs05B6IoMhVKT4w7TwrTxbp%2FQ2iMn1qdaM1viWqCGwU1siX1ZIegdsZIo1sjlWnbsTcjefS6Pj3RtIU6lROCEB6QAgiS1WJabPNVEO7waQAXksTDyQHUY2wqyAfRzb44KOjG0poBVHSJ1fq5iJGt%2Fs2ROyG2r1yuKaZ4GSAmh5BaCjz8%3D%22%7D&prevSearchId=1765686709859674781&loginPromo=1
482,"Vòi sen phòng tắm nước yếu, tivi không mở đươc",Castaways Resort Phu Quoc,https://www.traveloka.com/en-vn/hotel/detail?spec=13-05-2023.14-05-2023.1.1.HOTEL.1000000553965.Castaways%20Resort%20Phu%20Quoc.1&contexts=%7B%22inventoryRateKey%22%3A%22povEwB3ZzsU2C6pd%2B6MdUwKh3BcjHsHvQbV0EUcyDRFM0tKsNUio4Rxug1zOzHJilcvZa8YdqqIySdppe7dolTIewZlxfjiOGz6oXLTucMvN0%2BgQ3yZPvZcoHwUFNN%2BZpcr%2F%2FNa8o9ElfN8zOYhzzZeg0X586laFpeUViPi9rxB%2Be0wwKJKwSaTpNT3tnzgvmhLDdV0WLeT%2FFKfQ0QL8LH02Dvlx%2F8PjYogEE5yzx6g6yOKyKeIDf7jO3GM45O1o1hmSkmz3HiZNSbS8gXb3CDW9nmlhkqLKa4lLkAkZpAG5JCAR4KEzOF9HzUvNfgOnqr5Ov2QSm2AvCfOdBe9Oy%2Fvnzag3zLIuKsio2qc%2FE%2BKC0I%2B4MpT6AtjonGvWhSFYeOjRTl6ytxGba%2F42pjcyyVc4KxuembJV6Yiv2h%2FCVOHi42A4Bx%2BAVZlB2OJQoCeizHaEIke4gLKBu993M9y78%2FmzREQ0KgV1vvYuRfaKd1eNmO0SRV1ogUSH81Kgs05B6IoMhVKT4w7TwrTxbp%2FQ2iMn1qdaM1viWqCGwU1siX1ZIegdsZIo1sjlWnbsTcjefS6Pj3RtIU6lROCEB6QAgiS1WJabPNVEO7waQAXksTDyQHUY2wqyAfRzb44KOjG0poBVHSJ1fq5iJGt%2Fs2ROyG2r1yuKaZ4GSAmh5BaCjz8%3D%22%7D&prevSearchId=1765686709859674781&loginPromo=1
483,"khách hàng quá đông, sáng ngày mồng 4 tết không có đủ đồ để ăn sáng,chờ 30' chưa có được cái trứng mà ăn, nhân viên phục vụ bếp quá ít, không chuyên nghiệp",Castaways Resort Phu Quoc,https://www.traveloka.com/en-vn/hotel/detail?spec=13-05-2023.14-05-2023.1.1.HOTEL.1000000553965.Castaways%20Resort%20Phu%20Quoc.1&contexts=%7B%22inventoryRateKey%22%3A%22povEwB3ZzsU2C6pd%2B6MdUwKh3BcjHsHvQbV0EUcyDRFM0tKsNUio4Rxug1zOzHJilcvZa8YdqqIySdppe7dolTIewZlxfjiOGz6oXLTucMvN0%2BgQ3yZPvZcoHwUFNN%2BZpcr%2F%2FNa8o9ElfN8zOYhzzZeg0X586laFpeUViPi9rxB%2Be0wwKJKwSaTpNT3tnzgvmhLDdV0WLeT%2FFKfQ0QL8LH02Dvlx%2F8PjYogEE5yzx6g6yOKyKeIDf7jO3GM45O1o1hmSkmz3HiZNSbS8gXb3CDW9nmlhkqLKa4lLkAkZpAG5JCAR4KEzOF9HzUvNfgOnqr5Ov2QSm2AvCfOdBe9Oy%2Fvnzag3zLIuKsio2qc%2FE%2BKC0I%2B4MpT6AtjonGvWhSFYeOjRTl6ytxGba%2F42pjcyyVc4KxuembJV6Yiv2h%2FCVOHi42A4Bx%2BAVZlB2OJQoCeizHaEIke4gLKBu993M9y78%2FmzREQ0KgV1vvYuRfaKd1eNmO0SRV1ogUSH81Kgs05B6IoMhVKT4w7TwrTxbp%2FQ2iMn1qdaM1viWqCGwU1siX1ZIegdsZIo1sjlWnbsTcjefS6Pj3RtIU6lROCEB6QAgiS1WJabPNVEO7waQAXksTDyQHUY2wqyAfRzb44KOjG0poBVHSJ1fq5iJGt%2Fs2ROyG2r1yuKaZ4GSAmh5BaCjz8%3D%22%7D&prevSearchId=1765686709859674781&loginPromo=1
484,"Phòng giống hình, nhân viên, lễ tân dễ tính, dễ thương, thoải mái. Đồ ăn cũng ok theo khẩu vị",Castaways Resort Phu Quoc,https://www.traveloka.com/en-vn/hotel/detail?spec=13-05-2023.14-05-2023.1.1.HOTEL.1000000553965.Castaways%20Resort%20Phu%20Quoc.1&contexts=%7B%22inventoryRateKey%22%3A%22povEwB3ZzsU2C6pd%2B6MdUwKh3BcjHsHvQbV0EUcyDRFM0tKsNUio4Rxug1zOzHJilcvZa8YdqqIySdppe7dolTIewZlxfjiOGz6oXLTucMvN0%2BgQ3yZPvZcoHwUFNN%2BZpcr%2F%2FNa8o9ElfN8zOYhzzZeg0X586laFpeUViPi9rxB%2Be0wwKJKwSaTpNT3tnzgvmhLDdV0WLeT%2FFKfQ0QL8LH02Dvlx%2F8PjYogEE5yzx6g6yOKyKeIDf7jO3GM45O1o1hmSkmz3HiZNSbS8gXb3CDW9nmlhkqLKa4lLkAkZpAG5JCAR4KEzOF9HzUvNfgOnqr5Ov2QSm2AvCfOdBe9Oy%2Fvnzag3zLIuKsio2qc%2FE%2BKC0I%2B4MpT6AtjonGvWhSFYeOjRTl6ytxGba%2F42pjcyyVc4KxuembJV6Yiv2h%2FCVOHi42A4Bx%2BAVZlB2OJQoCeizHaEIke4gLKBu993M9y78%2FmzREQ0KgV1vvYuRfaKd1eNmO0SRV1ogUSH81Kgs05B6IoMhVKT4w7TwrTxbp%2FQ2iMn1qdaM1viWqCGwU1siX1ZIegdsZIo1sjlWnbsTcjefS6Pj3RtIU6lROCEB6QAgiS1WJabPNVEO7waQAXksTDyQHUY2wqyAfRzb44KOjG0poBVHSJ1fq5iJGt%2Fs2ROyG2r1yuKaZ4GSAmh5BaCjz8%3D%22%7D&prevSearchId=1765686709859674781&loginPromo=1
485,"Phòng rộng sạch sẽ, đầy đủ tiện nghi. Ăn sáng rất ngon, 480k là hop ly cho 2 người. Nhân viên nhiệt tình vui vẻ. Cách chợ đêm và bãi tắm Dinh Cậu khoảng 3,5 km. Phía trước khách sạn là đường lớn, không có view biển hay bãi biển nào cả",Castaways Resort Phu Quoc,https://www.traveloka.com/en-vn/hotel/detail?spec=13-05-2023.14-05-2023.1.1.HOTEL.1000000553965.Castaways%20Resort%20Phu%20Quoc.1&contexts=%7B%22inventoryRateKey%22%3A%22povEwB3ZzsU2C6pd%2B6MdUwKh3BcjHsHvQbV0EUcyDRFM0tKsNUio4Rxug1zOzHJilcvZa8YdqqIySdppe7dolTIewZlxfjiOGz6oXLTucMvN0%2BgQ3yZPvZcoHwUFNN%2BZpcr%2F%2FNa8o9ElfN8zOYhzzZeg0X586laFpeUViPi9rxB%2Be0wwKJKwSaTpNT3tnzgvmhLDdV0WLeT%2FFKfQ0QL8LH02Dvlx%2F8PjYogEE5yzx6g6yOKyKeIDf7jO3GM45O1o1hmSkmz3HiZNSbS8gXb3CDW9nmlhkqLKa4lLkAkZpAG5JCAR4KEzOF9HzUvNfgOnqr5Ov2QSm2AvCfOdBe9Oy%2Fvnzag3zLIuKsio2qc%2FE%2BKC0I%2B4MpT6AtjonGvWhSFYeOjRTl6ytxGba%2F42pjcyyVc4KxuembJV6Yiv2h%2FCVOHi42A4Bx%2BAVZlB2OJQoCeizHaEIke4gLKBu993M9y78%2FmzREQ0KgV1vvYuRfaKd1eNmO0SRV1ogUSH81Kgs05B6IoMhVKT4w7TwrTxbp%2FQ2iMn1qdaM1viWqCGwU1siX1ZIegdsZIo1sjlWnbsTcjefS6Pj3RtIU6lROCEB6QAgiS1WJabPNVEO7waQAXksTDyQHUY2wqyAfRzb44KOjG0poBVHSJ1fq5iJGt%2Fs2ROyG2r1yuKaZ4GSAmh5BaCjz8%3D%22%7D&prevSearchId=1765686709859674781&loginPromo=1
486,1 kỳ nghỉ tuyệt vời rất ok tại Castaways resort Phu Quoc,Castaways Resort Phu Quoc,https://www.traveloka.com/en-vn/hotel/detail?spec=13-05-2023.14-05-2023.1.1.HOTEL.1000000553965.Castaways%20Resort%20Phu%20Quoc.1&contexts=%7B%22inventoryRateKey%22%3A%22povEwB3ZzsU2C6pd%2B6MdUwKh3BcjHsHvQbV0EUcyDRFM0tKsNUio4Rxug1zOzHJilcvZa8YdqqIySdppe7dolTIewZlxfjiOGz6oXLTucMvN0%2BgQ3yZPvZcoHwUFNN%2BZpcr%2F%2FNa8o9ElfN8zOYhzzZeg0X586laFpeUViPi9rxB%2Be0wwKJKwSaTpNT3tnzgvmhLDdV0WLeT%2FFKfQ0QL8LH02Dvlx%2F8PjYogEE5yzx6g6yOKyKeIDf7jO3GM45O1o1hmSkmz3HiZNSbS8gXb3CDW9nmlhkqLKa4lLkAkZpAG5JCAR4KEzOF9HzUvNfgOnqr5Ov2QSm2AvCfOdBe9Oy%2Fvnzag3zLIuKsio2qc%2FE%2BKC0I%2B4MpT6AtjonGvWhSFYeOjRTl6ytxGba%2F42pjcyyVc4KxuembJV6Yiv2h%2FCVOHi42A4Bx%2BAVZlB2OJQoCeizHaEIke4gLKBu993M9y78%2FmzREQ0KgV1vvYuRfaKd1eNmO0SRV1ogUSH81Kgs05B6IoMhVKT4w7TwrTxbp%2FQ2iMn1qdaM1viWqCGwU1siX1ZIegdsZIo1sjlWnbsTcjefS6Pj3RtIU6lROCEB6QAgiS1WJabPNVEO7waQAXksTDyQHUY2wqyAfRzb44KOjG0poBVHSJ1fq5iJGt%2Fs2ROyG2r1yuKaZ4GSAmh5BaCjz8%3D%22%7D&prevSearchId=1765686709859674781&loginPromo=1
487,"phòng sạch se, cảnh mát mẽ gần trung tâm.giá khá rẻ so với chât lượng",Castaways Resort Phu Quoc,https://www.traveloka.com/en-vn/hotel/detail?spec=13-05-2023.14-05-2023.1.1.HOTEL.1000000553965.Castaways%20Resort%20Phu%20Quoc.1&contexts=%7B%22inventoryRateKey%22%3A%22povEwB3ZzsU2C6pd%2B6MdUwKh3BcjHsHvQbV0EUcyDRFM0tKsNUio4Rxug1zOzHJilcvZa8YdqqIySdppe7dolTIewZlxfjiOGz6oXLTucMvN0%2BgQ3yZPvZcoHwUFNN%2BZpcr%2F%2FNa8o9ElfN8zOYhzzZeg0X586laFpeUViPi9rxB%2Be0wwKJKwSaTpNT3tnzgvmhLDdV0WLeT%2FFKfQ0QL8LH02Dvlx%2F8PjYogEE5yzx6g6yOKyKeIDf7jO3GM45O1o1hmSkmz3HiZNSbS8gXb3CDW9nmlhkqLKa4lLkAkZpAG5JCAR4KEzOF9HzUvNfgOnqr5Ov2QSm2AvCfOdBe9Oy%2Fvnzag3zLIuKsio2qc%2FE%2BKC0I%2B4MpT6AtjonGvWhSFYeOjRTl6ytxGba%2F42pjcyyVc4KxuembJV6Yiv2h%2FCVOHi42A4Bx%2BAVZlB2OJQoCeizHaEIke4gLKBu993M9y78%2FmzREQ0KgV1vvYuRfaKd1eNmO0SRV1ogUSH81Kgs05B6IoMhVKT4w7TwrTxbp%2FQ2iMn1qdaM1viWqCGwU1siX1ZIegdsZIo1sjlWnbsTcjefS6Pj3RtIU6lROCEB6QAgiS1WJabPNVEO7waQAXksTDyQHUY2wqyAfRzb44KOjG0poBVHSJ1fq5iJGt%2Fs2ROyG2r1yuKaZ4GSAmh5BaCjz8%3D%22%7D&prevSearchId=1765686709859674781&loginPromo=1
488,Mọi thứ đều hoàn hảo đúng như mong đợi. Rất vui vì đã được tiếp đón ở đây,Castaways Resort Phu Quoc,https://www.traveloka.com/en-vn/hotel/detail?spec=13-05-2023.14-05-2023.1.1.HOTEL.1000000553965.Castaways%20Resort%20Phu%20Quoc.1&contexts=%7B%22inventoryRateKey%22%3A%22povEwB3ZzsU2C6pd%2B6MdUwKh3BcjHsHvQbV0EUcyDRFM0tKsNUio4Rxug1zOzHJilcvZa8YdqqIySdppe7dolTIewZlxfjiOGz6oXLTucMvN0%2BgQ3yZPvZcoHwUFNN%2BZpcr%2F%2FNa8o9ElfN8zOYhzzZeg0X586laFpeUViPi9rxB%2Be0wwKJKwSaTpNT3tnzgvmhLDdV0WLeT%2FFKfQ0QL8LH02Dvlx%2F8PjYogEE5yzx6g6yOKyKeIDf7jO3GM45O1o1hmSkmz3HiZNSbS8gXb3CDW9nmlhkqLKa4lLkAkZpAG5JCAR4KEzOF9HzUvNfgOnqr5Ov2QSm2AvCfOdBe9Oy%2Fvnzag3zLIuKsio2qc%2FE%2BKC0I%2B4MpT6AtjonGvWhSFYeOjRTl6ytxGba%2F42pjcyyVc4KxuembJV6Yiv2h%2FCVOHi42A4Bx%2BAVZlB2OJQoCeizHaEIke4gLKBu993M9y78%2FmzREQ0KgV1vvYuRfaKd1eNmO0SRV1ogUSH81Kgs05B6IoMhVKT4w7TwrTxbp%2FQ2iMn1qdaM1viWqCGwU1siX1ZIegdsZIo1sjlWnbsTcjefS6Pj3RtIU6lROCEB6QAgiS1WJabPNVEO7waQAXksTDyQHUY2wqyAfRzb44KOjG0poBVHSJ1fq5iJGt%2Fs2ROyG2r1yuKaZ4GSAmh5BaCjz8%3D%22%7D&prevSearchId=1765686709859674781&loginPromo=1
489,"Tuyệt vời, sạch sẽ, rộng rãi, thoả mái",Castaways Resort Phu Quoc,https://www.traveloka.com/en-vn/hotel/detail?spec=13-05-2023.14-05-2023.1.1.HOTEL.1000000553965.Castaways%20Resort%20Phu%20Quoc.1&contexts=%7B%22inventoryRateKey%22%3A%22povEwB3ZzsU2C6pd%2B6MdUwKh3BcjHsHvQbV0EUcyDRFM0tKsNUio4Rxug1zOzHJilcvZa8YdqqIySdppe7dolTIewZlxfjiOGz6oXLTucMvN0%2BgQ3yZPvZcoHwUFNN%2BZpcr%2F%2FNa8o9ElfN8zOYhzzZeg0X586laFpeUViPi9rxB%2Be0wwKJKwSaTpNT3tnzgvmhLDdV0WLeT%2FFKfQ0QL8LH02Dvlx%2F8PjYogEE5yzx6g6yOKyKeIDf7jO3GM45O1o1hmSkmz3HiZNSbS8gXb3CDW9nmlhkqLKa4lLkAkZpAG5JCAR4KEzOF9HzUvNfgOnqr5Ov2QSm2AvCfOdBe9Oy%2Fvnzag3zLIuKsio2qc%2FE%2BKC0I%2B4MpT6AtjonGvWhSFYeOjRTl6ytxGba%2F42pjcyyVc4KxuembJV6Yiv2h%2FCVOHi42A4Bx%2BAVZlB2OJQoCeizHaEIke4gLKBu993M9y78%2FmzREQ0KgV1vvYuRfaKd1eNmO0SRV1ogUSH81Kgs05B6IoMhVKT4w7TwrTxbp%2FQ2iMn1qdaM1viWqCGwU1siX1ZIegdsZIo1sjlWnbsTcjefS6Pj3RtIU6lROCEB6QAgiS1WJabPNVEO7waQAXksTDyQHUY2wqyAfRzb44KOjG0poBVHSJ1fq5iJGt%2Fs2ROyG2r1yuKaZ4GSAmh5BaCjz8%3D%22%7D&prevSearchId=1765686709859674781&loginPromo=1
490,Resort nằm ở mặt tiền. Thuận tiện cho việc đi lại Nằm kế bên cty Du lịch cho ai muốn đặt tour Nhân viên lịch sự dễ chịu Giá cả hợp lý Bữa sáng ngon miệng đồ uống đa dạng ⭐️⭐️⭐️⭐️⭐️,Castaways Resort Phu Quoc,https://www.traveloka.com/en-vn/hotel/detail?spec=13-05-2023.14-05-2023.1.1.HOTEL.1000000553965.Castaways%20Resort%20Phu%20Quoc.1&contexts=%7B%22inventoryRateKey%22%3A%22povEwB3ZzsU2C6pd%2B6MdUwKh3BcjHsHvQbV0EUcyDRFM0tKsNUio4Rxug1zOzHJilcvZa8YdqqIySdppe7dolTIewZlxfjiOGz6oXLTucMvN0%2BgQ3yZPvZcoHwUFNN%2BZpcr%2F%2FNa8o9ElfN8zOYhzzZeg0X586laFpeUViPi9rxB%2Be0wwKJKwSaTpNT3tnzgvmhLDdV0WLeT%2FFKfQ0QL8LH02Dvlx%2F8PjYogEE5yzx6g6yOKyKeIDf7jO3GM45O1o1hmSkmz3HiZNSbS8gXb3CDW9nmlhkqLKa4lLkAkZpAG5JCAR4KEzOF9HzUvNfgOnqr5Ov2QSm2AvCfOdBe9Oy%2Fvnzag3zLIuKsio2qc%2FE%2BKC0I%2B4MpT6AtjonGvWhSFYeOjRTl6ytxGba%2F42pjcyyVc4KxuembJV6Yiv2h%2FCVOHi42A4Bx%2BAVZlB2OJQoCeizHaEIke4gLKBu993M9y78%2FmzREQ0KgV1vvYuRfaKd1eNmO0SRV1ogUSH81Kgs05B6IoMhVKT4w7TwrTxbp%2FQ2iMn1qdaM1viWqCGwU1siX1ZIegdsZIo1sjlWnbsTcjefS6Pj3RtIU6lROCEB6QAgiS1WJabPNVEO7waQAXksTDyQHUY2wqyAfRzb44KOjG0poBVHSJ1fq5iJGt%2Fs2ROyG2r1yuKaZ4GSAmh5BaCjz8%3D%22%7D&prevSearchId=1765686709859674781&loginPromo=1
491,Ok. Chỉ hơi nhiều muỗi. Giải quyết khâu này nữa là rất tốt,Castaways Resort Phu Quoc,https://www.traveloka.com/en-vn/hotel/detail?spec=13-05-2023.14-05-2023.1.1.HOTEL.1000000553965.Castaways%20Resort%20Phu%20Quoc.1&contexts=%7B%22inventoryRateKey%22%3A%22povEwB3ZzsU2C6pd%2B6MdUwKh3BcjHsHvQbV0EUcyDRFM0tKsNUio4Rxug1zOzHJilcvZa8YdqqIySdppe7dolTIewZlxfjiOGz6oXLTucMvN0%2BgQ3yZPvZcoHwUFNN%2BZpcr%2F%2FNa8o9ElfN8zOYhzzZeg0X586laFpeUViPi9rxB%2Be0wwKJKwSaTpNT3tnzgvmhLDdV0WLeT%2FFKfQ0QL8LH02Dvlx%2F8PjYogEE5yzx6g6yOKyKeIDf7jO3GM45O1o1hmSkmz3HiZNSbS8gXb3CDW9nmlhkqLKa4lLkAkZpAG5JCAR4KEzOF9HzUvNfgOnqr5Ov2QSm2AvCfOdBe9Oy%2Fvnzag3zLIuKsio2qc%2FE%2BKC0I%2B4MpT6AtjonGvWhSFYeOjRTl6ytxGba%2F42pjcyyVc4KxuembJV6Yiv2h%2FCVOHi42A4Bx%2BAVZlB2OJQoCeizHaEIke4gLKBu993M9y78%2FmzREQ0KgV1vvYuRfaKd1eNmO0SRV1ogUSH81Kgs05B6IoMhVKT4w7TwrTxbp%2FQ2iMn1qdaM1viWqCGwU1siX1ZIegdsZIo1sjlWnbsTcjefS6Pj3RtIU6lROCEB6QAgiS1WJabPNVEO7waQAXksTDyQHUY2wqyAfRzb44KOjG0poBVHSJ1fq5iJGt%2Fs2ROyG2r1yuKaZ4GSAmh5BaCjz8%3D%22%7D&prevSearchId=1765686709859674781&loginPromo=1
492,"Nhân viên, lễ tân thân thiện. Phòng ngủ có đầy đủ tiện ích cần thiết như nước nóng, bình đun siêu tốc, tivi, tủ lạnh mini (ra khỏi phòng tủ vẫn hoạt động nhé), bàn trang điểm, ghế nằm ngoài hiên phòng, ghế dài nằm ở trong phòng, tủ quần áo khá rộng.Phòng khá sạch sẽ, mình ở phòng 2 người 1 giường đôi, nước máy mạnh, xung quanh phòng có cây cối nên cũng có nhiều muỗi, mình ít khi mở cửa phòng ra nhưng nhân viên dọn phòng ngày nào dọn cũng mở cửa cho thoáng nên cũng có vài con bay vô phòng, không có vợt muỗi hay đèn diệt côn trùng nên chỉ có thể đập muỗi bằng tay. Buổi tối đường dẫn về phòng có đèn nhưng hơi tối. Vì là dạng phòng Bungalow nên khá yên tĩnh rất thích hợp nghỉ dưỡng. Hồ bơi sâu nhất là 1m6, xây theo kiểu đi lài xuống sâu dần nên trẻ em vẫn bơi được. Về bữa sáng thì khi đông khách sẽ làm buffet sáng với vài món như cơm chiên dương châu, mì xào hoặc bánh ướt, bánh mì, trứng ốp la và 1 món nước được thay đổi theo ngày, nước uống thì có trà lipton, cafe phin và nước cam. Những ngày vắng khách thì đưa phiếu cho khách chọn món trước 1 ngày, mỗi khách được 1 món, để họ chuẩn bị trước vào buổi sáng cho mình. Vị thức ăn mình ăn thấy ổn, vừa miệng, chỉ có món miến gà thì miến nấu chưa kỹ ăn cảm giác còn sống. Về giao thông thì cực kỳ thuận tiện, khách sạn ngay mặt tiền đường Trần Hưng Đạo, băng qua đường vô hẻm khoảng 300-400m là ra tới biển, có thể ngắm hoàng hôn ở đó; ra khỏi khách sạn quẹo phải khoảng 4 km là đến đến chợ đêm dương đông, dinh cậu. Và trạm dừng của xe buýt vinwonder và safari cách tầm 30m cùng chiều với khách sạn luôn. Mình ở khách sạn này 6 ngày, rất thích, nếu quay lại Phú Quốc, sẽ đặt tiếp khách sạn này, hi vọng lúc đó Kháchsạn không bị xuống cấp, giá thuê cũng khá tốt so với tiện ích mang lại👍",Castaways Resort Phu Quoc,https://www.traveloka.com/en-vn/hotel/detail?spec=13-05-2023.14-05-2023.1.1.HOTEL.1000000553965.Castaways%20Resort%20Phu%20Quoc.1&contexts=%7B%22inventoryRateKey%22%3A%22povEwB3ZzsU2C6pd%2B6MdUwKh3BcjHsHvQbV0EUcyDRFM0tKsNUio4Rxug1zOzHJilcvZa8YdqqIySdppe7dolTIewZlxfjiOGz6oXLTucMvN0%2BgQ3yZPvZcoHwUFNN%2BZpcr%2F%2FNa8o9ElfN8zOYhzzZeg0X586laFpeUViPi9rxB%2Be0wwKJKwSaTpNT3tnzgvmhLDdV0WLeT%2FFKfQ0QL8LH02Dvlx%2F8PjYogEE5yzx6g6yOKyKeIDf7jO3GM45O1o1hmSkmz3HiZNSbS8gXb3CDW9nmlhkqLKa4lLkAkZpAG5JCAR4KEzOF9HzUvNfgOnqr5Ov2QSm2AvCfOdBe9Oy%2Fvnzag3zLIuKsio2qc%2FE%2BKC0I%2B4MpT6AtjonGvWhSFYeOjRTl6ytxGba%2F42pjcyyVc4KxuembJV6Yiv2h%2FCVOHi42A4Bx%2BAVZlB2OJQoCeizHaEIke4gLKBu993M9y78%2FmzREQ0KgV1vvYuRfaKd1eNmO0SRV1ogUSH81Kgs05B6IoMhVKT4w7TwrTxbp%2FQ2iMn1qdaM1viWqCGwU1siX1ZIegdsZIo1sjlWnbsTcjefS6Pj3RtIU6lROCEB6QAgiS1WJabPNVEO7waQAXksTDyQHUY2wqyAfRzb44KOjG0poBVHSJ1fq5iJGt%2Fs2ROyG2r1yuKaZ4GSAmh5BaCjz8%3D%22%7D&prevSearchId=1765686709859674781&loginPromo=1
493,"Khách sạn phong cảnh đẹp, nhân viên dễ thương tận tình. phòng sạch sẽ. Bạn nên đóng cửa thông gió trong nhà vệ sinh thì muỗi sẽ không bay vô phòng.",Castaways Resort Phu Quoc,https://www.traveloka.com/en-vn/hotel/detail?spec=13-05-2023.14-05-2023.1.1.HOTEL.1000000553965.Castaways%20Resort%20Phu%20Quoc.1&contexts=%7B%22inventoryRateKey%22%3A%22povEwB3ZzsU2C6pd%2B6MdUwKh3BcjHsHvQbV0EUcyDRFM0tKsNUio4Rxug1zOzHJilcvZa8YdqqIySdppe7dolTIewZlxfjiOGz6oXLTucMvN0%2BgQ3yZPvZcoHwUFNN%2BZpcr%2F%2FNa8o9ElfN8zOYhzzZeg0X586laFpeUViPi9rxB%2Be0wwKJKwSaTpNT3tnzgvmhLDdV0WLeT%2FFKfQ0QL8LH02Dvlx%2F8PjYogEE5yzx6g6yOKyKeIDf7jO3GM45O1o1hmSkmz3HiZNSbS8gXb3CDW9nmlhkqLKa4lLkAkZpAG5JCAR4KEzOF9HzUvNfgOnqr5Ov2QSm2AvCfOdBe9Oy%2Fvnzag3zLIuKsio2qc%2FE%2BKC0I%2B4MpT6AtjonGvWhSFYeOjRTl6ytxGba%2F42pjcyyVc4KxuembJV6Yiv2h%2FCVOHi42A4Bx%2BAVZlB2OJQoCeizHaEIke4gLKBu993M9y78%2FmzREQ0KgV1vvYuRfaKd1eNmO0SRV1ogUSH81Kgs05B6IoMhVKT4w7TwrTxbp%2FQ2iMn1qdaM1viWqCGwU1siX1ZIegdsZIo1sjlWnbsTcjefS6Pj3RtIU6lROCEB6QAgiS1WJabPNVEO7waQAXksTDyQHUY2wqyAfRzb44KOjG0poBVHSJ1fq5iJGt%2Fs2ROyG2r1yuKaZ4GSAmh5BaCjz8%3D%22%7D&prevSearchId=1765686709859674781&loginPromo=1
494,"Lễ tân tuyệt vời, không gian thoáng mát",Castaways Resort Phu Quoc,https://www.traveloka.com/en-vn/hotel/detail?spec=13-05-2023.14-05-2023.1.1.HOTEL.1000000553965.Castaways%20Resort%20Phu%20Quoc.1&contexts=%7B%22inventoryRateKey%22%3A%22povEwB3ZzsU2C6pd%2B6MdUwKh3BcjHsHvQbV0EUcyDRFM0tKsNUio4Rxug1zOzHJilcvZa8YdqqIySdppe7dolTIewZlxfjiOGz6oXLTucMvN0%2BgQ3yZPvZcoHwUFNN%2BZpcr%2F%2FNa8o9ElfN8zOYhzzZeg0X586laFpeUViPi9rxB%2Be0wwKJKwSaTpNT3tnzgvmhLDdV0WLeT%2FFKfQ0QL8LH02Dvlx%2F8PjYogEE5yzx6g6yOKyKeIDf7jO3GM45O1o1hmSkmz3HiZNSbS8gXb3CDW9nmlhkqLKa4lLkAkZpAG5JCAR4KEzOF9HzUvNfgOnqr5Ov2QSm2AvCfOdBe9Oy%2Fvnzag3zLIuKsio2qc%2FE%2BKC0I%2B4MpT6AtjonGvWhSFYeOjRTl6ytxGba%2F42pjcyyVc4KxuembJV6Yiv2h%2FCVOHi42A4Bx%2BAVZlB2OJQoCeizHaEIke4gLKBu993M9y78%2FmzREQ0KgV1vvYuRfaKd1eNmO0SRV1ogUSH81Kgs05B6IoMhVKT4w7TwrTxbp%2FQ2iMn1qdaM1viWqCGwU1siX1ZIegdsZIo1sjlWnbsTcjefS6Pj3RtIU6lROCEB6QAgiS1WJabPNVEO7waQAXksTDyQHUY2wqyAfRzb44KOjG0poBVHSJ1fq5iJGt%2Fs2ROyG2r1yuKaZ4GSAmh5BaCjz8%3D%22%7D&prevSearchId=1765686709859674781&loginPromo=1
495,,Castaways Resort Phu Quoc,https://www.traveloka.com/en-vn/hotel/detail?spec=13-05-2023.14-05-2023.1.1.HOTEL.1000000553965.Castaways%20Resort%20Phu%20Quoc.1&contexts=%7B%22inventoryRateKey%22%3A%22povEwB3ZzsU2C6pd%2B6MdUwKh3BcjHsHvQbV0EUcyDRFM0tKsNUio4Rxug1zOzHJilcvZa8YdqqIySdppe7dolTIewZlxfjiOGz6oXLTucMvN0%2BgQ3yZPvZcoHwUFNN%2BZpcr%2F%2FNa8o9ElfN8zOYhzzZeg0X586laFpeUViPi9rxB%2Be0wwKJKwSaTpNT3tnzgvmhLDdV0WLeT%2FFKfQ0QL8LH02Dvlx%2F8PjYogEE5yzx6g6yOKyKeIDf7jO3GM45O1o1hmSkmz3HiZNSbS8gXb3CDW9nmlhkqLKa4lLkAkZpAG5JCAR4KEzOF9HzUvNfgOnqr5Ov2QSm2AvCfOdBe9Oy%2Fvnzag3zLIuKsio2qc%2FE%2BKC0I%2B4MpT6AtjonGvWhSFYeOjRTl6ytxGba%2F42pjcyyVc4KxuembJV6Yiv2h%2FCVOHi42A4Bx%2BAVZlB2OJQoCeizHaEIke4gLKBu993M9y78%2FmzREQ0KgV1vvYuRfaKd1eNmO0SRV1ogUSH81Kgs05B6IoMhVKT4w7TwrTxbp%2FQ2iMn1qdaM1viWqCGwU1siX1ZIegdsZIo1sjlWnbsTcjefS6Pj3RtIU6lROCEB6QAgiS1WJabPNVEO7waQAXksTDyQHUY2wqyAfRzb44KOjG0poBVHSJ1fq5iJGt%2Fs2ROyG2r1yuKaZ4GSAmh5BaCjz8%3D%22%7D&prevSearchId=1765686709859674781&loginPromo=1
496,"khách san thoáng mát, nhiều cây xanh",Castaways Resort Phu Quoc,https://www.traveloka.com/en-vn/hotel/detail?spec=13-05-2023.14-05-2023.1.1.HOTEL.1000000553965.Castaways%20Resort%20Phu%20Quoc.1&contexts=%7B%22inventoryRateKey%22%3A%22povEwB3ZzsU2C6pd%2B6MdUwKh3BcjHsHvQbV0EUcyDRFM0tKsNUio4Rxug1zOzHJilcvZa8YdqqIySdppe7dolTIewZlxfjiOGz6oXLTucMvN0%2BgQ3yZPvZcoHwUFNN%2BZpcr%2F%2FNa8o9ElfN8zOYhzzZeg0X586laFpeUViPi9rxB%2Be0wwKJKwSaTpNT3tnzgvmhLDdV0WLeT%2FFKfQ0QL8LH02Dvlx%2F8PjYogEE5yzx6g6yOKyKeIDf7jO3GM45O1o1hmSkmz3HiZNSbS8gXb3CDW9nmlhkqLKa4lLkAkZpAG5JCAR4KEzOF9HzUvNfgOnqr5Ov2QSm2AvCfOdBe9Oy%2Fvnzag3zLIuKsio2qc%2FE%2BKC0I%2B4MpT6AtjonGvWhSFYeOjRTl6ytxGba%2F42pjcyyVc4KxuembJV6Yiv2h%2FCVOHi42A4Bx%2BAVZlB2OJQoCeizHaEIke4gLKBu993M9y78%2FmzREQ0KgV1vvYuRfaKd1eNmO0SRV1ogUSH81Kgs05B6IoMhVKT4w7TwrTxbp%2FQ2iMn1qdaM1viWqCGwU1siX1ZIegdsZIo1sjlWnbsTcjefS6Pj3RtIU6lROCEB6QAgiS1WJabPNVEO7waQAXksTDyQHUY2wqyAfRzb44KOjG0poBVHSJ1fq5iJGt%2Fs2ROyG2r1yuKaZ4GSAmh5BaCjz8%3D%22%7D&prevSearchId=1765686709859674781&loginPromo=1
497,"resort rất đẹp, nhiều cây xanh. nhân viên nhiệt tình, hỗ trợ tối đa cho khách. sẽ quay lại resort vào thời gian sắp tới",Castaways Resort Phu Quoc,https://www.traveloka.com/en-vn/hotel/detail?spec=13-05-2023.14-05-2023.1.1.HOTEL.1000000553965.Castaways%20Resort%20Phu%20Quoc.1&contexts=%7B%22inventoryRateKey%22%3A%22povEwB3ZzsU2C6pd%2B6MdUwKh3BcjHsHvQbV0EUcyDRFM0tKsNUio4Rxug1zOzHJilcvZa8YdqqIySdppe7dolTIewZlxfjiOGz6oXLTucMvN0%2BgQ3yZPvZcoHwUFNN%2BZpcr%2F%2FNa8o9ElfN8zOYhzzZeg0X586laFpeUViPi9rxB%2Be0wwKJKwSaTpNT3tnzgvmhLDdV0WLeT%2FFKfQ0QL8LH02Dvlx%2F8PjYogEE5yzx6g6yOKyKeIDf7jO3GM45O1o1hmSkmz3HiZNSbS8gXb3CDW9nmlhkqLKa4lLkAkZpAG5JCAR4KEzOF9HzUvNfgOnqr5Ov2QSm2AvCfOdBe9Oy%2Fvnzag3zLIuKsio2qc%2FE%2BKC0I%2B4MpT6AtjonGvWhSFYeOjRTl6ytxGba%2F42pjcyyVc4KxuembJV6Yiv2h%2FCVOHi42A4Bx%2BAVZlB2OJQoCeizHaEIke4gLKBu993M9y78%2FmzREQ0KgV1vvYuRfaKd1eNmO0SRV1ogUSH81Kgs05B6IoMhVKT4w7TwrTxbp%2FQ2iMn1qdaM1viWqCGwU1siX1ZIegdsZIo1sjlWnbsTcjefS6Pj3RtIU6lROCEB6QAgiS1WJabPNVEO7waQAXksTDyQHUY2wqyAfRzb44KOjG0poBVHSJ1fq5iJGt%2Fs2ROyG2r1yuKaZ4GSAmh5BaCjz8%3D%22%7D&prevSearchId=1765686709859674781&loginPromo=1
498,"Mình có kỳ nghỉ tuyệt ở đây, phòng ngủ sạch sẽ, thoáng mát, không gian bên ngoài đẹp tuyệt nhiều cây xanh và hoa. Bữa sáng nhà hàng nấu ngon và thay đổi thực đơn. Nhân viên thân thiện, nhiệt tình. Gia đình mình sẽ quay trở lại và nghỉ tại đây.",Castaways Resort Phu Quoc,https://www.traveloka.com/en-vn/hotel/detail?spec=13-05-2023.14-05-2023.1.1.HOTEL.1000000553965.Castaways%20Resort%20Phu%20Quoc.1&contexts=%7B%22inventoryRateKey%22%3A%22povEwB3ZzsU2C6pd%2B6MdUwKh3BcjHsHvQbV0EUcyDRFM0tKsNUio4Rxug1zOzHJilcvZa8YdqqIySdppe7dolTIewZlxfjiOGz6oXLTucMvN0%2BgQ3yZPvZcoHwUFNN%2BZpcr%2F%2FNa8o9ElfN8zOYhzzZeg0X586laFpeUViPi9rxB%2Be0wwKJKwSaTpNT3tnzgvmhLDdV0WLeT%2FFKfQ0QL8LH02Dvlx%2F8PjYogEE5yzx6g6yOKyKeIDf7jO3GM45O1o1hmSkmz3HiZNSbS8gXb3CDW9nmlhkqLKa4lLkAkZpAG5JCAR4KEzOF9HzUvNfgOnqr5Ov2QSm2AvCfOdBe9Oy%2Fvnzag3zLIuKsio2qc%2FE%2BKC0I%2B4MpT6AtjonGvWhSFYeOjRTl6ytxGba%2F42pjcyyVc4KxuembJV6Yiv2h%2FCVOHi42A4Bx%2BAVZlB2OJQoCeizHaEIke4gLKBu993M9y78%2FmzREQ0KgV1vvYuRfaKd1eNmO0SRV1ogUSH81Kgs05B6IoMhVKT4w7TwrTxbp%2FQ2iMn1qdaM1viWqCGwU1siX1ZIegdsZIo1sjlWnbsTcjefS6Pj3RtIU6lROCEB6QAgiS1WJabPNVEO7waQAXksTDyQHUY2wqyAfRzb44KOjG0poBVHSJ1fq5iJGt%2Fs2ROyG2r1yuKaZ4GSAmh5BaCjz8%3D%22%7D&prevSearchId=1765686709859674781&loginPromo=1
499,"Khách sạn mới đổi chủ nên còn đang giai đoạn setup toàn bộ. Chủ và nhân viên rất nhiệt tình, thái độ rất muốn lắng nghe và chia sẻ để hoàn thiện nơi nghỉ tốt hơn. Gần đường, thuận tiện đi lại, có các quán ăn, cafe và dịch vụ rất nhiều. Rất tiếc là bể bơi đang lọc nên không bơi được. Ngoài ra mọi thứ đều ổn.😀🚣👾🥳⚓",Castaways Resort Phu Quoc,https://www.traveloka.com/en-vn/hotel/detail?spec=13-05-2023.14-05-2023.1.1.HOTEL.1000000553965.Castaways%20Resort%20Phu%20Quoc.1&contexts=%7B%22inventoryRateKey%22%3A%22povEwB3ZzsU2C6pd%2B6MdUwKh3BcjHsHvQbV0EUcyDRFM0tKsNUio4Rxug1zOzHJilcvZa8YdqqIySdppe7dolTIewZlxfjiOGz6oXLTucMvN0%2BgQ3yZPvZcoHwUFNN%2BZpcr%2F%2FNa8o9ElfN8zOYhzzZeg0X586laFpeUViPi9rxB%2Be0wwKJKwSaTpNT3tnzgvmhLDdV0WLeT%2FFKfQ0QL8LH02Dvlx%2F8PjYogEE5yzx6g6yOKyKeIDf7jO3GM45O1o1hmSkmz3HiZNSbS8gXb3CDW9nmlhkqLKa4lLkAkZpAG5JCAR4KEzOF9HzUvNfgOnqr5Ov2QSm2AvCfOdBe9Oy%2Fvnzag3zLIuKsio2qc%2FE%2BKC0I%2B4MpT6AtjonGvWhSFYeOjRTl6ytxGba%2F42pjcyyVc4KxuembJV6Yiv2h%2FCVOHi42A4Bx%2BAVZlB2OJQoCeizHaEIke4gLKBu993M9y78%2FmzREQ0KgV1vvYuRfaKd1eNmO0SRV1ogUSH81Kgs05B6IoMhVKT4w7TwrTxbp%2FQ2iMn1qdaM1viWqCGwU1siX1ZIegdsZIo1sjlWnbsTcjefS6Pj3RtIU6lROCEB6QAgiS1WJabPNVEO7waQAXksTDyQHUY2wqyAfRzb44KOjG0poBVHSJ1fq5iJGt%2Fs2ROyG2r1yuKaZ4GSAmh5BaCjz8%3D%22%7D&prevSearchId=1765686709859674781&loginPromo=1
500,Khách sạn phục vụ càng ngày càng tệ,Castaways Resort Phu Quoc,https://www.traveloka.com/en-vn/hotel/detail?spec=13-05-2023.14-05-2023.1.1.HOTEL.1000000553965.Castaways%20Resort%20Phu%20Quoc.1&contexts=%7B%22inventoryRateKey%22%3A%22povEwB3ZzsU2C6pd%2B6MdUwKh3BcjHsHvQbV0EUcyDRFM0tKsNUio4Rxug1zOzHJilcvZa8YdqqIySdppe7dolTIewZlxfjiOGz6oXLTucMvN0%2BgQ3yZPvZcoHwUFNN%2BZpcr%2F%2FNa8o9ElfN8zOYhzzZeg0X586laFpeUViPi9rxB%2Be0wwKJKwSaTpNT3tnzgvmhLDdV0WLeT%2FFKfQ0QL8LH02Dvlx%2F8PjYogEE5yzx6g6yOKyKeIDf7jO3GM45O1o1hmSkmz3HiZNSbS8gXb3CDW9nmlhkqLKa4lLkAkZpAG5JCAR4KEzOF9HzUvNfgOnqr5Ov2QSm2AvCfOdBe9Oy%2Fvnzag3zLIuKsio2qc%2FE%2BKC0I%2B4MpT6AtjonGvWhSFYeOjRTl6ytxGba%2F42pjcyyVc4KxuembJV6Yiv2h%2FCVOHi42A4Bx%2BAVZlB2OJQoCeizHaEIke4gLKBu993M9y78%2FmzREQ0KgV1vvYuRfaKd1eNmO0SRV1ogUSH81Kgs05B6IoMhVKT4w7TwrTxbp%2FQ2iMn1qdaM1viWqCGwU1siX1ZIegdsZIo1sjlWnbsTcjefS6Pj3RtIU6lROCEB6QAgiS1WJabPNVEO7waQAXksTDyQHUY2wqyAfRzb44KOjG0poBVHSJ1fq5iJGt%2Fs2ROyG2r1yuKaZ4GSAmh5BaCjz8%3D%22%7D&prevSearchId=1765686709859674781&loginPromo=1
501,"Tốt nhé, nhưng ăn sáng không phải buffet",Castaways Resort Phu Quoc,https://www.traveloka.com/en-vn/hotel/detail?spec=13-05-2023.14-05-2023.1.1.HOTEL.1000000553965.Castaways%20Resort%20Phu%20Quoc.1&contexts=%7B%22inventoryRateKey%22%3A%22povEwB3ZzsU2C6pd%2B6MdUwKh3BcjHsHvQbV0EUcyDRFM0tKsNUio4Rxug1zOzHJilcvZa8YdqqIySdppe7dolTIewZlxfjiOGz6oXLTucMvN0%2BgQ3yZPvZcoHwUFNN%2BZpcr%2F%2FNa8o9ElfN8zOYhzzZeg0X586laFpeUViPi9rxB%2Be0wwKJKwSaTpNT3tnzgvmhLDdV0WLeT%2FFKfQ0QL8LH02Dvlx%2F8PjYogEE5yzx6g6yOKyKeIDf7jO3GM45O1o1hmSkmz3HiZNSbS8gXb3CDW9nmlhkqLKa4lLkAkZpAG5JCAR4KEzOF9HzUvNfgOnqr5Ov2QSm2AvCfOdBe9Oy%2Fvnzag3zLIuKsio2qc%2FE%2BKC0I%2B4MpT6AtjonGvWhSFYeOjRTl6ytxGba%2F42pjcyyVc4KxuembJV6Yiv2h%2FCVOHi42A4Bx%2BAVZlB2OJQoCeizHaEIke4gLKBu993M9y78%2FmzREQ0KgV1vvYuRfaKd1eNmO0SRV1ogUSH81Kgs05B6IoMhVKT4w7TwrTxbp%2FQ2iMn1qdaM1viWqCGwU1siX1ZIegdsZIo1sjlWnbsTcjefS6Pj3RtIU6lROCEB6QAgiS1WJabPNVEO7waQAXksTDyQHUY2wqyAfRzb44KOjG0poBVHSJ1fq5iJGt%2Fs2ROyG2r1yuKaZ4GSAmh5BaCjz8%3D%22%7D&prevSearchId=1765686709859674781&loginPromo=1
502,"Dịch vụ phòng thì tạm ổn, nhưng suất ăn sáng quá tệ.",Castaways Resort Phu Quoc,https://www.traveloka.com/en-vn/hotel/detail?spec=13-05-2023.14-05-2023.1.1.HOTEL.1000000553965.Castaways%20Resort%20Phu%20Quoc.1&contexts=%7B%22inventoryRateKey%22%3A%22povEwB3ZzsU2C6pd%2B6MdUwKh3BcjHsHvQbV0EUcyDRFM0tKsNUio4Rxug1zOzHJilcvZa8YdqqIySdppe7dolTIewZlxfjiOGz6oXLTucMvN0%2BgQ3yZPvZcoHwUFNN%2BZpcr%2F%2FNa8o9ElfN8zOYhzzZeg0X586laFpeUViPi9rxB%2Be0wwKJKwSaTpNT3tnzgvmhLDdV0WLeT%2FFKfQ0QL8LH02Dvlx%2F8PjYogEE5yzx6g6yOKyKeIDf7jO3GM45O1o1hmSkmz3HiZNSbS8gXb3CDW9nmlhkqLKa4lLkAkZpAG5JCAR4KEzOF9HzUvNfgOnqr5Ov2QSm2AvCfOdBe9Oy%2Fvnzag3zLIuKsio2qc%2FE%2BKC0I%2B4MpT6AtjonGvWhSFYeOjRTl6ytxGba%2F42pjcyyVc4KxuembJV6Yiv2h%2FCVOHi42A4Bx%2BAVZlB2OJQoCeizHaEIke4gLKBu993M9y78%2FmzREQ0KgV1vvYuRfaKd1eNmO0SRV1ogUSH81Kgs05B6IoMhVKT4w7TwrTxbp%2FQ2iMn1qdaM1viWqCGwU1siX1ZIegdsZIo1sjlWnbsTcjefS6Pj3RtIU6lROCEB6QAgiS1WJabPNVEO7waQAXksTDyQHUY2wqyAfRzb44KOjG0poBVHSJ1fq5iJGt%2Fs2ROyG2r1yuKaZ4GSAmh5BaCjz8%3D%22%7D&prevSearchId=1765686709859674781&loginPromo=1
503,"Sân vườn thoáng mát. Phòng sạch, nhân viên rất thân thiện",Castaways Resort Phu Quoc,https://www.traveloka.com/en-vn/hotel/detail?spec=13-05-2023.14-05-2023.1.1.HOTEL.1000000553965.Castaways%20Resort%20Phu%20Quoc.1&contexts=%7B%22inventoryRateKey%22%3A%22povEwB3ZzsU2C6pd%2B6MdUwKh3BcjHsHvQbV0EUcyDRFM0tKsNUio4Rxug1zOzHJilcvZa8YdqqIySdppe7dolTIewZlxfjiOGz6oXLTucMvN0%2BgQ3yZPvZcoHwUFNN%2BZpcr%2F%2FNa8o9ElfN8zOYhzzZeg0X586laFpeUViPi9rxB%2Be0wwKJKwSaTpNT3tnzgvmhLDdV0WLeT%2FFKfQ0QL8LH02Dvlx%2F8PjYogEE5yzx6g6yOKyKeIDf7jO3GM45O1o1hmSkmz3HiZNSbS8gXb3CDW9nmlhkqLKa4lLkAkZpAG5JCAR4KEzOF9HzUvNfgOnqr5Ov2QSm2AvCfOdBe9Oy%2Fvnzag3zLIuKsio2qc%2FE%2BKC0I%2B4MpT6AtjonGvWhSFYeOjRTl6ytxGba%2F42pjcyyVc4KxuembJV6Yiv2h%2FCVOHi42A4Bx%2BAVZlB2OJQoCeizHaEIke4gLKBu993M9y78%2FmzREQ0KgV1vvYuRfaKd1eNmO0SRV1ogUSH81Kgs05B6IoMhVKT4w7TwrTxbp%2FQ2iMn1qdaM1viWqCGwU1siX1ZIegdsZIo1sjlWnbsTcjefS6Pj3RtIU6lROCEB6QAgiS1WJabPNVEO7waQAXksTDyQHUY2wqyAfRzb44KOjG0poBVHSJ1fq5iJGt%2Fs2ROyG2r1yuKaZ4GSAmh5BaCjz8%3D%22%7D&prevSearchId=1765686709859674781&loginPromo=1
504,"Phòng muỗi, đồ ăn sáng đơn giản, không ngon",Castaways Resort Phu Quoc,https://www.traveloka.com/en-vn/hotel/detail?spec=13-05-2023.14-05-2023.1.1.HOTEL.1000000553965.Castaways%20Resort%20Phu%20Quoc.1&contexts=%7B%22inventoryRateKey%22%3A%22povEwB3ZzsU2C6pd%2B6MdUwKh3BcjHsHvQbV0EUcyDRFM0tKsNUio4Rxug1zOzHJilcvZa8YdqqIySdppe7dolTIewZlxfjiOGz6oXLTucMvN0%2BgQ3yZPvZcoHwUFNN%2BZpcr%2F%2FNa8o9ElfN8zOYhzzZeg0X586laFpeUViPi9rxB%2Be0wwKJKwSaTpNT3tnzgvmhLDdV0WLeT%2FFKfQ0QL8LH02Dvlx%2F8PjYogEE5yzx6g6yOKyKeIDf7jO3GM45O1o1hmSkmz3HiZNSbS8gXb3CDW9nmlhkqLKa4lLkAkZpAG5JCAR4KEzOF9HzUvNfgOnqr5Ov2QSm2AvCfOdBe9Oy%2Fvnzag3zLIuKsio2qc%2FE%2BKC0I%2B4MpT6AtjonGvWhSFYeOjRTl6ytxGba%2F42pjcyyVc4KxuembJV6Yiv2h%2FCVOHi42A4Bx%2BAVZlB2OJQoCeizHaEIke4gLKBu993M9y78%2FmzREQ0KgV1vvYuRfaKd1eNmO0SRV1ogUSH81Kgs05B6IoMhVKT4w7TwrTxbp%2FQ2iMn1qdaM1viWqCGwU1siX1ZIegdsZIo1sjlWnbsTcjefS6Pj3RtIU6lROCEB6QAgiS1WJabPNVEO7waQAXksTDyQHUY2wqyAfRzb44KOjG0poBVHSJ1fq5iJGt%2Fs2ROyG2r1yuKaZ4GSAmh5BaCjz8%3D%22%7D&prevSearchId=1765686709859674781&loginPromo=1
505,"Điều hoa chảy nước khắp sàn, không làm mát được. Phải dùng khăn tắm thấm",Castaways Resort Phu Quoc,https://www.traveloka.com/en-vn/hotel/detail?spec=13-05-2023.14-05-2023.1.1.HOTEL.1000000553965.Castaways%20Resort%20Phu%20Quoc.1&contexts=%7B%22inventoryRateKey%22%3A%22povEwB3ZzsU2C6pd%2B6MdUwKh3BcjHsHvQbV0EUcyDRFM0tKsNUio4Rxug1zOzHJilcvZa8YdqqIySdppe7dolTIewZlxfjiOGz6oXLTucMvN0%2BgQ3yZPvZcoHwUFNN%2BZpcr%2F%2FNa8o9ElfN8zOYhzzZeg0X586laFpeUViPi9rxB%2Be0wwKJKwSaTpNT3tnzgvmhLDdV0WLeT%2FFKfQ0QL8LH02Dvlx%2F8PjYogEE5yzx6g6yOKyKeIDf7jO3GM45O1o1hmSkmz3HiZNSbS8gXb3CDW9nmlhkqLKa4lLkAkZpAG5JCAR4KEzOF9HzUvNfgOnqr5Ov2QSm2AvCfOdBe9Oy%2Fvnzag3zLIuKsio2qc%2FE%2BKC0I%2B4MpT6AtjonGvWhSFYeOjRTl6ytxGba%2F42pjcyyVc4KxuembJV6Yiv2h%2FCVOHi42A4Bx%2BAVZlB2OJQoCeizHaEIke4gLKBu993M9y78%2FmzREQ0KgV1vvYuRfaKd1eNmO0SRV1ogUSH81Kgs05B6IoMhVKT4w7TwrTxbp%2FQ2iMn1qdaM1viWqCGwU1siX1ZIegdsZIo1sjlWnbsTcjefS6Pj3RtIU6lROCEB6QAgiS1WJabPNVEO7waQAXksTDyQHUY2wqyAfRzb44KOjG0poBVHSJ1fq5iJGt%2Fs2ROyG2r1yuKaZ4GSAmh5BaCjz8%3D%22%7D&prevSearchId=1765686709859674781&loginPromo=1
506,Quản lý khách sạn xử lý rất hài lòng. Mình đặt nhầm ngày được chị giúp đỡ nhiệt tình. Rất cảm ơn chị và mọi người,Castaways Resort Phu Quoc,https://www.traveloka.com/en-vn/hotel/detail?spec=13-05-2023.14-05-2023.1.1.HOTEL.1000000553965.Castaways%20Resort%20Phu%20Quoc.1&contexts=%7B%22inventoryRateKey%22%3A%22povEwB3ZzsU2C6pd%2B6MdUwKh3BcjHsHvQbV0EUcyDRFM0tKsNUio4Rxug1zOzHJilcvZa8YdqqIySdppe7dolTIewZlxfjiOGz6oXLTucMvN0%2BgQ3yZPvZcoHwUFNN%2BZpcr%2F%2FNa8o9ElfN8zOYhzzZeg0X586laFpeUViPi9rxB%2Be0wwKJKwSaTpNT3tnzgvmhLDdV0WLeT%2FFKfQ0QL8LH02Dvlx%2F8PjYogEE5yzx6g6yOKyKeIDf7jO3GM45O1o1hmSkmz3HiZNSbS8gXb3CDW9nmlhkqLKa4lLkAkZpAG5JCAR4KEzOF9HzUvNfgOnqr5Ov2QSm2AvCfOdBe9Oy%2Fvnzag3zLIuKsio2qc%2FE%2BKC0I%2B4MpT6AtjonGvWhSFYeOjRTl6ytxGba%2F42pjcyyVc4KxuembJV6Yiv2h%2FCVOHi42A4Bx%2BAVZlB2OJQoCeizHaEIke4gLKBu993M9y78%2FmzREQ0KgV1vvYuRfaKd1eNmO0SRV1ogUSH81Kgs05B6IoMhVKT4w7TwrTxbp%2FQ2iMn1qdaM1viWqCGwU1siX1ZIegdsZIo1sjlWnbsTcjefS6Pj3RtIU6lROCEB6QAgiS1WJabPNVEO7waQAXksTDyQHUY2wqyAfRzb44KOjG0poBVHSJ1fq5iJGt%2Fs2ROyG2r1yuKaZ4GSAmh5BaCjz8%3D%22%7D&prevSearchId=1765686709859674781&loginPromo=1
507,Chị quản lý làm việc rất trách nhiệm và nhiệt tình. Mình có đặt nhầm ngày và được sự giúp đỡ của chị. Rất cảm ơn chị và mọi người,Castaways Resort Phu Quoc,https://www.traveloka.com/en-vn/hotel/detail?spec=13-05-2023.14-05-2023.1.1.HOTEL.1000000553965.Castaways%20Resort%20Phu%20Quoc.1&contexts=%7B%22inventoryRateKey%22%3A%22povEwB3ZzsU2C6pd%2B6MdUwKh3BcjHsHvQbV0EUcyDRFM0tKsNUio4Rxug1zOzHJilcvZa8YdqqIySdppe7dolTIewZlxfjiOGz6oXLTucMvN0%2BgQ3yZPvZcoHwUFNN%2BZpcr%2F%2FNa8o9ElfN8zOYhzzZeg0X586laFpeUViPi9rxB%2Be0wwKJKwSaTpNT3tnzgvmhLDdV0WLeT%2FFKfQ0QL8LH02Dvlx%2F8PjYogEE5yzx6g6yOKyKeIDf7jO3GM45O1o1hmSkmz3HiZNSbS8gXb3CDW9nmlhkqLKa4lLkAkZpAG5JCAR4KEzOF9HzUvNfgOnqr5Ov2QSm2AvCfOdBe9Oy%2Fvnzag3zLIuKsio2qc%2FE%2BKC0I%2B4MpT6AtjonGvWhSFYeOjRTl6ytxGba%2F42pjcyyVc4KxuembJV6Yiv2h%2FCVOHi42A4Bx%2BAVZlB2OJQoCeizHaEIke4gLKBu993M9y78%2FmzREQ0KgV1vvYuRfaKd1eNmO0SRV1ogUSH81Kgs05B6IoMhVKT4w7TwrTxbp%2FQ2iMn1qdaM1viWqCGwU1siX1ZIegdsZIo1sjlWnbsTcjefS6Pj3RtIU6lROCEB6QAgiS1WJabPNVEO7waQAXksTDyQHUY2wqyAfRzb44KOjG0poBVHSJ1fq5iJGt%2Fs2ROyG2r1yuKaZ4GSAmh5BaCjz8%3D%22%7D&prevSearchId=1765686709859674781&loginPromo=1
508,Tốt. Phù hợp với giá tiền. Đi lại thuận tiện,Castaways Resort Phu Quoc,https://www.traveloka.com/en-vn/hotel/detail?spec=13-05-2023.14-05-2023.1.1.HOTEL.1000000553965.Castaways%20Resort%20Phu%20Quoc.1&contexts=%7B%22inventoryRateKey%22%3A%22povEwB3ZzsU2C6pd%2B6MdUwKh3BcjHsHvQbV0EUcyDRFM0tKsNUio4Rxug1zOzHJilcvZa8YdqqIySdppe7dolTIewZlxfjiOGz6oXLTucMvN0%2BgQ3yZPvZcoHwUFNN%2BZpcr%2F%2FNa8o9ElfN8zOYhzzZeg0X586laFpeUViPi9rxB%2Be0wwKJKwSaTpNT3tnzgvmhLDdV0WLeT%2FFKfQ0QL8LH02Dvlx%2F8PjYogEE5yzx6g6yOKyKeIDf7jO3GM45O1o1hmSkmz3HiZNSbS8gXb3CDW9nmlhkqLKa4lLkAkZpAG5JCAR4KEzOF9HzUvNfgOnqr5Ov2QSm2AvCfOdBe9Oy%2Fvnzag3zLIuKsio2qc%2FE%2BKC0I%2B4MpT6AtjonGvWhSFYeOjRTl6ytxGba%2F42pjcyyVc4KxuembJV6Yiv2h%2FCVOHi42A4Bx%2BAVZlB2OJQoCeizHaEIke4gLKBu993M9y78%2FmzREQ0KgV1vvYuRfaKd1eNmO0SRV1ogUSH81Kgs05B6IoMhVKT4w7TwrTxbp%2FQ2iMn1qdaM1viWqCGwU1siX1ZIegdsZIo1sjlWnbsTcjefS6Pj3RtIU6lROCEB6QAgiS1WJabPNVEO7waQAXksTDyQHUY2wqyAfRzb44KOjG0poBVHSJ1fq5iJGt%2Fs2ROyG2r1yuKaZ4GSAmh5BaCjz8%3D%22%7D&prevSearchId=1765686709859674781&loginPromo=1
509,"Tiếp Tân rất nhiệt tình, phòng sạch sẽ, yên tĩnh. Sẽ quay lại khi có dịp. Cảm ơn khách sạn nhiều!",Castaways Resort Phu Quoc,https://www.traveloka.com/en-vn/hotel/detail?spec=13-05-2023.14-05-2023.1.1.HOTEL.1000000553965.Castaways%20Resort%20Phu%20Quoc.1&contexts=%7B%22inventoryRateKey%22%3A%22povEwB3ZzsU2C6pd%2B6MdUwKh3BcjHsHvQbV0EUcyDRFM0tKsNUio4Rxug1zOzHJilcvZa8YdqqIySdppe7dolTIewZlxfjiOGz6oXLTucMvN0%2BgQ3yZPvZcoHwUFNN%2BZpcr%2F%2FNa8o9ElfN8zOYhzzZeg0X586laFpeUViPi9rxB%2Be0wwKJKwSaTpNT3tnzgvmhLDdV0WLeT%2FFKfQ0QL8LH02Dvlx%2F8PjYogEE5yzx6g6yOKyKeIDf7jO3GM45O1o1hmSkmz3HiZNSbS8gXb3CDW9nmlhkqLKa4lLkAkZpAG5JCAR4KEzOF9HzUvNfgOnqr5Ov2QSm2AvCfOdBe9Oy%2Fvnzag3zLIuKsio2qc%2FE%2BKC0I%2B4MpT6AtjonGvWhSFYeOjRTl6ytxGba%2F42pjcyyVc4KxuembJV6Yiv2h%2FCVOHi42A4Bx%2BAVZlB2OJQoCeizHaEIke4gLKBu993M9y78%2FmzREQ0KgV1vvYuRfaKd1eNmO0SRV1ogUSH81Kgs05B6IoMhVKT4w7TwrTxbp%2FQ2iMn1qdaM1viWqCGwU1siX1ZIegdsZIo1sjlWnbsTcjefS6Pj3RtIU6lROCEB6QAgiS1WJabPNVEO7waQAXksTDyQHUY2wqyAfRzb44KOjG0poBVHSJ1fq5iJGt%2Fs2ROyG2r1yuKaZ4GSAmh5BaCjz8%3D%22%7D&prevSearchId=1765686709859674781&loginPromo=1
510,thích hợp gia đình. ngay đường lớn. khu ăn uống . đánh giá 10/10,Castaways Resort Phu Quoc,https://www.traveloka.com/en-vn/hotel/detail?spec=13-05-2023.14-05-2023.1.1.HOTEL.1000000553965.Castaways%20Resort%20Phu%20Quoc.1&contexts=%7B%22inventoryRateKey%22%3A%22povEwB3ZzsU2C6pd%2B6MdUwKh3BcjHsHvQbV0EUcyDRFM0tKsNUio4Rxug1zOzHJilcvZa8YdqqIySdppe7dolTIewZlxfjiOGz6oXLTucMvN0%2BgQ3yZPvZcoHwUFNN%2BZpcr%2F%2FNa8o9ElfN8zOYhzzZeg0X586laFpeUViPi9rxB%2Be0wwKJKwSaTpNT3tnzgvmhLDdV0WLeT%2FFKfQ0QL8LH02Dvlx%2F8PjYogEE5yzx6g6yOKyKeIDf7jO3GM45O1o1hmSkmz3HiZNSbS8gXb3CDW9nmlhkqLKa4lLkAkZpAG5JCAR4KEzOF9HzUvNfgOnqr5Ov2QSm2AvCfOdBe9Oy%2Fvnzag3zLIuKsio2qc%2FE%2BKC0I%2B4MpT6AtjonGvWhSFYeOjRTl6ytxGba%2F42pjcyyVc4KxuembJV6Yiv2h%2FCVOHi42A4Bx%2BAVZlB2OJQoCeizHaEIke4gLKBu993M9y78%2FmzREQ0KgV1vvYuRfaKd1eNmO0SRV1ogUSH81Kgs05B6IoMhVKT4w7TwrTxbp%2FQ2iMn1qdaM1viWqCGwU1siX1ZIegdsZIo1sjlWnbsTcjefS6Pj3RtIU6lROCEB6QAgiS1WJabPNVEO7waQAXksTDyQHUY2wqyAfRzb44KOjG0poBVHSJ1fq5iJGt%2Fs2ROyG2r1yuKaZ4GSAmh5BaCjz8%3D%22%7D&prevSearchId=1765686709859674781&loginPromo=1
511,Khách sạn ổn tuy nhiên ăn sáng quá chán !,Castaways Resort Phu Quoc,https://www.traveloka.com/en-vn/hotel/detail?spec=13-05-2023.14-05-2023.1.1.HOTEL.1000000553965.Castaways%20Resort%20Phu%20Quoc.1&contexts=%7B%22inventoryRateKey%22%3A%22povEwB3ZzsU2C6pd%2B6MdUwKh3BcjHsHvQbV0EUcyDRFM0tKsNUio4Rxug1zOzHJilcvZa8YdqqIySdppe7dolTIewZlxfjiOGz6oXLTucMvN0%2BgQ3yZPvZcoHwUFNN%2BZpcr%2F%2FNa8o9ElfN8zOYhzzZeg0X586laFpeUViPi9rxB%2Be0wwKJKwSaTpNT3tnzgvmhLDdV0WLeT%2FFKfQ0QL8LH02Dvlx%2F8PjYogEE5yzx6g6yOKyKeIDf7jO3GM45O1o1hmSkmz3HiZNSbS8gXb3CDW9nmlhkqLKa4lLkAkZpAG5JCAR4KEzOF9HzUvNfgOnqr5Ov2QSm2AvCfOdBe9Oy%2Fvnzag3zLIuKsio2qc%2FE%2BKC0I%2B4MpT6AtjonGvWhSFYeOjRTl6ytxGba%2F42pjcyyVc4KxuembJV6Yiv2h%2FCVOHi42A4Bx%2BAVZlB2OJQoCeizHaEIke4gLKBu993M9y78%2FmzREQ0KgV1vvYuRfaKd1eNmO0SRV1ogUSH81Kgs05B6IoMhVKT4w7TwrTxbp%2FQ2iMn1qdaM1viWqCGwU1siX1ZIegdsZIo1sjlWnbsTcjefS6Pj3RtIU6lROCEB6QAgiS1WJabPNVEO7waQAXksTDyQHUY2wqyAfRzb44KOjG0poBVHSJ1fq5iJGt%2Fs2ROyG2r1yuKaZ4GSAmh5BaCjz8%3D%22%7D&prevSearchId=1765686709859674781&loginPromo=1
512,"Phòng không đạt tiêu chuẩn 4 sao, nội thất khá cũ, buổi tối thiếu đèn ở lối đi vào phòng, ăn sáng ko ngon!!",Castaways Resort Phu Quoc,https://www.traveloka.com/en-vn/hotel/detail?spec=13-05-2023.14-05-2023.1.1.HOTEL.1000000553965.Castaways%20Resort%20Phu%20Quoc.1&contexts=%7B%22inventoryRateKey%22%3A%22povEwB3ZzsU2C6pd%2B6MdUwKh3BcjHsHvQbV0EUcyDRFM0tKsNUio4Rxug1zOzHJilcvZa8YdqqIySdppe7dolTIewZlxfjiOGz6oXLTucMvN0%2BgQ3yZPvZcoHwUFNN%2BZpcr%2F%2FNa8o9ElfN8zOYhzzZeg0X586laFpeUViPi9rxB%2Be0wwKJKwSaTpNT3tnzgvmhLDdV0WLeT%2FFKfQ0QL8LH02Dvlx%2F8PjYogEE5yzx6g6yOKyKeIDf7jO3GM45O1o1hmSkmz3HiZNSbS8gXb3CDW9nmlhkqLKa4lLkAkZpAG5JCAR4KEzOF9HzUvNfgOnqr5Ov2QSm2AvCfOdBe9Oy%2Fvnzag3zLIuKsio2qc%2FE%2BKC0I%2B4MpT6AtjonGvWhSFYeOjRTl6ytxGba%2F42pjcyyVc4KxuembJV6Yiv2h%2FCVOHi42A4Bx%2BAVZlB2OJQoCeizHaEIke4gLKBu993M9y78%2FmzREQ0KgV1vvYuRfaKd1eNmO0SRV1ogUSH81Kgs05B6IoMhVKT4w7TwrTxbp%2FQ2iMn1qdaM1viWqCGwU1siX1ZIegdsZIo1sjlWnbsTcjefS6Pj3RtIU6lROCEB6QAgiS1WJabPNVEO7waQAXksTDyQHUY2wqyAfRzb44KOjG0poBVHSJ1fq5iJGt%2Fs2ROyG2r1yuKaZ4GSAmh5BaCjz8%3D%22%7D&prevSearchId=1765686709859674781&loginPromo=1
513,"Phòng rộng rãi, mỗi tội tối hay có muỗi chắc do nhiều cây xung quanh, nhân viên nhiệt tình. Ăn sáng hơi ít món nhưng cũng ok với giá tiền như vậy.",Castaways Resort Phu Quoc,https://www.traveloka.com/en-vn/hotel/detail?spec=13-05-2023.14-05-2023.1.1.HOTEL.1000000553965.Castaways%20Resort%20Phu%20Quoc.1&contexts=%7B%22inventoryRateKey%22%3A%22povEwB3ZzsU2C6pd%2B6MdUwKh3BcjHsHvQbV0EUcyDRFM0tKsNUio4Rxug1zOzHJilcvZa8YdqqIySdppe7dolTIewZlxfjiOGz6oXLTucMvN0%2BgQ3yZPvZcoHwUFNN%2BZpcr%2F%2FNa8o9ElfN8zOYhzzZeg0X586laFpeUViPi9rxB%2Be0wwKJKwSaTpNT3tnzgvmhLDdV0WLeT%2FFKfQ0QL8LH02Dvlx%2F8PjYogEE5yzx6g6yOKyKeIDf7jO3GM45O1o1hmSkmz3HiZNSbS8gXb3CDW9nmlhkqLKa4lLkAkZpAG5JCAR4KEzOF9HzUvNfgOnqr5Ov2QSm2AvCfOdBe9Oy%2Fvnzag3zLIuKsio2qc%2FE%2BKC0I%2B4MpT6AtjonGvWhSFYeOjRTl6ytxGba%2F42pjcyyVc4KxuembJV6Yiv2h%2FCVOHi42A4Bx%2BAVZlB2OJQoCeizHaEIke4gLKBu993M9y78%2FmzREQ0KgV1vvYuRfaKd1eNmO0SRV1ogUSH81Kgs05B6IoMhVKT4w7TwrTxbp%2FQ2iMn1qdaM1viWqCGwU1siX1ZIegdsZIo1sjlWnbsTcjefS6Pj3RtIU6lROCEB6QAgiS1WJabPNVEO7waQAXksTDyQHUY2wqyAfRzb44KOjG0poBVHSJ1fq5iJGt%2Fs2ROyG2r1yuKaZ4GSAmh5BaCjz8%3D%22%7D&prevSearchId=1765686709859674781&loginPromo=1
514,Khách sạn có vị trí ổn nhưng bày trí phòng không đẹp lắm (vì phòng rộng). phòng tắm không có nước nóng. bữa ăn sáng không phong phú. chỉ có cá hộp+ bánh mì+ thịt nguội+ trứng ốp la+ mì xào+ lagu gà+ mì nước lỏng bỏng vài cọng thêm được 2 miếng chả cá và trái cây + nước giải khát.,Castaways Resort Phu Quoc,https://www.traveloka.com/en-vn/hotel/detail?spec=13-05-2023.14-05-2023.1.1.HOTEL.1000000553965.Castaways%20Resort%20Phu%20Quoc.1&contexts=%7B%22inventoryRateKey%22%3A%22povEwB3ZzsU2C6pd%2B6MdUwKh3BcjHsHvQbV0EUcyDRFM0tKsNUio4Rxug1zOzHJilcvZa8YdqqIySdppe7dolTIewZlxfjiOGz6oXLTucMvN0%2BgQ3yZPvZcoHwUFNN%2BZpcr%2F%2FNa8o9ElfN8zOYhzzZeg0X586laFpeUViPi9rxB%2Be0wwKJKwSaTpNT3tnzgvmhLDdV0WLeT%2FFKfQ0QL8LH02Dvlx%2F8PjYogEE5yzx6g6yOKyKeIDf7jO3GM45O1o1hmSkmz3HiZNSbS8gXb3CDW9nmlhkqLKa4lLkAkZpAG5JCAR4KEzOF9HzUvNfgOnqr5Ov2QSm2AvCfOdBe9Oy%2Fvnzag3zLIuKsio2qc%2FE%2BKC0I%2B4MpT6AtjonGvWhSFYeOjRTl6ytxGba%2F42pjcyyVc4KxuembJV6Yiv2h%2FCVOHi42A4Bx%2BAVZlB2OJQoCeizHaEIke4gLKBu993M9y78%2FmzREQ0KgV1vvYuRfaKd1eNmO0SRV1ogUSH81Kgs05B6IoMhVKT4w7TwrTxbp%2FQ2iMn1qdaM1viWqCGwU1siX1ZIegdsZIo1sjlWnbsTcjefS6Pj3RtIU6lROCEB6QAgiS1WJabPNVEO7waQAXksTDyQHUY2wqyAfRzb44KOjG0poBVHSJ1fq5iJGt%2Fs2ROyG2r1yuKaZ4GSAmh5BaCjz8%3D%22%7D&prevSearchId=1765686709859674781&loginPromo=1
515,Mình và bạn gái đã có kỳ nghỉ khá hài lòng. Bữa sáng ổn. Phòng sạch và hợp lý.,Castaways Resort Phu Quoc,https://www.traveloka.com/en-vn/hotel/detail?spec=13-05-2023.14-05-2023.1.1.HOTEL.1000000553965.Castaways%20Resort%20Phu%20Quoc.1&contexts=%7B%22inventoryRateKey%22%3A%22povEwB3ZzsU2C6pd%2B6MdUwKh3BcjHsHvQbV0EUcyDRFM0tKsNUio4Rxug1zOzHJilcvZa8YdqqIySdppe7dolTIewZlxfjiOGz6oXLTucMvN0%2BgQ3yZPvZcoHwUFNN%2BZpcr%2F%2FNa8o9ElfN8zOYhzzZeg0X586laFpeUViPi9rxB%2Be0wwKJKwSaTpNT3tnzgvmhLDdV0WLeT%2FFKfQ0QL8LH02Dvlx%2F8PjYogEE5yzx6g6yOKyKeIDf7jO3GM45O1o1hmSkmz3HiZNSbS8gXb3CDW9nmlhkqLKa4lLkAkZpAG5JCAR4KEzOF9HzUvNfgOnqr5Ov2QSm2AvCfOdBe9Oy%2Fvnzag3zLIuKsio2qc%2FE%2BKC0I%2B4MpT6AtjonGvWhSFYeOjRTl6ytxGba%2F42pjcyyVc4KxuembJV6Yiv2h%2FCVOHi42A4Bx%2BAVZlB2OJQoCeizHaEIke4gLKBu993M9y78%2FmzREQ0KgV1vvYuRfaKd1eNmO0SRV1ogUSH81Kgs05B6IoMhVKT4w7TwrTxbp%2FQ2iMn1qdaM1viWqCGwU1siX1ZIegdsZIo1sjlWnbsTcjefS6Pj3RtIU6lROCEB6QAgiS1WJabPNVEO7waQAXksTDyQHUY2wqyAfRzb44KOjG0poBVHSJ1fq5iJGt%2Fs2ROyG2r1yuKaZ4GSAmh5BaCjz8%3D%22%7D&prevSearchId=1765686709859674781&loginPromo=1
516,"Khách sạn phục vụ rất chu đáo và chuyên nghiệp, sẽ quay lại khi có dịp❤️",Castaways Resort Phu Quoc,https://www.traveloka.com/en-vn/hotel/detail?spec=13-05-2023.14-05-2023.1.1.HOTEL.1000000553965.Castaways%20Resort%20Phu%20Quoc.1&contexts=%7B%22inventoryRateKey%22%3A%22povEwB3ZzsU2C6pd%2B6MdUwKh3BcjHsHvQbV0EUcyDRFM0tKsNUio4Rxug1zOzHJilcvZa8YdqqIySdppe7dolTIewZlxfjiOGz6oXLTucMvN0%2BgQ3yZPvZcoHwUFNN%2BZpcr%2F%2FNa8o9ElfN8zOYhzzZeg0X586laFpeUViPi9rxB%2Be0wwKJKwSaTpNT3tnzgvmhLDdV0WLeT%2FFKfQ0QL8LH02Dvlx%2F8PjYogEE5yzx6g6yOKyKeIDf7jO3GM45O1o1hmSkmz3HiZNSbS8gXb3CDW9nmlhkqLKa4lLkAkZpAG5JCAR4KEzOF9HzUvNfgOnqr5Ov2QSm2AvCfOdBe9Oy%2Fvnzag3zLIuKsio2qc%2FE%2BKC0I%2B4MpT6AtjonGvWhSFYeOjRTl6ytxGba%2F42pjcyyVc4KxuembJV6Yiv2h%2FCVOHi42A4Bx%2BAVZlB2OJQoCeizHaEIke4gLKBu993M9y78%2FmzREQ0KgV1vvYuRfaKd1eNmO0SRV1ogUSH81Kgs05B6IoMhVKT4w7TwrTxbp%2FQ2iMn1qdaM1viWqCGwU1siX1ZIegdsZIo1sjlWnbsTcjefS6Pj3RtIU6lROCEB6QAgiS1WJabPNVEO7waQAXksTDyQHUY2wqyAfRzb44KOjG0poBVHSJ1fq5iJGt%2Fs2ROyG2r1yuKaZ4GSAmh5BaCjz8%3D%22%7D&prevSearchId=1765686709859674781&loginPromo=1
517,Tôi đã có một kì nghỉ thật là tuyệt vời từ khách sạn tới dịch vụ Tour du lịch,Castaways Resort Phu Quoc,https://www.traveloka.com/en-vn/hotel/detail?spec=13-05-2023.14-05-2023.1.1.HOTEL.1000000553965.Castaways%20Resort%20Phu%20Quoc.1&contexts=%7B%22inventoryRateKey%22%3A%22povEwB3ZzsU2C6pd%2B6MdUwKh3BcjHsHvQbV0EUcyDRFM0tKsNUio4Rxug1zOzHJilcvZa8YdqqIySdppe7dolTIewZlxfjiOGz6oXLTucMvN0%2BgQ3yZPvZcoHwUFNN%2BZpcr%2F%2FNa8o9ElfN8zOYhzzZeg0X586laFpeUViPi9rxB%2Be0wwKJKwSaTpNT3tnzgvmhLDdV0WLeT%2FFKfQ0QL8LH02Dvlx%2F8PjYogEE5yzx6g6yOKyKeIDf7jO3GM45O1o1hmSkmz3HiZNSbS8gXb3CDW9nmlhkqLKa4lLkAkZpAG5JCAR4KEzOF9HzUvNfgOnqr5Ov2QSm2AvCfOdBe9Oy%2Fvnzag3zLIuKsio2qc%2FE%2BKC0I%2B4MpT6AtjonGvWhSFYeOjRTl6ytxGba%2F42pjcyyVc4KxuembJV6Yiv2h%2FCVOHi42A4Bx%2BAVZlB2OJQoCeizHaEIke4gLKBu993M9y78%2FmzREQ0KgV1vvYuRfaKd1eNmO0SRV1ogUSH81Kgs05B6IoMhVKT4w7TwrTxbp%2FQ2iMn1qdaM1viWqCGwU1siX1ZIegdsZIo1sjlWnbsTcjefS6Pj3RtIU6lROCEB6QAgiS1WJabPNVEO7waQAXksTDyQHUY2wqyAfRzb44KOjG0poBVHSJ1fq5iJGt%2Fs2ROyG2r1yuKaZ4GSAmh5BaCjz8%3D%22%7D&prevSearchId=1765686709859674781&loginPromo=1
518,"Khách sạn nhiều muỗi, nhưng được cái ở Trung tâm, thuận tiện đi lại, có hỗ trợ khách đón sân bay.",Castaways Resort Phu Quoc,https://www.traveloka.com/en-vn/hotel/detail?spec=13-05-2023.14-05-2023.1.1.HOTEL.1000000553965.Castaways%20Resort%20Phu%20Quoc.1&contexts=%7B%22inventoryRateKey%22%3A%22povEwB3ZzsU2C6pd%2B6MdUwKh3BcjHsHvQbV0EUcyDRFM0tKsNUio4Rxug1zOzHJilcvZa8YdqqIySdppe7dolTIewZlxfjiOGz6oXLTucMvN0%2BgQ3yZPvZcoHwUFNN%2BZpcr%2F%2FNa8o9ElfN8zOYhzzZeg0X586laFpeUViPi9rxB%2Be0wwKJKwSaTpNT3tnzgvmhLDdV0WLeT%2FFKfQ0QL8LH02Dvlx%2F8PjYogEE5yzx6g6yOKyKeIDf7jO3GM45O1o1hmSkmz3HiZNSbS8gXb3CDW9nmlhkqLKa4lLkAkZpAG5JCAR4KEzOF9HzUvNfgOnqr5Ov2QSm2AvCfOdBe9Oy%2Fvnzag3zLIuKsio2qc%2FE%2BKC0I%2B4MpT6AtjonGvWhSFYeOjRTl6ytxGba%2F42pjcyyVc4KxuembJV6Yiv2h%2FCVOHi42A4Bx%2BAVZlB2OJQoCeizHaEIke4gLKBu993M9y78%2FmzREQ0KgV1vvYuRfaKd1eNmO0SRV1ogUSH81Kgs05B6IoMhVKT4w7TwrTxbp%2FQ2iMn1qdaM1viWqCGwU1siX1ZIegdsZIo1sjlWnbsTcjefS6Pj3RtIU6lROCEB6QAgiS1WJabPNVEO7waQAXksTDyQHUY2wqyAfRzb44KOjG0poBVHSJ1fq5iJGt%2Fs2ROyG2r1yuKaZ4GSAmh5BaCjz8%3D%22%7D&prevSearchId=1765686709859674781&loginPromo=1
519,"Nhìn chung với giá tiền thì đây là resort ổn, không quá đòi hỏi chất lượng. 1. Nhưng do nhiều cây, nên rất nhiều muỗi. Nhân viên lễ tân hơi chậm. 2. Gia đình mình book 3 phòng, nhưng có 1 phòng điều hoà không ổn. 3. Điểm cộng đối diện resort có nhiều hàng tạp hoá, siêu thị tiện lợi để mua đồ. 4. Đồ ăn sáng không ngon lắm. Nếu tiết kiệm chi phí và được ở Trung tâm thì vẫn ok",Castaways Resort Phu Quoc,https://www.traveloka.com/en-vn/hotel/detail?spec=13-05-2023.14-05-2023.1.1.HOTEL.1000000553965.Castaways%20Resort%20Phu%20Quoc.1&contexts=%7B%22inventoryRateKey%22%3A%22povEwB3ZzsU2C6pd%2B6MdUwKh3BcjHsHvQbV0EUcyDRFM0tKsNUio4Rxug1zOzHJilcvZa8YdqqIySdppe7dolTIewZlxfjiOGz6oXLTucMvN0%2BgQ3yZPvZcoHwUFNN%2BZpcr%2F%2FNa8o9ElfN8zOYhzzZeg0X586laFpeUViPi9rxB%2Be0wwKJKwSaTpNT3tnzgvmhLDdV0WLeT%2FFKfQ0QL8LH02Dvlx%2F8PjYogEE5yzx6g6yOKyKeIDf7jO3GM45O1o1hmSkmz3HiZNSbS8gXb3CDW9nmlhkqLKa4lLkAkZpAG5JCAR4KEzOF9HzUvNfgOnqr5Ov2QSm2AvCfOdBe9Oy%2Fvnzag3zLIuKsio2qc%2FE%2BKC0I%2B4MpT6AtjonGvWhSFYeOjRTl6ytxGba%2F42pjcyyVc4KxuembJV6Yiv2h%2FCVOHi42A4Bx%2BAVZlB2OJQoCeizHaEIke4gLKBu993M9y78%2FmzREQ0KgV1vvYuRfaKd1eNmO0SRV1ogUSH81Kgs05B6IoMhVKT4w7TwrTxbp%2FQ2iMn1qdaM1viWqCGwU1siX1ZIegdsZIo1sjlWnbsTcjefS6Pj3RtIU6lROCEB6QAgiS1WJabPNVEO7waQAXksTDyQHUY2wqyAfRzb44KOjG0poBVHSJ1fq5iJGt%2Fs2ROyG2r1yuKaZ4GSAmh5BaCjz8%3D%22%7D&prevSearchId=1765686709859674781&loginPromo=1
520,Ăn sáng không đa dạng và phòng nhiều muỗi,Castaways Resort Phu Quoc,https://www.traveloka.com/en-vn/hotel/detail?spec=13-05-2023.14-05-2023.1.1.HOTEL.1000000553965.Castaways%20Resort%20Phu%20Quoc.1&contexts=%7B%22inventoryRateKey%22%3A%22povEwB3ZzsU2C6pd%2B6MdUwKh3BcjHsHvQbV0EUcyDRFM0tKsNUio4Rxug1zOzHJilcvZa8YdqqIySdppe7dolTIewZlxfjiOGz6oXLTucMvN0%2BgQ3yZPvZcoHwUFNN%2BZpcr%2F%2FNa8o9ElfN8zOYhzzZeg0X586laFpeUViPi9rxB%2Be0wwKJKwSaTpNT3tnzgvmhLDdV0WLeT%2FFKfQ0QL8LH02Dvlx%2F8PjYogEE5yzx6g6yOKyKeIDf7jO3GM45O1o1hmSkmz3HiZNSbS8gXb3CDW9nmlhkqLKa4lLkAkZpAG5JCAR4KEzOF9HzUvNfgOnqr5Ov2QSm2AvCfOdBe9Oy%2Fvnzag3zLIuKsio2qc%2FE%2BKC0I%2B4MpT6AtjonGvWhSFYeOjRTl6ytxGba%2F42pjcyyVc4KxuembJV6Yiv2h%2FCVOHi42A4Bx%2BAVZlB2OJQoCeizHaEIke4gLKBu993M9y78%2FmzREQ0KgV1vvYuRfaKd1eNmO0SRV1ogUSH81Kgs05B6IoMhVKT4w7TwrTxbp%2FQ2iMn1qdaM1viWqCGwU1siX1ZIegdsZIo1sjlWnbsTcjefS6Pj3RtIU6lROCEB6QAgiS1WJabPNVEO7waQAXksTDyQHUY2wqyAfRzb44KOjG0poBVHSJ1fq5iJGt%2Fs2ROyG2r1yuKaZ4GSAmh5BaCjz8%3D%22%7D&prevSearchId=1765686709859674781&loginPromo=1
521,,Castaways Resort Phu Quoc,https://www.traveloka.com/en-vn/hotel/detail?spec=13-05-2023.14-05-2023.1.1.HOTEL.1000000553965.Castaways%20Resort%20Phu%20Quoc.1&contexts=%7B%22inventoryRateKey%22%3A%22povEwB3ZzsU2C6pd%2B6MdUwKh3BcjHsHvQbV0EUcyDRFM0tKsNUio4Rxug1zOzHJilcvZa8YdqqIySdppe7dolTIewZlxfjiOGz6oXLTucMvN0%2BgQ3yZPvZcoHwUFNN%2BZpcr%2F%2FNa8o9ElfN8zOYhzzZeg0X586laFpeUViPi9rxB%2Be0wwKJKwSaTpNT3tnzgvmhLDdV0WLeT%2FFKfQ0QL8LH02Dvlx%2F8PjYogEE5yzx6g6yOKyKeIDf7jO3GM45O1o1hmSkmz3HiZNSbS8gXb3CDW9nmlhkqLKa4lLkAkZpAG5JCAR4KEzOF9HzUvNfgOnqr5Ov2QSm2AvCfOdBe9Oy%2Fvnzag3zLIuKsio2qc%2FE%2BKC0I%2B4MpT6AtjonGvWhSFYeOjRTl6ytxGba%2F42pjcyyVc4KxuembJV6Yiv2h%2FCVOHi42A4Bx%2BAVZlB2OJQoCeizHaEIke4gLKBu993M9y78%2FmzREQ0KgV1vvYuRfaKd1eNmO0SRV1ogUSH81Kgs05B6IoMhVKT4w7TwrTxbp%2FQ2iMn1qdaM1viWqCGwU1siX1ZIegdsZIo1sjlWnbsTcjefS6Pj3RtIU6lROCEB6QAgiS1WJabPNVEO7waQAXksTDyQHUY2wqyAfRzb44KOjG0poBVHSJ1fq5iJGt%2Fs2ROyG2r1yuKaZ4GSAmh5BaCjz8%3D%22%7D&prevSearchId=1765686709859674781&loginPromo=1
522,"Phòng khá ổn, ăn sáng ngon, dịch vụ tốt",Castaways Resort Phu Quoc,https://www.traveloka.com/en-vn/hotel/detail?spec=13-05-2023.14-05-2023.1.1.HOTEL.1000000553965.Castaways%20Resort%20Phu%20Quoc.1&contexts=%7B%22inventoryRateKey%22%3A%22povEwB3ZzsU2C6pd%2B6MdUwKh3BcjHsHvQbV0EUcyDRFM0tKsNUio4Rxug1zOzHJilcvZa8YdqqIySdppe7dolTIewZlxfjiOGz6oXLTucMvN0%2BgQ3yZPvZcoHwUFNN%2BZpcr%2F%2FNa8o9ElfN8zOYhzzZeg0X586laFpeUViPi9rxB%2Be0wwKJKwSaTpNT3tnzgvmhLDdV0WLeT%2FFKfQ0QL8LH02Dvlx%2F8PjYogEE5yzx6g6yOKyKeIDf7jO3GM45O1o1hmSkmz3HiZNSbS8gXb3CDW9nmlhkqLKa4lLkAkZpAG5JCAR4KEzOF9HzUvNfgOnqr5Ov2QSm2AvCfOdBe9Oy%2Fvnzag3zLIuKsio2qc%2FE%2BKC0I%2B4MpT6AtjonGvWhSFYeOjRTl6ytxGba%2F42pjcyyVc4KxuembJV6Yiv2h%2FCVOHi42A4Bx%2BAVZlB2OJQoCeizHaEIke4gLKBu993M9y78%2FmzREQ0KgV1vvYuRfaKd1eNmO0SRV1ogUSH81Kgs05B6IoMhVKT4w7TwrTxbp%2FQ2iMn1qdaM1viWqCGwU1siX1ZIegdsZIo1sjlWnbsTcjefS6Pj3RtIU6lROCEB6QAgiS1WJabPNVEO7waQAXksTDyQHUY2wqyAfRzb44KOjG0poBVHSJ1fq5iJGt%2Fs2ROyG2r1yuKaZ4GSAmh5BaCjz8%3D%22%7D&prevSearchId=1765686709859674781&loginPromo=1
523,"bạn nữ lễ tân trực ngày 6 và 7/3 thái độ không tốt, không niềm nở và khó chịu với khách. Vì không thấy co phiếu ăn sáng để sẵn ở phòng như lơi một bạn lễ tân trực tối hôm trước nói nên mình ra hỏi, nhưng khi khách hỏi phiếu ăn sáng, hỏi thông tin thì thái độ khó chịu. Khách gửi đồ để giặt từ trưa hôm trước đến trưa hôm sau ra hỏi thấy vẫn để nguyên, không chuyển đồ đi giặt khiến các bạn ca trực khác phải mang đi. Đồ giặt lấy về thì còn ẩm. Đã bị 2 lần nhờ giặt đồ đều như vậy. Khách hỏi thuê xe máy thì trả lời chỏng lỏn: “hết xe, chị đi chỗ khác thuê”. Không thể tả nổi một lễ tân lại như vậy. Phòng nhiều muỗi. Nói chung ức chế nhất là thái độ của duy nhất bạn lễ tân đó.",Castaways Resort Phu Quoc,https://www.traveloka.com/en-vn/hotel/detail?spec=13-05-2023.14-05-2023.1.1.HOTEL.1000000553965.Castaways%20Resort%20Phu%20Quoc.1&contexts=%7B%22inventoryRateKey%22%3A%22povEwB3ZzsU2C6pd%2B6MdUwKh3BcjHsHvQbV0EUcyDRFM0tKsNUio4Rxug1zOzHJilcvZa8YdqqIySdppe7dolTIewZlxfjiOGz6oXLTucMvN0%2BgQ3yZPvZcoHwUFNN%2BZpcr%2F%2FNa8o9ElfN8zOYhzzZeg0X586laFpeUViPi9rxB%2Be0wwKJKwSaTpNT3tnzgvmhLDdV0WLeT%2FFKfQ0QL8LH02Dvlx%2F8PjYogEE5yzx6g6yOKyKeIDf7jO3GM45O1o1hmSkmz3HiZNSbS8gXb3CDW9nmlhkqLKa4lLkAkZpAG5JCAR4KEzOF9HzUvNfgOnqr5Ov2QSm2AvCfOdBe9Oy%2Fvnzag3zLIuKsio2qc%2FE%2BKC0I%2B4MpT6AtjonGvWhSFYeOjRTl6ytxGba%2F42pjcyyVc4KxuembJV6Yiv2h%2FCVOHi42A4Bx%2BAVZlB2OJQoCeizHaEIke4gLKBu993M9y78%2FmzREQ0KgV1vvYuRfaKd1eNmO0SRV1ogUSH81Kgs05B6IoMhVKT4w7TwrTxbp%2FQ2iMn1qdaM1viWqCGwU1siX1ZIegdsZIo1sjlWnbsTcjefS6Pj3RtIU6lROCEB6QAgiS1WJabPNVEO7waQAXksTDyQHUY2wqyAfRzb44KOjG0poBVHSJ1fq5iJGt%2Fs2ROyG2r1yuKaZ4GSAmh5BaCjz8%3D%22%7D&prevSearchId=1765686709859674781&loginPromo=1
524,"Phòng nghỉ bình thường, dọn phòng không thay khăn tắm, rất nhiều muỗi, ăn sáng không ngon, được cái ngoài mặt đường tiện bắt xe",Castaways Resort Phu Quoc,https://www.traveloka.com/en-vn/hotel/detail?spec=13-05-2023.14-05-2023.1.1.HOTEL.1000000553965.Castaways%20Resort%20Phu%20Quoc.1&contexts=%7B%22inventoryRateKey%22%3A%22povEwB3ZzsU2C6pd%2B6MdUwKh3BcjHsHvQbV0EUcyDRFM0tKsNUio4Rxug1zOzHJilcvZa8YdqqIySdppe7dolTIewZlxfjiOGz6oXLTucMvN0%2BgQ3yZPvZcoHwUFNN%2BZpcr%2F%2FNa8o9ElfN8zOYhzzZeg0X586laFpeUViPi9rxB%2Be0wwKJKwSaTpNT3tnzgvmhLDdV0WLeT%2FFKfQ0QL8LH02Dvlx%2F8PjYogEE5yzx6g6yOKyKeIDf7jO3GM45O1o1hmSkmz3HiZNSbS8gXb3CDW9nmlhkqLKa4lLkAkZpAG5JCAR4KEzOF9HzUvNfgOnqr5Ov2QSm2AvCfOdBe9Oy%2Fvnzag3zLIuKsio2qc%2FE%2BKC0I%2B4MpT6AtjonGvWhSFYeOjRTl6ytxGba%2F42pjcyyVc4KxuembJV6Yiv2h%2FCVOHi42A4Bx%2BAVZlB2OJQoCeizHaEIke4gLKBu993M9y78%2FmzREQ0KgV1vvYuRfaKd1eNmO0SRV1ogUSH81Kgs05B6IoMhVKT4w7TwrTxbp%2FQ2iMn1qdaM1viWqCGwU1siX1ZIegdsZIo1sjlWnbsTcjefS6Pj3RtIU6lROCEB6QAgiS1WJabPNVEO7waQAXksTDyQHUY2wqyAfRzb44KOjG0poBVHSJ1fq5iJGt%2Fs2ROyG2r1yuKaZ4GSAmh5BaCjz8%3D%22%7D&prevSearchId=1765686709859674781&loginPromo=1
525,Điểm cộng là vị trí và thái độ nhân viên thân thiện. Điểm trừ là nhiều muỗi và dịch vụ phòng chưa chuyên nghiệp,Castaways Resort Phu Quoc,https://www.traveloka.com/en-vn/hotel/detail?spec=13-05-2023.14-05-2023.1.1.HOTEL.1000000553965.Castaways%20Resort%20Phu%20Quoc.1&contexts=%7B%22inventoryRateKey%22%3A%22povEwB3ZzsU2C6pd%2B6MdUwKh3BcjHsHvQbV0EUcyDRFM0tKsNUio4Rxug1zOzHJilcvZa8YdqqIySdppe7dolTIewZlxfjiOGz6oXLTucMvN0%2BgQ3yZPvZcoHwUFNN%2BZpcr%2F%2FNa8o9ElfN8zOYhzzZeg0X586laFpeUViPi9rxB%2Be0wwKJKwSaTpNT3tnzgvmhLDdV0WLeT%2FFKfQ0QL8LH02Dvlx%2F8PjYogEE5yzx6g6yOKyKeIDf7jO3GM45O1o1hmSkmz3HiZNSbS8gXb3CDW9nmlhkqLKa4lLkAkZpAG5JCAR4KEzOF9HzUvNfgOnqr5Ov2QSm2AvCfOdBe9Oy%2Fvnzag3zLIuKsio2qc%2FE%2BKC0I%2B4MpT6AtjonGvWhSFYeOjRTl6ytxGba%2F42pjcyyVc4KxuembJV6Yiv2h%2FCVOHi42A4Bx%2BAVZlB2OJQoCeizHaEIke4gLKBu993M9y78%2FmzREQ0KgV1vvYuRfaKd1eNmO0SRV1ogUSH81Kgs05B6IoMhVKT4w7TwrTxbp%2FQ2iMn1qdaM1viWqCGwU1siX1ZIegdsZIo1sjlWnbsTcjefS6Pj3RtIU6lROCEB6QAgiS1WJabPNVEO7waQAXksTDyQHUY2wqyAfRzb44KOjG0poBVHSJ1fq5iJGt%2Fs2ROyG2r1yuKaZ4GSAmh5BaCjz8%3D%22%7D&prevSearchId=1765686709859674781&loginPromo=1
526,"Vị trí trung tâm đẹp cách biển 150m đi bộ, phòng ổn sạch. Nhưng thường xuyên mất nước. Mình chưa hiểu 1 resort được đánh giá 3 sao lại không có bình nóng lạnh riêng. Ban ngày toàn nước nóng nhưng chiều về toàn nước lạnh. Sáng sớm mất nước chiều tầm 4h đến 6h cũng mất nước. Dù đã phản ánh cho lễ tân nhưng không thấy được khắc phúc. Điểm trừ khá lớn",Castaways Resort Phu Quoc,https://www.traveloka.com/en-vn/hotel/detail?spec=13-05-2023.14-05-2023.1.1.HOTEL.1000000553965.Castaways%20Resort%20Phu%20Quoc.1&contexts=%7B%22inventoryRateKey%22%3A%22povEwB3ZzsU2C6pd%2B6MdUwKh3BcjHsHvQbV0EUcyDRFM0tKsNUio4Rxug1zOzHJilcvZa8YdqqIySdppe7dolTIewZlxfjiOGz6oXLTucMvN0%2BgQ3yZPvZcoHwUFNN%2BZpcr%2F%2FNa8o9ElfN8zOYhzzZeg0X586laFpeUViPi9rxB%2Be0wwKJKwSaTpNT3tnzgvmhLDdV0WLeT%2FFKfQ0QL8LH02Dvlx%2F8PjYogEE5yzx6g6yOKyKeIDf7jO3GM45O1o1hmSkmz3HiZNSbS8gXb3CDW9nmlhkqLKa4lLkAkZpAG5JCAR4KEzOF9HzUvNfgOnqr5Ov2QSm2AvCfOdBe9Oy%2Fvnzag3zLIuKsio2qc%2FE%2BKC0I%2B4MpT6AtjonGvWhSFYeOjRTl6ytxGba%2F42pjcyyVc4KxuembJV6Yiv2h%2FCVOHi42A4Bx%2BAVZlB2OJQoCeizHaEIke4gLKBu993M9y78%2FmzREQ0KgV1vvYuRfaKd1eNmO0SRV1ogUSH81Kgs05B6IoMhVKT4w7TwrTxbp%2FQ2iMn1qdaM1viWqCGwU1siX1ZIegdsZIo1sjlWnbsTcjefS6Pj3RtIU6lROCEB6QAgiS1WJabPNVEO7waQAXksTDyQHUY2wqyAfRzb44KOjG0poBVHSJ1fq5iJGt%2Fs2ROyG2r1yuKaZ4GSAmh5BaCjz8%3D%22%7D&prevSearchId=1765686709859674781&loginPromo=1
527,"phòng rộng, sạch sẽ, thoáng mát, nhân viên cực kì nhiệt tình và vui vẻ, luôn hỗ trợ mình nếu mình gặp vấn đề khó khăn. Tóm lại, nếu có dịp quay lại Phú Quốc, chắc chắn sẽ đặt nhiều lần nữa. Chất lượng trên cả tuyệt vời.",Castaways Resort Phu Quoc,https://www.traveloka.com/en-vn/hotel/detail?spec=13-05-2023.14-05-2023.1.1.HOTEL.1000000553965.Castaways%20Resort%20Phu%20Quoc.1&contexts=%7B%22inventoryRateKey%22%3A%22povEwB3ZzsU2C6pd%2B6MdUwKh3BcjHsHvQbV0EUcyDRFM0tKsNUio4Rxug1zOzHJilcvZa8YdqqIySdppe7dolTIewZlxfjiOGz6oXLTucMvN0%2BgQ3yZPvZcoHwUFNN%2BZpcr%2F%2FNa8o9ElfN8zOYhzzZeg0X586laFpeUViPi9rxB%2Be0wwKJKwSaTpNT3tnzgvmhLDdV0WLeT%2FFKfQ0QL8LH02Dvlx%2F8PjYogEE5yzx6g6yOKyKeIDf7jO3GM45O1o1hmSkmz3HiZNSbS8gXb3CDW9nmlhkqLKa4lLkAkZpAG5JCAR4KEzOF9HzUvNfgOnqr5Ov2QSm2AvCfOdBe9Oy%2Fvnzag3zLIuKsio2qc%2FE%2BKC0I%2B4MpT6AtjonGvWhSFYeOjRTl6ytxGba%2F42pjcyyVc4KxuembJV6Yiv2h%2FCVOHi42A4Bx%2BAVZlB2OJQoCeizHaEIke4gLKBu993M9y78%2FmzREQ0KgV1vvYuRfaKd1eNmO0SRV1ogUSH81Kgs05B6IoMhVKT4w7TwrTxbp%2FQ2iMn1qdaM1viWqCGwU1siX1ZIegdsZIo1sjlWnbsTcjefS6Pj3RtIU6lROCEB6QAgiS1WJabPNVEO7waQAXksTDyQHUY2wqyAfRzb44KOjG0poBVHSJ1fq5iJGt%2Fs2ROyG2r1yuKaZ4GSAmh5BaCjz8%3D%22%7D&prevSearchId=1765686709859674781&loginPromo=1
528,"Đến nơi khách sạn báo hết phòng sale, chuyển đi nơi khác.",Castaways Resort Phu Quoc,https://www.traveloka.com/en-vn/hotel/detail?spec=13-05-2023.14-05-2023.1.1.HOTEL.1000000553965.Castaways%20Resort%20Phu%20Quoc.1&contexts=%7B%22inventoryRateKey%22%3A%22povEwB3ZzsU2C6pd%2B6MdUwKh3BcjHsHvQbV0EUcyDRFM0tKsNUio4Rxug1zOzHJilcvZa8YdqqIySdppe7dolTIewZlxfjiOGz6oXLTucMvN0%2BgQ3yZPvZcoHwUFNN%2BZpcr%2F%2FNa8o9ElfN8zOYhzzZeg0X586laFpeUViPi9rxB%2Be0wwKJKwSaTpNT3tnzgvmhLDdV0WLeT%2FFKfQ0QL8LH02Dvlx%2F8PjYogEE5yzx6g6yOKyKeIDf7jO3GM45O1o1hmSkmz3HiZNSbS8gXb3CDW9nmlhkqLKa4lLkAkZpAG5JCAR4KEzOF9HzUvNfgOnqr5Ov2QSm2AvCfOdBe9Oy%2Fvnzag3zLIuKsio2qc%2FE%2BKC0I%2B4MpT6AtjonGvWhSFYeOjRTl6ytxGba%2F42pjcyyVc4KxuembJV6Yiv2h%2FCVOHi42A4Bx%2BAVZlB2OJQoCeizHaEIke4gLKBu993M9y78%2FmzREQ0KgV1vvYuRfaKd1eNmO0SRV1ogUSH81Kgs05B6IoMhVKT4w7TwrTxbp%2FQ2iMn1qdaM1viWqCGwU1siX1ZIegdsZIo1sjlWnbsTcjefS6Pj3RtIU6lROCEB6QAgiS1WJabPNVEO7waQAXksTDyQHUY2wqyAfRzb44KOjG0poBVHSJ1fq5iJGt%2Fs2ROyG2r1yuKaZ4GSAmh5BaCjz8%3D%22%7D&prevSearchId=1765686709859674781&loginPromo=1
529,"Phòng sạch sẽ, nhân viên thân thiện, bể bơi sạch",Castaways Resort Phu Quoc,https://www.traveloka.com/en-vn/hotel/detail?spec=13-05-2023.14-05-2023.1.1.HOTEL.1000000553965.Castaways%20Resort%20Phu%20Quoc.1&contexts=%7B%22inventoryRateKey%22%3A%22povEwB3ZzsU2C6pd%2B6MdUwKh3BcjHsHvQbV0EUcyDRFM0tKsNUio4Rxug1zOzHJilcvZa8YdqqIySdppe7dolTIewZlxfjiOGz6oXLTucMvN0%2BgQ3yZPvZcoHwUFNN%2BZpcr%2F%2FNa8o9ElfN8zOYhzzZeg0X586laFpeUViPi9rxB%2Be0wwKJKwSaTpNT3tnzgvmhLDdV0WLeT%2FFKfQ0QL8LH02Dvlx%2F8PjYogEE5yzx6g6yOKyKeIDf7jO3GM45O1o1hmSkmz3HiZNSbS8gXb3CDW9nmlhkqLKa4lLkAkZpAG5JCAR4KEzOF9HzUvNfgOnqr5Ov2QSm2AvCfOdBe9Oy%2Fvnzag3zLIuKsio2qc%2FE%2BKC0I%2B4MpT6AtjonGvWhSFYeOjRTl6ytxGba%2F42pjcyyVc4KxuembJV6Yiv2h%2FCVOHi42A4Bx%2BAVZlB2OJQoCeizHaEIke4gLKBu993M9y78%2FmzREQ0KgV1vvYuRfaKd1eNmO0SRV1ogUSH81Kgs05B6IoMhVKT4w7TwrTxbp%2FQ2iMn1qdaM1viWqCGwU1siX1ZIegdsZIo1sjlWnbsTcjefS6Pj3RtIU6lROCEB6QAgiS1WJabPNVEO7waQAXksTDyQHUY2wqyAfRzb44KOjG0poBVHSJ1fq5iJGt%2Fs2ROyG2r1yuKaZ4GSAmh5BaCjz8%3D%22%7D&prevSearchId=1765686709859674781&loginPromo=1
530,,Castaways Resort Phu Quoc,https://www.traveloka.com/en-vn/hotel/detail?spec=13-05-2023.14-05-2023.1.1.HOTEL.1000000553965.Castaways%20Resort%20Phu%20Quoc.1&contexts=%7B%22inventoryRateKey%22%3A%22povEwB3ZzsU2C6pd%2B6MdUwKh3BcjHsHvQbV0EUcyDRFM0tKsNUio4Rxug1zOzHJilcvZa8YdqqIySdppe7dolTIewZlxfjiOGz6oXLTucMvN0%2BgQ3yZPvZcoHwUFNN%2BZpcr%2F%2FNa8o9ElfN8zOYhzzZeg0X586laFpeUViPi9rxB%2Be0wwKJKwSaTpNT3tnzgvmhLDdV0WLeT%2FFKfQ0QL8LH02Dvlx%2F8PjYogEE5yzx6g6yOKyKeIDf7jO3GM45O1o1hmSkmz3HiZNSbS8gXb3CDW9nmlhkqLKa4lLkAkZpAG5JCAR4KEzOF9HzUvNfgOnqr5Ov2QSm2AvCfOdBe9Oy%2Fvnzag3zLIuKsio2qc%2FE%2BKC0I%2B4MpT6AtjonGvWhSFYeOjRTl6ytxGba%2F42pjcyyVc4KxuembJV6Yiv2h%2FCVOHi42A4Bx%2BAVZlB2OJQoCeizHaEIke4gLKBu993M9y78%2FmzREQ0KgV1vvYuRfaKd1eNmO0SRV1ogUSH81Kgs05B6IoMhVKT4w7TwrTxbp%2FQ2iMn1qdaM1viWqCGwU1siX1ZIegdsZIo1sjlWnbsTcjefS6Pj3RtIU6lROCEB6QAgiS1WJabPNVEO7waQAXksTDyQHUY2wqyAfRzb44KOjG0poBVHSJ1fq5iJGt%2Fs2ROyG2r1yuKaZ4GSAmh5BaCjz8%3D%22%7D&prevSearchId=1765686709859674781&loginPromo=1
531,,Castaways Resort Phu Quoc,https://www.traveloka.com/en-vn/hotel/detail?spec=13-05-2023.14-05-2023.1.1.HOTEL.1000000553965.Castaways%20Resort%20Phu%20Quoc.1&contexts=%7B%22inventoryRateKey%22%3A%22povEwB3ZzsU2C6pd%2B6MdUwKh3BcjHsHvQbV0EUcyDRFM0tKsNUio4Rxug1zOzHJilcvZa8YdqqIySdppe7dolTIewZlxfjiOGz6oXLTucMvN0%2BgQ3yZPvZcoHwUFNN%2BZpcr%2F%2FNa8o9ElfN8zOYhzzZeg0X586laFpeUViPi9rxB%2Be0wwKJKwSaTpNT3tnzgvmhLDdV0WLeT%2FFKfQ0QL8LH02Dvlx%2F8PjYogEE5yzx6g6yOKyKeIDf7jO3GM45O1o1hmSkmz3HiZNSbS8gXb3CDW9nmlhkqLKa4lLkAkZpAG5JCAR4KEzOF9HzUvNfgOnqr5Ov2QSm2AvCfOdBe9Oy%2Fvnzag3zLIuKsio2qc%2FE%2BKC0I%2B4MpT6AtjonGvWhSFYeOjRTl6ytxGba%2F42pjcyyVc4KxuembJV6Yiv2h%2FCVOHi42A4Bx%2BAVZlB2OJQoCeizHaEIke4gLKBu993M9y78%2FmzREQ0KgV1vvYuRfaKd1eNmO0SRV1ogUSH81Kgs05B6IoMhVKT4w7TwrTxbp%2FQ2iMn1qdaM1viWqCGwU1siX1ZIegdsZIo1sjlWnbsTcjefS6Pj3RtIU6lROCEB6QAgiS1WJabPNVEO7waQAXksTDyQHUY2wqyAfRzb44KOjG0poBVHSJ1fq5iJGt%2Fs2ROyG2r1yuKaZ4GSAmh5BaCjz8%3D%22%7D&prevSearchId=1765686709859674781&loginPromo=1
532,"phòng hơi chật nhưng phù hợp với tầm giá, nhân viên nhiệt tình, buffet tạm ổn, phòng hơi nhiều muỗi.",Castaways Resort Phu Quoc,https://www.traveloka.com/en-vn/hotel/detail?spec=13-05-2023.14-05-2023.1.1.HOTEL.1000000553965.Castaways%20Resort%20Phu%20Quoc.1&contexts=%7B%22inventoryRateKey%22%3A%22povEwB3ZzsU2C6pd%2B6MdUwKh3BcjHsHvQbV0EUcyDRFM0tKsNUio4Rxug1zOzHJilcvZa8YdqqIySdppe7dolTIewZlxfjiOGz6oXLTucMvN0%2BgQ3yZPvZcoHwUFNN%2BZpcr%2F%2FNa8o9ElfN8zOYhzzZeg0X586laFpeUViPi9rxB%2Be0wwKJKwSaTpNT3tnzgvmhLDdV0WLeT%2FFKfQ0QL8LH02Dvlx%2F8PjYogEE5yzx6g6yOKyKeIDf7jO3GM45O1o1hmSkmz3HiZNSbS8gXb3CDW9nmlhkqLKa4lLkAkZpAG5JCAR4KEzOF9HzUvNfgOnqr5Ov2QSm2AvCfOdBe9Oy%2Fvnzag3zLIuKsio2qc%2FE%2BKC0I%2B4MpT6AtjonGvWhSFYeOjRTl6ytxGba%2F42pjcyyVc4KxuembJV6Yiv2h%2FCVOHi42A4Bx%2BAVZlB2OJQoCeizHaEIke4gLKBu993M9y78%2FmzREQ0KgV1vvYuRfaKd1eNmO0SRV1ogUSH81Kgs05B6IoMhVKT4w7TwrTxbp%2FQ2iMn1qdaM1viWqCGwU1siX1ZIegdsZIo1sjlWnbsTcjefS6Pj3RtIU6lROCEB6QAgiS1WJabPNVEO7waQAXksTDyQHUY2wqyAfRzb44KOjG0poBVHSJ1fq5iJGt%2Fs2ROyG2r1yuKaZ4GSAmh5BaCjz8%3D%22%7D&prevSearchId=1765686709859674781&loginPromo=1
533,"Phòng 2 giường hơi nhỏ nhưng ở được, nhân viên nhiệt tình, đồ ăn sáng ổn so với giá tiền phòng, vị trí thuận lợi đi đâu cũng tiện, muỗi ở đây rất to nên tối đến mình không dám mở cửa phòng sợ muỗi vô chích.",Castaways Resort Phu Quoc,https://www.traveloka.com/en-vn/hotel/detail?spec=13-05-2023.14-05-2023.1.1.HOTEL.1000000553965.Castaways%20Resort%20Phu%20Quoc.1&contexts=%7B%22inventoryRateKey%22%3A%22povEwB3ZzsU2C6pd%2B6MdUwKh3BcjHsHvQbV0EUcyDRFM0tKsNUio4Rxug1zOzHJilcvZa8YdqqIySdppe7dolTIewZlxfjiOGz6oXLTucMvN0%2BgQ3yZPvZcoHwUFNN%2BZpcr%2F%2FNa8o9ElfN8zOYhzzZeg0X586laFpeUViPi9rxB%2Be0wwKJKwSaTpNT3tnzgvmhLDdV0WLeT%2FFKfQ0QL8LH02Dvlx%2F8PjYogEE5yzx6g6yOKyKeIDf7jO3GM45O1o1hmSkmz3HiZNSbS8gXb3CDW9nmlhkqLKa4lLkAkZpAG5JCAR4KEzOF9HzUvNfgOnqr5Ov2QSm2AvCfOdBe9Oy%2Fvnzag3zLIuKsio2qc%2FE%2BKC0I%2B4MpT6AtjonGvWhSFYeOjRTl6ytxGba%2F42pjcyyVc4KxuembJV6Yiv2h%2FCVOHi42A4Bx%2BAVZlB2OJQoCeizHaEIke4gLKBu993M9y78%2FmzREQ0KgV1vvYuRfaKd1eNmO0SRV1ogUSH81Kgs05B6IoMhVKT4w7TwrTxbp%2FQ2iMn1qdaM1viWqCGwU1siX1ZIegdsZIo1sjlWnbsTcjefS6Pj3RtIU6lROCEB6QAgiS1WJabPNVEO7waQAXksTDyQHUY2wqyAfRzb44KOjG0poBVHSJ1fq5iJGt%2Fs2ROyG2r1yuKaZ4GSAmh5BaCjz8%3D%22%7D&prevSearchId=1765686709859674781&loginPromo=1
534,"Tốt! Tuy có nhiều muỗi vì sân vườn rộng, cây xanh mát dễ chịu, cửa kín không sợ côn trùng vào được. Nên mang dầu xoa muỗi theo nhé, vì đa số mùa mưa ở đâu cũng sẽ có 1-2 bạn muỗi!! Thanks Homestead 💕",Castaways Resort Phu Quoc,https://www.traveloka.com/en-vn/hotel/detail?spec=13-05-2023.14-05-2023.1.1.HOTEL.1000000553965.Castaways%20Resort%20Phu%20Quoc.1&contexts=%7B%22inventoryRateKey%22%3A%22povEwB3ZzsU2C6pd%2B6MdUwKh3BcjHsHvQbV0EUcyDRFM0tKsNUio4Rxug1zOzHJilcvZa8YdqqIySdppe7dolTIewZlxfjiOGz6oXLTucMvN0%2BgQ3yZPvZcoHwUFNN%2BZpcr%2F%2FNa8o9ElfN8zOYhzzZeg0X586laFpeUViPi9rxB%2Be0wwKJKwSaTpNT3tnzgvmhLDdV0WLeT%2FFKfQ0QL8LH02Dvlx%2F8PjYogEE5yzx6g6yOKyKeIDf7jO3GM45O1o1hmSkmz3HiZNSbS8gXb3CDW9nmlhkqLKa4lLkAkZpAG5JCAR4KEzOF9HzUvNfgOnqr5Ov2QSm2AvCfOdBe9Oy%2Fvnzag3zLIuKsio2qc%2FE%2BKC0I%2B4MpT6AtjonGvWhSFYeOjRTl6ytxGba%2F42pjcyyVc4KxuembJV6Yiv2h%2FCVOHi42A4Bx%2BAVZlB2OJQoCeizHaEIke4gLKBu993M9y78%2FmzREQ0KgV1vvYuRfaKd1eNmO0SRV1ogUSH81Kgs05B6IoMhVKT4w7TwrTxbp%2FQ2iMn1qdaM1viWqCGwU1siX1ZIegdsZIo1sjlWnbsTcjefS6Pj3RtIU6lROCEB6QAgiS1WJabPNVEO7waQAXksTDyQHUY2wqyAfRzb44KOjG0poBVHSJ1fq5iJGt%2Fs2ROyG2r1yuKaZ4GSAmh5BaCjz8%3D%22%7D&prevSearchId=1765686709859674781&loginPromo=1
535,,Castaways Resort Phu Quoc,https://www.traveloka.com/en-vn/hotel/detail?spec=13-05-2023.14-05-2023.1.1.HOTEL.1000000553965.Castaways%20Resort%20Phu%20Quoc.1&contexts=%7B%22inventoryRateKey%22%3A%22povEwB3ZzsU2C6pd%2B6MdUwKh3BcjHsHvQbV0EUcyDRFM0tKsNUio4Rxug1zOzHJilcvZa8YdqqIySdppe7dolTIewZlxfjiOGz6oXLTucMvN0%2BgQ3yZPvZcoHwUFNN%2BZpcr%2F%2FNa8o9ElfN8zOYhzzZeg0X586laFpeUViPi9rxB%2Be0wwKJKwSaTpNT3tnzgvmhLDdV0WLeT%2FFKfQ0QL8LH02Dvlx%2F8PjYogEE5yzx6g6yOKyKeIDf7jO3GM45O1o1hmSkmz3HiZNSbS8gXb3CDW9nmlhkqLKa4lLkAkZpAG5JCAR4KEzOF9HzUvNfgOnqr5Ov2QSm2AvCfOdBe9Oy%2Fvnzag3zLIuKsio2qc%2FE%2BKC0I%2B4MpT6AtjonGvWhSFYeOjRTl6ytxGba%2F42pjcyyVc4KxuembJV6Yiv2h%2FCVOHi42A4Bx%2BAVZlB2OJQoCeizHaEIke4gLKBu993M9y78%2FmzREQ0KgV1vvYuRfaKd1eNmO0SRV1ogUSH81Kgs05B6IoMhVKT4w7TwrTxbp%2FQ2iMn1qdaM1viWqCGwU1siX1ZIegdsZIo1sjlWnbsTcjefS6Pj3RtIU6lROCEB6QAgiS1WJabPNVEO7waQAXksTDyQHUY2wqyAfRzb44KOjG0poBVHSJ1fq5iJGt%2Fs2ROyG2r1yuKaZ4GSAmh5BaCjz8%3D%22%7D&prevSearchId=1765686709859674781&loginPromo=1
536,"Phòng ốc rộng rãi, sạch sẽ, đồ ăn sáng ngon và đa dạng. Thực đơn các món trưa, chiều cũng khá phong phú và giá cả thì hợp lý.",Castaways Resort Phu Quoc,https://www.traveloka.com/en-vn/hotel/detail?spec=13-05-2023.14-05-2023.1.1.HOTEL.1000000553965.Castaways%20Resort%20Phu%20Quoc.1&contexts=%7B%22inventoryRateKey%22%3A%22povEwB3ZzsU2C6pd%2B6MdUwKh3BcjHsHvQbV0EUcyDRFM0tKsNUio4Rxug1zOzHJilcvZa8YdqqIySdppe7dolTIewZlxfjiOGz6oXLTucMvN0%2BgQ3yZPvZcoHwUFNN%2BZpcr%2F%2FNa8o9ElfN8zOYhzzZeg0X586laFpeUViPi9rxB%2Be0wwKJKwSaTpNT3tnzgvmhLDdV0WLeT%2FFKfQ0QL8LH02Dvlx%2F8PjYogEE5yzx6g6yOKyKeIDf7jO3GM45O1o1hmSkmz3HiZNSbS8gXb3CDW9nmlhkqLKa4lLkAkZpAG5JCAR4KEzOF9HzUvNfgOnqr5Ov2QSm2AvCfOdBe9Oy%2Fvnzag3zLIuKsio2qc%2FE%2BKC0I%2B4MpT6AtjonGvWhSFYeOjRTl6ytxGba%2F42pjcyyVc4KxuembJV6Yiv2h%2FCVOHi42A4Bx%2BAVZlB2OJQoCeizHaEIke4gLKBu993M9y78%2FmzREQ0KgV1vvYuRfaKd1eNmO0SRV1ogUSH81Kgs05B6IoMhVKT4w7TwrTxbp%2FQ2iMn1qdaM1viWqCGwU1siX1ZIegdsZIo1sjlWnbsTcjefS6Pj3RtIU6lROCEB6QAgiS1WJabPNVEO7waQAXksTDyQHUY2wqyAfRzb44KOjG0poBVHSJ1fq5iJGt%2Fs2ROyG2r1yuKaZ4GSAmh5BaCjz8%3D%22%7D&prevSearchId=1765686709859674781&loginPromo=1
537,,Castaways Resort Phu Quoc,https://www.traveloka.com/en-vn/hotel/detail?spec=13-05-2023.14-05-2023.1.1.HOTEL.1000000553965.Castaways%20Resort%20Phu%20Quoc.1&contexts=%7B%22inventoryRateKey%22%3A%22povEwB3ZzsU2C6pd%2B6MdUwKh3BcjHsHvQbV0EUcyDRFM0tKsNUio4Rxug1zOzHJilcvZa8YdqqIySdppe7dolTIewZlxfjiOGz6oXLTucMvN0%2BgQ3yZPvZcoHwUFNN%2BZpcr%2F%2FNa8o9ElfN8zOYhzzZeg0X586laFpeUViPi9rxB%2Be0wwKJKwSaTpNT3tnzgvmhLDdV0WLeT%2FFKfQ0QL8LH02Dvlx%2F8PjYogEE5yzx6g6yOKyKeIDf7jO3GM45O1o1hmSkmz3HiZNSbS8gXb3CDW9nmlhkqLKa4lLkAkZpAG5JCAR4KEzOF9HzUvNfgOnqr5Ov2QSm2AvCfOdBe9Oy%2Fvnzag3zLIuKsio2qc%2FE%2BKC0I%2B4MpT6AtjonGvWhSFYeOjRTl6ytxGba%2F42pjcyyVc4KxuembJV6Yiv2h%2FCVOHi42A4Bx%2BAVZlB2OJQoCeizHaEIke4gLKBu993M9y78%2FmzREQ0KgV1vvYuRfaKd1eNmO0SRV1ogUSH81Kgs05B6IoMhVKT4w7TwrTxbp%2FQ2iMn1qdaM1viWqCGwU1siX1ZIegdsZIo1sjlWnbsTcjefS6Pj3RtIU6lROCEB6QAgiS1WJabPNVEO7waQAXksTDyQHUY2wqyAfRzb44KOjG0poBVHSJ1fq5iJGt%2Fs2ROyG2r1yuKaZ4GSAmh5BaCjz8%3D%22%7D&prevSearchId=1765686709859674781&loginPromo=1
538,Khách sạn rất phù hợp cho gia đình hoặc dành cho nhưng người đi du lịch theo kiểu tiết kiệm chi phí.,Castaways Resort Phu Quoc,https://www.traveloka.com/en-vn/hotel/detail?spec=13-05-2023.14-05-2023.1.1.HOTEL.1000000553965.Castaways%20Resort%20Phu%20Quoc.1&contexts=%7B%22inventoryRateKey%22%3A%22povEwB3ZzsU2C6pd%2B6MdUwKh3BcjHsHvQbV0EUcyDRFM0tKsNUio4Rxug1zOzHJilcvZa8YdqqIySdppe7dolTIewZlxfjiOGz6oXLTucMvN0%2BgQ3yZPvZcoHwUFNN%2BZpcr%2F%2FNa8o9ElfN8zOYhzzZeg0X586laFpeUViPi9rxB%2Be0wwKJKwSaTpNT3tnzgvmhLDdV0WLeT%2FFKfQ0QL8LH02Dvlx%2F8PjYogEE5yzx6g6yOKyKeIDf7jO3GM45O1o1hmSkmz3HiZNSbS8gXb3CDW9nmlhkqLKa4lLkAkZpAG5JCAR4KEzOF9HzUvNfgOnqr5Ov2QSm2AvCfOdBe9Oy%2Fvnzag3zLIuKsio2qc%2FE%2BKC0I%2B4MpT6AtjonGvWhSFYeOjRTl6ytxGba%2F42pjcyyVc4KxuembJV6Yiv2h%2FCVOHi42A4Bx%2BAVZlB2OJQoCeizHaEIke4gLKBu993M9y78%2FmzREQ0KgV1vvYuRfaKd1eNmO0SRV1ogUSH81Kgs05B6IoMhVKT4w7TwrTxbp%2FQ2iMn1qdaM1viWqCGwU1siX1ZIegdsZIo1sjlWnbsTcjefS6Pj3RtIU6lROCEB6QAgiS1WJabPNVEO7waQAXksTDyQHUY2wqyAfRzb44KOjG0poBVHSJ1fq5iJGt%2Fs2ROyG2r1yuKaZ4GSAmh5BaCjz8%3D%22%7D&prevSearchId=1765686709859674781&loginPromo=1
539,"Tôi đã có một kì nghỉ thật tuyệt vời khi ở đây, lễ tân thân thiện và đặc biệt là bữa sáng đổi món mỗi ngày, ngon miệng lắm. Cám ơn các bạn, hẹn gặp lại Homestead phu quoc resort một ngày gần nhất nhé From cô gái Tây Ninh with love ❤",Castaways Resort Phu Quoc,https://www.traveloka.com/en-vn/hotel/detail?spec=13-05-2023.14-05-2023.1.1.HOTEL.1000000553965.Castaways%20Resort%20Phu%20Quoc.1&contexts=%7B%22inventoryRateKey%22%3A%22povEwB3ZzsU2C6pd%2B6MdUwKh3BcjHsHvQbV0EUcyDRFM0tKsNUio4Rxug1zOzHJilcvZa8YdqqIySdppe7dolTIewZlxfjiOGz6oXLTucMvN0%2BgQ3yZPvZcoHwUFNN%2BZpcr%2F%2FNa8o9ElfN8zOYhzzZeg0X586laFpeUViPi9rxB%2Be0wwKJKwSaTpNT3tnzgvmhLDdV0WLeT%2FFKfQ0QL8LH02Dvlx%2F8PjYogEE5yzx6g6yOKyKeIDf7jO3GM45O1o1hmSkmz3HiZNSbS8gXb3CDW9nmlhkqLKa4lLkAkZpAG5JCAR4KEzOF9HzUvNfgOnqr5Ov2QSm2AvCfOdBe9Oy%2Fvnzag3zLIuKsio2qc%2FE%2BKC0I%2B4MpT6AtjonGvWhSFYeOjRTl6ytxGba%2F42pjcyyVc4KxuembJV6Yiv2h%2FCVOHi42A4Bx%2BAVZlB2OJQoCeizHaEIke4gLKBu993M9y78%2FmzREQ0KgV1vvYuRfaKd1eNmO0SRV1ogUSH81Kgs05B6IoMhVKT4w7TwrTxbp%2FQ2iMn1qdaM1viWqCGwU1siX1ZIegdsZIo1sjlWnbsTcjefS6Pj3RtIU6lROCEB6QAgiS1WJabPNVEO7waQAXksTDyQHUY2wqyAfRzb44KOjG0poBVHSJ1fq5iJGt%2Fs2ROyG2r1yuKaZ4GSAmh5BaCjz8%3D%22%7D&prevSearchId=1765686709859674781&loginPromo=1
540,"tất cả đều tốt, nhưng resort muỗi nhiều quá!",Castaways Resort Phu Quoc,https://www.traveloka.com/en-vn/hotel/detail?spec=13-05-2023.14-05-2023.1.1.HOTEL.1000000553965.Castaways%20Resort%20Phu%20Quoc.1&contexts=%7B%22inventoryRateKey%22%3A%22povEwB3ZzsU2C6pd%2B6MdUwKh3BcjHsHvQbV0EUcyDRFM0tKsNUio4Rxug1zOzHJilcvZa8YdqqIySdppe7dolTIewZlxfjiOGz6oXLTucMvN0%2BgQ3yZPvZcoHwUFNN%2BZpcr%2F%2FNa8o9ElfN8zOYhzzZeg0X586laFpeUViPi9rxB%2Be0wwKJKwSaTpNT3tnzgvmhLDdV0WLeT%2FFKfQ0QL8LH02Dvlx%2F8PjYogEE5yzx6g6yOKyKeIDf7jO3GM45O1o1hmSkmz3HiZNSbS8gXb3CDW9nmlhkqLKa4lLkAkZpAG5JCAR4KEzOF9HzUvNfgOnqr5Ov2QSm2AvCfOdBe9Oy%2Fvnzag3zLIuKsio2qc%2FE%2BKC0I%2B4MpT6AtjonGvWhSFYeOjRTl6ytxGba%2F42pjcyyVc4KxuembJV6Yiv2h%2FCVOHi42A4Bx%2BAVZlB2OJQoCeizHaEIke4gLKBu993M9y78%2FmzREQ0KgV1vvYuRfaKd1eNmO0SRV1ogUSH81Kgs05B6IoMhVKT4w7TwrTxbp%2FQ2iMn1qdaM1viWqCGwU1siX1ZIegdsZIo1sjlWnbsTcjefS6Pj3RtIU6lROCEB6QAgiS1WJabPNVEO7waQAXksTDyQHUY2wqyAfRzb44KOjG0poBVHSJ1fq5iJGt%2Fs2ROyG2r1yuKaZ4GSAmh5BaCjz8%3D%22%7D&prevSearchId=1765686709859674781&loginPromo=1
541,"Phòng có mùi hôi, nhiều muỗi, hôm mình ở mưa mấy ngày nước dùng năng lượng mặt trời nên kém. Ngoài ra nhân viên nhiệt tình.",Castaways Resort Phu Quoc,https://www.traveloka.com/en-vn/hotel/detail?spec=13-05-2023.14-05-2023.1.1.HOTEL.1000000553965.Castaways%20Resort%20Phu%20Quoc.1&contexts=%7B%22inventoryRateKey%22%3A%22povEwB3ZzsU2C6pd%2B6MdUwKh3BcjHsHvQbV0EUcyDRFM0tKsNUio4Rxug1zOzHJilcvZa8YdqqIySdppe7dolTIewZlxfjiOGz6oXLTucMvN0%2BgQ3yZPvZcoHwUFNN%2BZpcr%2F%2FNa8o9ElfN8zOYhzzZeg0X586laFpeUViPi9rxB%2Be0wwKJKwSaTpNT3tnzgvmhLDdV0WLeT%2FFKfQ0QL8LH02Dvlx%2F8PjYogEE5yzx6g6yOKyKeIDf7jO3GM45O1o1hmSkmz3HiZNSbS8gXb3CDW9nmlhkqLKa4lLkAkZpAG5JCAR4KEzOF9HzUvNfgOnqr5Ov2QSm2AvCfOdBe9Oy%2Fvnzag3zLIuKsio2qc%2FE%2BKC0I%2B4MpT6AtjonGvWhSFYeOjRTl6ytxGba%2F42pjcyyVc4KxuembJV6Yiv2h%2FCVOHi42A4Bx%2BAVZlB2OJQoCeizHaEIke4gLKBu993M9y78%2FmzREQ0KgV1vvYuRfaKd1eNmO0SRV1ogUSH81Kgs05B6IoMhVKT4w7TwrTxbp%2FQ2iMn1qdaM1viWqCGwU1siX1ZIegdsZIo1sjlWnbsTcjefS6Pj3RtIU6lROCEB6QAgiS1WJabPNVEO7waQAXksTDyQHUY2wqyAfRzb44KOjG0poBVHSJ1fq5iJGt%2Fs2ROyG2r1yuKaZ4GSAmh5BaCjz8%3D%22%7D&prevSearchId=1765686709859674781&loginPromo=1
542,"Rất tốt, dịch vụ tốt, nhân viên dễ thương",Castaways Resort Phu Quoc,https://www.traveloka.com/en-vn/hotel/detail?spec=13-05-2023.14-05-2023.1.1.HOTEL.1000000553965.Castaways%20Resort%20Phu%20Quoc.1&contexts=%7B%22inventoryRateKey%22%3A%22povEwB3ZzsU2C6pd%2B6MdUwKh3BcjHsHvQbV0EUcyDRFM0tKsNUio4Rxug1zOzHJilcvZa8YdqqIySdppe7dolTIewZlxfjiOGz6oXLTucMvN0%2BgQ3yZPvZcoHwUFNN%2BZpcr%2F%2FNa8o9ElfN8zOYhzzZeg0X586laFpeUViPi9rxB%2Be0wwKJKwSaTpNT3tnzgvmhLDdV0WLeT%2FFKfQ0QL8LH02Dvlx%2F8PjYogEE5yzx6g6yOKyKeIDf7jO3GM45O1o1hmSkmz3HiZNSbS8gXb3CDW9nmlhkqLKa4lLkAkZpAG5JCAR4KEzOF9HzUvNfgOnqr5Ov2QSm2AvCfOdBe9Oy%2Fvnzag3zLIuKsio2qc%2FE%2BKC0I%2B4MpT6AtjonGvWhSFYeOjRTl6ytxGba%2F42pjcyyVc4KxuembJV6Yiv2h%2FCVOHi42A4Bx%2BAVZlB2OJQoCeizHaEIke4gLKBu993M9y78%2FmzREQ0KgV1vvYuRfaKd1eNmO0SRV1ogUSH81Kgs05B6IoMhVKT4w7TwrTxbp%2FQ2iMn1qdaM1viWqCGwU1siX1ZIegdsZIo1sjlWnbsTcjefS6Pj3RtIU6lROCEB6QAgiS1WJabPNVEO7waQAXksTDyQHUY2wqyAfRzb44KOjG0poBVHSJ1fq5iJGt%2Fs2ROyG2r1yuKaZ4GSAmh5BaCjz8%3D%22%7D&prevSearchId=1765686709859674781&loginPromo=1
543,"Phòng ốc sạch sẽ, thoáng, đẹp. Có xe đưa đón sân bay",Castaways Resort Phu Quoc,https://www.traveloka.com/en-vn/hotel/detail?spec=13-05-2023.14-05-2023.1.1.HOTEL.1000000553965.Castaways%20Resort%20Phu%20Quoc.1&contexts=%7B%22inventoryRateKey%22%3A%22povEwB3ZzsU2C6pd%2B6MdUwKh3BcjHsHvQbV0EUcyDRFM0tKsNUio4Rxug1zOzHJilcvZa8YdqqIySdppe7dolTIewZlxfjiOGz6oXLTucMvN0%2BgQ3yZPvZcoHwUFNN%2BZpcr%2F%2FNa8o9ElfN8zOYhzzZeg0X586laFpeUViPi9rxB%2Be0wwKJKwSaTpNT3tnzgvmhLDdV0WLeT%2FFKfQ0QL8LH02Dvlx%2F8PjYogEE5yzx6g6yOKyKeIDf7jO3GM45O1o1hmSkmz3HiZNSbS8gXb3CDW9nmlhkqLKa4lLkAkZpAG5JCAR4KEzOF9HzUvNfgOnqr5Ov2QSm2AvCfOdBe9Oy%2Fvnzag3zLIuKsio2qc%2FE%2BKC0I%2B4MpT6AtjonGvWhSFYeOjRTl6ytxGba%2F42pjcyyVc4KxuembJV6Yiv2h%2FCVOHi42A4Bx%2BAVZlB2OJQoCeizHaEIke4gLKBu993M9y78%2FmzREQ0KgV1vvYuRfaKd1eNmO0SRV1ogUSH81Kgs05B6IoMhVKT4w7TwrTxbp%2FQ2iMn1qdaM1viWqCGwU1siX1ZIegdsZIo1sjlWnbsTcjefS6Pj3RtIU6lROCEB6QAgiS1WJabPNVEO7waQAXksTDyQHUY2wqyAfRzb44KOjG0poBVHSJ1fq5iJGt%2Fs2ROyG2r1yuKaZ4GSAmh5BaCjz8%3D%22%7D&prevSearchId=1765686709859674781&loginPromo=1
544,nhân viên phục vụ nhiệt tình thân thiện. khá ok,Castaways Resort Phu Quoc,https://www.traveloka.com/en-vn/hotel/detail?spec=13-05-2023.14-05-2023.1.1.HOTEL.1000000553965.Castaways%20Resort%20Phu%20Quoc.1&contexts=%7B%22inventoryRateKey%22%3A%22povEwB3ZzsU2C6pd%2B6MdUwKh3BcjHsHvQbV0EUcyDRFM0tKsNUio4Rxug1zOzHJilcvZa8YdqqIySdppe7dolTIewZlxfjiOGz6oXLTucMvN0%2BgQ3yZPvZcoHwUFNN%2BZpcr%2F%2FNa8o9ElfN8zOYhzzZeg0X586laFpeUViPi9rxB%2Be0wwKJKwSaTpNT3tnzgvmhLDdV0WLeT%2FFKfQ0QL8LH02Dvlx%2F8PjYogEE5yzx6g6yOKyKeIDf7jO3GM45O1o1hmSkmz3HiZNSbS8gXb3CDW9nmlhkqLKa4lLkAkZpAG5JCAR4KEzOF9HzUvNfgOnqr5Ov2QSm2AvCfOdBe9Oy%2Fvnzag3zLIuKsio2qc%2FE%2BKC0I%2B4MpT6AtjonGvWhSFYeOjRTl6ytxGba%2F42pjcyyVc4KxuembJV6Yiv2h%2FCVOHi42A4Bx%2BAVZlB2OJQoCeizHaEIke4gLKBu993M9y78%2FmzREQ0KgV1vvYuRfaKd1eNmO0SRV1ogUSH81Kgs05B6IoMhVKT4w7TwrTxbp%2FQ2iMn1qdaM1viWqCGwU1siX1ZIegdsZIo1sjlWnbsTcjefS6Pj3RtIU6lROCEB6QAgiS1WJabPNVEO7waQAXksTDyQHUY2wqyAfRzb44KOjG0poBVHSJ1fq5iJGt%2Fs2ROyG2r1yuKaZ4GSAmh5BaCjz8%3D%22%7D&prevSearchId=1765686709859674781&loginPromo=1
545,"Rất ưng ý, phòng đẹp, nhân viên thân thiện, bữa sáng vừa ngon, hồ bơi 2 cái. Resort ngay cạnh bảo tàng phú quốc. Nằm trên đường ăn uống, giải trí nên rất thuận tiện. Nếu quay lại PhúQuốc vẫn ở đây",Castaways Resort Phu Quoc,https://www.traveloka.com/en-vn/hotel/detail?spec=13-05-2023.14-05-2023.1.1.HOTEL.1000000553965.Castaways%20Resort%20Phu%20Quoc.1&contexts=%7B%22inventoryRateKey%22%3A%22povEwB3ZzsU2C6pd%2B6MdUwKh3BcjHsHvQbV0EUcyDRFM0tKsNUio4Rxug1zOzHJilcvZa8YdqqIySdppe7dolTIewZlxfjiOGz6oXLTucMvN0%2BgQ3yZPvZcoHwUFNN%2BZpcr%2F%2FNa8o9ElfN8zOYhzzZeg0X586laFpeUViPi9rxB%2Be0wwKJKwSaTpNT3tnzgvmhLDdV0WLeT%2FFKfQ0QL8LH02Dvlx%2F8PjYogEE5yzx6g6yOKyKeIDf7jO3GM45O1o1hmSkmz3HiZNSbS8gXb3CDW9nmlhkqLKa4lLkAkZpAG5JCAR4KEzOF9HzUvNfgOnqr5Ov2QSm2AvCfOdBe9Oy%2Fvnzag3zLIuKsio2qc%2FE%2BKC0I%2B4MpT6AtjonGvWhSFYeOjRTl6ytxGba%2F42pjcyyVc4KxuembJV6Yiv2h%2FCVOHi42A4Bx%2BAVZlB2OJQoCeizHaEIke4gLKBu993M9y78%2FmzREQ0KgV1vvYuRfaKd1eNmO0SRV1ogUSH81Kgs05B6IoMhVKT4w7TwrTxbp%2FQ2iMn1qdaM1viWqCGwU1siX1ZIegdsZIo1sjlWnbsTcjefS6Pj3RtIU6lROCEB6QAgiS1WJabPNVEO7waQAXksTDyQHUY2wqyAfRzb44KOjG0poBVHSJ1fq5iJGt%2Fs2ROyG2r1yuKaZ4GSAmh5BaCjz8%3D%22%7D&prevSearchId=1765686709859674781&loginPromo=1
546,,Castaways Resort Phu Quoc,https://www.traveloka.com/en-vn/hotel/detail?spec=13-05-2023.14-05-2023.1.1.HOTEL.1000000553965.Castaways%20Resort%20Phu%20Quoc.1&contexts=%7B%22inventoryRateKey%22%3A%22povEwB3ZzsU2C6pd%2B6MdUwKh3BcjHsHvQbV0EUcyDRFM0tKsNUio4Rxug1zOzHJilcvZa8YdqqIySdppe7dolTIewZlxfjiOGz6oXLTucMvN0%2BgQ3yZPvZcoHwUFNN%2BZpcr%2F%2FNa8o9ElfN8zOYhzzZeg0X586laFpeUViPi9rxB%2Be0wwKJKwSaTpNT3tnzgvmhLDdV0WLeT%2FFKfQ0QL8LH02Dvlx%2F8PjYogEE5yzx6g6yOKyKeIDf7jO3GM45O1o1hmSkmz3HiZNSbS8gXb3CDW9nmlhkqLKa4lLkAkZpAG5JCAR4KEzOF9HzUvNfgOnqr5Ov2QSm2AvCfOdBe9Oy%2Fvnzag3zLIuKsio2qc%2FE%2BKC0I%2B4MpT6AtjonGvWhSFYeOjRTl6ytxGba%2F42pjcyyVc4KxuembJV6Yiv2h%2FCVOHi42A4Bx%2BAVZlB2OJQoCeizHaEIke4gLKBu993M9y78%2FmzREQ0KgV1vvYuRfaKd1eNmO0SRV1ogUSH81Kgs05B6IoMhVKT4w7TwrTxbp%2FQ2iMn1qdaM1viWqCGwU1siX1ZIegdsZIo1sjlWnbsTcjefS6Pj3RtIU6lROCEB6QAgiS1WJabPNVEO7waQAXksTDyQHUY2wqyAfRzb44KOjG0poBVHSJ1fq5iJGt%2Fs2ROyG2r1yuKaZ4GSAmh5BaCjz8%3D%22%7D&prevSearchId=1765686709859674781&loginPromo=1
547,phòng không đúng như mô tả...nhân viên thờ ơ...không trách nhiệm...giao phòng không đúng...dịch vụ rất tệ...ăn sáng chẳng ra gì...tolet hư tè le...nói chung tệ...,Castaways Resort Phu Quoc,https://www.traveloka.com/en-vn/hotel/detail?spec=13-05-2023.14-05-2023.1.1.HOTEL.1000000553965.Castaways%20Resort%20Phu%20Quoc.1&contexts=%7B%22inventoryRateKey%22%3A%22povEwB3ZzsU2C6pd%2B6MdUwKh3BcjHsHvQbV0EUcyDRFM0tKsNUio4Rxug1zOzHJilcvZa8YdqqIySdppe7dolTIewZlxfjiOGz6oXLTucMvN0%2BgQ3yZPvZcoHwUFNN%2BZpcr%2F%2FNa8o9ElfN8zOYhzzZeg0X586laFpeUViPi9rxB%2Be0wwKJKwSaTpNT3tnzgvmhLDdV0WLeT%2FFKfQ0QL8LH02Dvlx%2F8PjYogEE5yzx6g6yOKyKeIDf7jO3GM45O1o1hmSkmz3HiZNSbS8gXb3CDW9nmlhkqLKa4lLkAkZpAG5JCAR4KEzOF9HzUvNfgOnqr5Ov2QSm2AvCfOdBe9Oy%2Fvnzag3zLIuKsio2qc%2FE%2BKC0I%2B4MpT6AtjonGvWhSFYeOjRTl6ytxGba%2F42pjcyyVc4KxuembJV6Yiv2h%2FCVOHi42A4Bx%2BAVZlB2OJQoCeizHaEIke4gLKBu993M9y78%2FmzREQ0KgV1vvYuRfaKd1eNmO0SRV1ogUSH81Kgs05B6IoMhVKT4w7TwrTxbp%2FQ2iMn1qdaM1viWqCGwU1siX1ZIegdsZIo1sjlWnbsTcjefS6Pj3RtIU6lROCEB6QAgiS1WJabPNVEO7waQAXksTDyQHUY2wqyAfRzb44KOjG0poBVHSJ1fq5iJGt%2Fs2ROyG2r1yuKaZ4GSAmh5BaCjz8%3D%22%7D&prevSearchId=1765686709859674781&loginPromo=1
548,"Kỳ nghỉ thật vui. Phòng sạch sẽ, thoải mái. Thức ăn ngon, đa dạng món. Nếu có dịp sẽ quay lại =))",Castaways Resort Phu Quoc,https://www.traveloka.com/en-vn/hotel/detail?spec=13-05-2023.14-05-2023.1.1.HOTEL.1000000553965.Castaways%20Resort%20Phu%20Quoc.1&contexts=%7B%22inventoryRateKey%22%3A%22povEwB3ZzsU2C6pd%2B6MdUwKh3BcjHsHvQbV0EUcyDRFM0tKsNUio4Rxug1zOzHJilcvZa8YdqqIySdppe7dolTIewZlxfjiOGz6oXLTucMvN0%2BgQ3yZPvZcoHwUFNN%2BZpcr%2F%2FNa8o9ElfN8zOYhzzZeg0X586laFpeUViPi9rxB%2Be0wwKJKwSaTpNT3tnzgvmhLDdV0WLeT%2FFKfQ0QL8LH02Dvlx%2F8PjYogEE5yzx6g6yOKyKeIDf7jO3GM45O1o1hmSkmz3HiZNSbS8gXb3CDW9nmlhkqLKa4lLkAkZpAG5JCAR4KEzOF9HzUvNfgOnqr5Ov2QSm2AvCfOdBe9Oy%2Fvnzag3zLIuKsio2qc%2FE%2BKC0I%2B4MpT6AtjonGvWhSFYeOjRTl6ytxGba%2F42pjcyyVc4KxuembJV6Yiv2h%2FCVOHi42A4Bx%2BAVZlB2OJQoCeizHaEIke4gLKBu993M9y78%2FmzREQ0KgV1vvYuRfaKd1eNmO0SRV1ogUSH81Kgs05B6IoMhVKT4w7TwrTxbp%2FQ2iMn1qdaM1viWqCGwU1siX1ZIegdsZIo1sjlWnbsTcjefS6Pj3RtIU6lROCEB6QAgiS1WJabPNVEO7waQAXksTDyQHUY2wqyAfRzb44KOjG0poBVHSJ1fq5iJGt%2Fs2ROyG2r1yuKaZ4GSAmh5BaCjz8%3D%22%7D&prevSearchId=1765686709859674781&loginPromo=1
549,Con gái rất thích. Có vẻ chị ấy đang nói. Ô ở dây rất mát mẻ và dễ chịu hơn thành phố của mình đấy mẹ con yêu nơi này,Castaways Resort Phu Quoc,https://www.traveloka.com/en-vn/hotel/detail?spec=13-05-2023.14-05-2023.1.1.HOTEL.1000000553965.Castaways%20Resort%20Phu%20Quoc.1&contexts=%7B%22inventoryRateKey%22%3A%22povEwB3ZzsU2C6pd%2B6MdUwKh3BcjHsHvQbV0EUcyDRFM0tKsNUio4Rxug1zOzHJilcvZa8YdqqIySdppe7dolTIewZlxfjiOGz6oXLTucMvN0%2BgQ3yZPvZcoHwUFNN%2BZpcr%2F%2FNa8o9ElfN8zOYhzzZeg0X586laFpeUViPi9rxB%2Be0wwKJKwSaTpNT3tnzgvmhLDdV0WLeT%2FFKfQ0QL8LH02Dvlx%2F8PjYogEE5yzx6g6yOKyKeIDf7jO3GM45O1o1hmSkmz3HiZNSbS8gXb3CDW9nmlhkqLKa4lLkAkZpAG5JCAR4KEzOF9HzUvNfgOnqr5Ov2QSm2AvCfOdBe9Oy%2Fvnzag3zLIuKsio2qc%2FE%2BKC0I%2B4MpT6AtjonGvWhSFYeOjRTl6ytxGba%2F42pjcyyVc4KxuembJV6Yiv2h%2FCVOHi42A4Bx%2BAVZlB2OJQoCeizHaEIke4gLKBu993M9y78%2FmzREQ0KgV1vvYuRfaKd1eNmO0SRV1ogUSH81Kgs05B6IoMhVKT4w7TwrTxbp%2FQ2iMn1qdaM1viWqCGwU1siX1ZIegdsZIo1sjlWnbsTcjefS6Pj3RtIU6lROCEB6QAgiS1WJabPNVEO7waQAXksTDyQHUY2wqyAfRzb44KOjG0poBVHSJ1fq5iJGt%2Fs2ROyG2r1yuKaZ4GSAmh5BaCjz8%3D%22%7D&prevSearchId=1765686709859674781&loginPromo=1
550,+ Khách sạn tạm ổn. Ăn sáng ổn. - Hồ bơi quá dơ. Không biết bao lâu rồi chưa vệ sinh hay thay nước mà nước hồ bơi chua như chanh. Máy lạnh không mát lắm. Cần cải thiện nước hồ bơi. Khách sạn cũng không thay khăn hàng ngày.,Castaways Resort Phu Quoc,https://www.traveloka.com/en-vn/hotel/detail?spec=13-05-2023.14-05-2023.1.1.HOTEL.1000000553965.Castaways%20Resort%20Phu%20Quoc.1&contexts=%7B%22inventoryRateKey%22%3A%22povEwB3ZzsU2C6pd%2B6MdUwKh3BcjHsHvQbV0EUcyDRFM0tKsNUio4Rxug1zOzHJilcvZa8YdqqIySdppe7dolTIewZlxfjiOGz6oXLTucMvN0%2BgQ3yZPvZcoHwUFNN%2BZpcr%2F%2FNa8o9ElfN8zOYhzzZeg0X586laFpeUViPi9rxB%2Be0wwKJKwSaTpNT3tnzgvmhLDdV0WLeT%2FFKfQ0QL8LH02Dvlx%2F8PjYogEE5yzx6g6yOKyKeIDf7jO3GM45O1o1hmSkmz3HiZNSbS8gXb3CDW9nmlhkqLKa4lLkAkZpAG5JCAR4KEzOF9HzUvNfgOnqr5Ov2QSm2AvCfOdBe9Oy%2Fvnzag3zLIuKsio2qc%2FE%2BKC0I%2B4MpT6AtjonGvWhSFYeOjRTl6ytxGba%2F42pjcyyVc4KxuembJV6Yiv2h%2FCVOHi42A4Bx%2BAVZlB2OJQoCeizHaEIke4gLKBu993M9y78%2FmzREQ0KgV1vvYuRfaKd1eNmO0SRV1ogUSH81Kgs05B6IoMhVKT4w7TwrTxbp%2FQ2iMn1qdaM1viWqCGwU1siX1ZIegdsZIo1sjlWnbsTcjefS6Pj3RtIU6lROCEB6QAgiS1WJabPNVEO7waQAXksTDyQHUY2wqyAfRzb44KOjG0poBVHSJ1fq5iJGt%2Fs2ROyG2r1yuKaZ4GSAmh5BaCjz8%3D%22%7D&prevSearchId=1765686709859674781&loginPromo=1
551,"khách sạn ở vị trí khá trung tâm, thuận lợi cho việc đi lại, vui chơi. Khung cảnh đẹp, thân thiện thiên nhiên, có hồ bơi, gần biển. Đồ ăn chưa phong phú lắm",Castaways Resort Phu Quoc,https://www.traveloka.com/en-vn/hotel/detail?spec=13-05-2023.14-05-2023.1.1.HOTEL.1000000553965.Castaways%20Resort%20Phu%20Quoc.1&contexts=%7B%22inventoryRateKey%22%3A%22povEwB3ZzsU2C6pd%2B6MdUwKh3BcjHsHvQbV0EUcyDRFM0tKsNUio4Rxug1zOzHJilcvZa8YdqqIySdppe7dolTIewZlxfjiOGz6oXLTucMvN0%2BgQ3yZPvZcoHwUFNN%2BZpcr%2F%2FNa8o9ElfN8zOYhzzZeg0X586laFpeUViPi9rxB%2Be0wwKJKwSaTpNT3tnzgvmhLDdV0WLeT%2FFKfQ0QL8LH02Dvlx%2F8PjYogEE5yzx6g6yOKyKeIDf7jO3GM45O1o1hmSkmz3HiZNSbS8gXb3CDW9nmlhkqLKa4lLkAkZpAG5JCAR4KEzOF9HzUvNfgOnqr5Ov2QSm2AvCfOdBe9Oy%2Fvnzag3zLIuKsio2qc%2FE%2BKC0I%2B4MpT6AtjonGvWhSFYeOjRTl6ytxGba%2F42pjcyyVc4KxuembJV6Yiv2h%2FCVOHi42A4Bx%2BAVZlB2OJQoCeizHaEIke4gLKBu993M9y78%2FmzREQ0KgV1vvYuRfaKd1eNmO0SRV1ogUSH81Kgs05B6IoMhVKT4w7TwrTxbp%2FQ2iMn1qdaM1viWqCGwU1siX1ZIegdsZIo1sjlWnbsTcjefS6Pj3RtIU6lROCEB6QAgiS1WJabPNVEO7waQAXksTDyQHUY2wqyAfRzb44KOjG0poBVHSJ1fq5iJGt%2Fs2ROyG2r1yuKaZ4GSAmh5BaCjz8%3D%22%7D&prevSearchId=1765686709859674781&loginPromo=1
552,,Castaways Resort Phu Quoc,https://www.traveloka.com/en-vn/hotel/detail?spec=13-05-2023.14-05-2023.1.1.HOTEL.1000000553965.Castaways%20Resort%20Phu%20Quoc.1&contexts=%7B%22inventoryRateKey%22%3A%22povEwB3ZzsU2C6pd%2B6MdUwKh3BcjHsHvQbV0EUcyDRFM0tKsNUio4Rxug1zOzHJilcvZa8YdqqIySdppe7dolTIewZlxfjiOGz6oXLTucMvN0%2BgQ3yZPvZcoHwUFNN%2BZpcr%2F%2FNa8o9ElfN8zOYhzzZeg0X586laFpeUViPi9rxB%2Be0wwKJKwSaTpNT3tnzgvmhLDdV0WLeT%2FFKfQ0QL8LH02Dvlx%2F8PjYogEE5yzx6g6yOKyKeIDf7jO3GM45O1o1hmSkmz3HiZNSbS8gXb3CDW9nmlhkqLKa4lLkAkZpAG5JCAR4KEzOF9HzUvNfgOnqr5Ov2QSm2AvCfOdBe9Oy%2Fvnzag3zLIuKsio2qc%2FE%2BKC0I%2B4MpT6AtjonGvWhSFYeOjRTl6ytxGba%2F42pjcyyVc4KxuembJV6Yiv2h%2FCVOHi42A4Bx%2BAVZlB2OJQoCeizHaEIke4gLKBu993M9y78%2FmzREQ0KgV1vvYuRfaKd1eNmO0SRV1ogUSH81Kgs05B6IoMhVKT4w7TwrTxbp%2FQ2iMn1qdaM1viWqCGwU1siX1ZIegdsZIo1sjlWnbsTcjefS6Pj3RtIU6lROCEB6QAgiS1WJabPNVEO7waQAXksTDyQHUY2wqyAfRzb44KOjG0poBVHSJ1fq5iJGt%2Fs2ROyG2r1yuKaZ4GSAmh5BaCjz8%3D%22%7D&prevSearchId=1765686709859674781&loginPromo=1
553,"1. Phòng rất dơ! Lúc vừa check in trong phòng còn cả nhúm tóc bạc (có lẻ là của khách trước), trong các góc đầy những thứ ... (tự xem lại) 2. Ngày 27.6 mình có ra ngoài đến khoảng 2 giờ chiều. Lúc sáng trước khi đi mình đã dọn phòng gọn gàng, chủ yếu tụi mình muốn quét cho sạch cát xíu (vì chiều hôm trước có ra biển chơi nên phòng có cát), xong mình ra lễ tân nói là mình ra ngoài, có gì dọn phòng giúp tầm 12-2h chiều mình về. Đi chơi về xong mở cửa ra .... kiểu cạn lời ấy! Phòng vẫn y vậy, tụi mình cũng quá mệt quá buồn ngủ. Nên hai chị em mình lăn ra ngủ. Tầm khoảng 3:30 chiều thì có tiếng mở cửa hai đứa ngủ nên không hay, cuối cùng nhân viên dọn phòng vào. Hai đứa đang ngủ giật hết cả người. Tụi mình cảm ơn, và không cần làm phòng nữa. Hai chị em mình ở phòng g3",Castaways Resort Phu Quoc,https://www.traveloka.com/en-vn/hotel/detail?spec=13-05-2023.14-05-2023.1.1.HOTEL.1000000553965.Castaways%20Resort%20Phu%20Quoc.1&contexts=%7B%22inventoryRateKey%22%3A%22povEwB3ZzsU2C6pd%2B6MdUwKh3BcjHsHvQbV0EUcyDRFM0tKsNUio4Rxug1zOzHJilcvZa8YdqqIySdppe7dolTIewZlxfjiOGz6oXLTucMvN0%2BgQ3yZPvZcoHwUFNN%2BZpcr%2F%2FNa8o9ElfN8zOYhzzZeg0X586laFpeUViPi9rxB%2Be0wwKJKwSaTpNT3tnzgvmhLDdV0WLeT%2FFKfQ0QL8LH02Dvlx%2F8PjYogEE5yzx6g6yOKyKeIDf7jO3GM45O1o1hmSkmz3HiZNSbS8gXb3CDW9nmlhkqLKa4lLkAkZpAG5JCAR4KEzOF9HzUvNfgOnqr5Ov2QSm2AvCfOdBe9Oy%2Fvnzag3zLIuKsio2qc%2FE%2BKC0I%2B4MpT6AtjonGvWhSFYeOjRTl6ytxGba%2F42pjcyyVc4KxuembJV6Yiv2h%2FCVOHi42A4Bx%2BAVZlB2OJQoCeizHaEIke4gLKBu993M9y78%2FmzREQ0KgV1vvYuRfaKd1eNmO0SRV1ogUSH81Kgs05B6IoMhVKT4w7TwrTxbp%2FQ2iMn1qdaM1viWqCGwU1siX1ZIegdsZIo1sjlWnbsTcjefS6Pj3RtIU6lROCEB6QAgiS1WJabPNVEO7waQAXksTDyQHUY2wqyAfRzb44KOjG0poBVHSJ1fq5iJGt%2Fs2ROyG2r1yuKaZ4GSAmh5BaCjz8%3D%22%7D&prevSearchId=1765686709859674781&loginPromo=1
554,"Khách sạn rất đẹp, rất thích. Vị trí quá đẹp, đi bộ chút là ra bãi bus đón xe đi hòn thơm. Hoàn toàn hài lòng, ăn sáng khá ngon và đa dạng, sẽ quay lại.",Castaways Resort Phu Quoc,https://www.traveloka.com/en-vn/hotel/detail?spec=13-05-2023.14-05-2023.1.1.HOTEL.1000000553965.Castaways%20Resort%20Phu%20Quoc.1&contexts=%7B%22inventoryRateKey%22%3A%22povEwB3ZzsU2C6pd%2B6MdUwKh3BcjHsHvQbV0EUcyDRFM0tKsNUio4Rxug1zOzHJilcvZa8YdqqIySdppe7dolTIewZlxfjiOGz6oXLTucMvN0%2BgQ3yZPvZcoHwUFNN%2BZpcr%2F%2FNa8o9ElfN8zOYhzzZeg0X586laFpeUViPi9rxB%2Be0wwKJKwSaTpNT3tnzgvmhLDdV0WLeT%2FFKfQ0QL8LH02Dvlx%2F8PjYogEE5yzx6g6yOKyKeIDf7jO3GM45O1o1hmSkmz3HiZNSbS8gXb3CDW9nmlhkqLKa4lLkAkZpAG5JCAR4KEzOF9HzUvNfgOnqr5Ov2QSm2AvCfOdBe9Oy%2Fvnzag3zLIuKsio2qc%2FE%2BKC0I%2B4MpT6AtjonGvWhSFYeOjRTl6ytxGba%2F42pjcyyVc4KxuembJV6Yiv2h%2FCVOHi42A4Bx%2BAVZlB2OJQoCeizHaEIke4gLKBu993M9y78%2FmzREQ0KgV1vvYuRfaKd1eNmO0SRV1ogUSH81Kgs05B6IoMhVKT4w7TwrTxbp%2FQ2iMn1qdaM1viWqCGwU1siX1ZIegdsZIo1sjlWnbsTcjefS6Pj3RtIU6lROCEB6QAgiS1WJabPNVEO7waQAXksTDyQHUY2wqyAfRzb44KOjG0poBVHSJ1fq5iJGt%2Fs2ROyG2r1yuKaZ4GSAmh5BaCjz8%3D%22%7D&prevSearchId=1765686709859674781&loginPromo=1
555,Chỗ nghỉ rất thoải mái lại gần biển thích hợp cho nghỉ dưỡng và vui chơi. Vị trí trong trung tâm nên đi lại khá là thuận tiện.,Castaways Resort Phu Quoc,https://www.traveloka.com/en-vn/hotel/detail?spec=13-05-2023.14-05-2023.1.1.HOTEL.1000000553965.Castaways%20Resort%20Phu%20Quoc.1&contexts=%7B%22inventoryRateKey%22%3A%22povEwB3ZzsU2C6pd%2B6MdUwKh3BcjHsHvQbV0EUcyDRFM0tKsNUio4Rxug1zOzHJilcvZa8YdqqIySdppe7dolTIewZlxfjiOGz6oXLTucMvN0%2BgQ3yZPvZcoHwUFNN%2BZpcr%2F%2FNa8o9ElfN8zOYhzzZeg0X586laFpeUViPi9rxB%2Be0wwKJKwSaTpNT3tnzgvmhLDdV0WLeT%2FFKfQ0QL8LH02Dvlx%2F8PjYogEE5yzx6g6yOKyKeIDf7jO3GM45O1o1hmSkmz3HiZNSbS8gXb3CDW9nmlhkqLKa4lLkAkZpAG5JCAR4KEzOF9HzUvNfgOnqr5Ov2QSm2AvCfOdBe9Oy%2Fvnzag3zLIuKsio2qc%2FE%2BKC0I%2B4MpT6AtjonGvWhSFYeOjRTl6ytxGba%2F42pjcyyVc4KxuembJV6Yiv2h%2FCVOHi42A4Bx%2BAVZlB2OJQoCeizHaEIke4gLKBu993M9y78%2FmzREQ0KgV1vvYuRfaKd1eNmO0SRV1ogUSH81Kgs05B6IoMhVKT4w7TwrTxbp%2FQ2iMn1qdaM1viWqCGwU1siX1ZIegdsZIo1sjlWnbsTcjefS6Pj3RtIU6lROCEB6QAgiS1WJabPNVEO7waQAXksTDyQHUY2wqyAfRzb44KOjG0poBVHSJ1fq5iJGt%2Fs2ROyG2r1yuKaZ4GSAmh5BaCjz8%3D%22%7D&prevSearchId=1765686709859674781&loginPromo=1
556,"Phòng rộng rãi, nhân viên tuy không vui vẻ lắm nhưng nhiệt tình. Hơi nhiều muỗi. Nói chung ổn so với mức giá.",Castaways Resort Phu Quoc,https://www.traveloka.com/en-vn/hotel/detail?spec=13-05-2023.14-05-2023.1.1.HOTEL.1000000553965.Castaways%20Resort%20Phu%20Quoc.1&contexts=%7B%22inventoryRateKey%22%3A%22povEwB3ZzsU2C6pd%2B6MdUwKh3BcjHsHvQbV0EUcyDRFM0tKsNUio4Rxug1zOzHJilcvZa8YdqqIySdppe7dolTIewZlxfjiOGz6oXLTucMvN0%2BgQ3yZPvZcoHwUFNN%2BZpcr%2F%2FNa8o9ElfN8zOYhzzZeg0X586laFpeUViPi9rxB%2Be0wwKJKwSaTpNT3tnzgvmhLDdV0WLeT%2FFKfQ0QL8LH02Dvlx%2F8PjYogEE5yzx6g6yOKyKeIDf7jO3GM45O1o1hmSkmz3HiZNSbS8gXb3CDW9nmlhkqLKa4lLkAkZpAG5JCAR4KEzOF9HzUvNfgOnqr5Ov2QSm2AvCfOdBe9Oy%2Fvnzag3zLIuKsio2qc%2FE%2BKC0I%2B4MpT6AtjonGvWhSFYeOjRTl6ytxGba%2F42pjcyyVc4KxuembJV6Yiv2h%2FCVOHi42A4Bx%2BAVZlB2OJQoCeizHaEIke4gLKBu993M9y78%2FmzREQ0KgV1vvYuRfaKd1eNmO0SRV1ogUSH81Kgs05B6IoMhVKT4w7TwrTxbp%2FQ2iMn1qdaM1viWqCGwU1siX1ZIegdsZIo1sjlWnbsTcjefS6Pj3RtIU6lROCEB6QAgiS1WJabPNVEO7waQAXksTDyQHUY2wqyAfRzb44KOjG0poBVHSJ1fq5iJGt%2Fs2ROyG2r1yuKaZ4GSAmh5BaCjz8%3D%22%7D&prevSearchId=1765686709859674781&loginPromo=1
557,Phù hợp với gia đình...,Castaways Resort Phu Quoc,https://www.traveloka.com/en-vn/hotel/detail?spec=13-05-2023.14-05-2023.1.1.HOTEL.1000000553965.Castaways%20Resort%20Phu%20Quoc.1&contexts=%7B%22inventoryRateKey%22%3A%22povEwB3ZzsU2C6pd%2B6MdUwKh3BcjHsHvQbV0EUcyDRFM0tKsNUio4Rxug1zOzHJilcvZa8YdqqIySdppe7dolTIewZlxfjiOGz6oXLTucMvN0%2BgQ3yZPvZcoHwUFNN%2BZpcr%2F%2FNa8o9ElfN8zOYhzzZeg0X586laFpeUViPi9rxB%2Be0wwKJKwSaTpNT3tnzgvmhLDdV0WLeT%2FFKfQ0QL8LH02Dvlx%2F8PjYogEE5yzx6g6yOKyKeIDf7jO3GM45O1o1hmSkmz3HiZNSbS8gXb3CDW9nmlhkqLKa4lLkAkZpAG5JCAR4KEzOF9HzUvNfgOnqr5Ov2QSm2AvCfOdBe9Oy%2Fvnzag3zLIuKsio2qc%2FE%2BKC0I%2B4MpT6AtjonGvWhSFYeOjRTl6ytxGba%2F42pjcyyVc4KxuembJV6Yiv2h%2FCVOHi42A4Bx%2BAVZlB2OJQoCeizHaEIke4gLKBu993M9y78%2FmzREQ0KgV1vvYuRfaKd1eNmO0SRV1ogUSH81Kgs05B6IoMhVKT4w7TwrTxbp%2FQ2iMn1qdaM1viWqCGwU1siX1ZIegdsZIo1sjlWnbsTcjefS6Pj3RtIU6lROCEB6QAgiS1WJabPNVEO7waQAXksTDyQHUY2wqyAfRzb44KOjG0poBVHSJ1fq5iJGt%2Fs2ROyG2r1yuKaZ4GSAmh5BaCjz8%3D%22%7D&prevSearchId=1765686709859674781&loginPromo=1
558,Đã book và thanh toán trước trên app nhưng khi đến khách sạn báo trôi sale và không có phòng... Bị dời tạm qua khu garden view 1 đêm. Còn lại mọi thứ rất ok,Castaways Resort Phu Quoc,https://www.traveloka.com/en-vn/hotel/detail?spec=13-05-2023.14-05-2023.1.1.HOTEL.1000000553965.Castaways%20Resort%20Phu%20Quoc.1&contexts=%7B%22inventoryRateKey%22%3A%22povEwB3ZzsU2C6pd%2B6MdUwKh3BcjHsHvQbV0EUcyDRFM0tKsNUio4Rxug1zOzHJilcvZa8YdqqIySdppe7dolTIewZlxfjiOGz6oXLTucMvN0%2BgQ3yZPvZcoHwUFNN%2BZpcr%2F%2FNa8o9ElfN8zOYhzzZeg0X586laFpeUViPi9rxB%2Be0wwKJKwSaTpNT3tnzgvmhLDdV0WLeT%2FFKfQ0QL8LH02Dvlx%2F8PjYogEE5yzx6g6yOKyKeIDf7jO3GM45O1o1hmSkmz3HiZNSbS8gXb3CDW9nmlhkqLKa4lLkAkZpAG5JCAR4KEzOF9HzUvNfgOnqr5Ov2QSm2AvCfOdBe9Oy%2Fvnzag3zLIuKsio2qc%2FE%2BKC0I%2B4MpT6AtjonGvWhSFYeOjRTl6ytxGba%2F42pjcyyVc4KxuembJV6Yiv2h%2FCVOHi42A4Bx%2BAVZlB2OJQoCeizHaEIke4gLKBu993M9y78%2FmzREQ0KgV1vvYuRfaKd1eNmO0SRV1ogUSH81Kgs05B6IoMhVKT4w7TwrTxbp%2FQ2iMn1qdaM1viWqCGwU1siX1ZIegdsZIo1sjlWnbsTcjefS6Pj3RtIU6lROCEB6QAgiS1WJabPNVEO7waQAXksTDyQHUY2wqyAfRzb44KOjG0poBVHSJ1fq5iJGt%2Fs2ROyG2r1yuKaZ4GSAmh5BaCjz8%3D%22%7D&prevSearchId=1765686709859674781&loginPromo=1
559,,Castaways Resort Phu Quoc,https://www.traveloka.com/en-vn/hotel/detail?spec=13-05-2023.14-05-2023.1.1.HOTEL.1000000553965.Castaways%20Resort%20Phu%20Quoc.1&contexts=%7B%22inventoryRateKey%22%3A%22povEwB3ZzsU2C6pd%2B6MdUwKh3BcjHsHvQbV0EUcyDRFM0tKsNUio4Rxug1zOzHJilcvZa8YdqqIySdppe7dolTIewZlxfjiOGz6oXLTucMvN0%2BgQ3yZPvZcoHwUFNN%2BZpcr%2F%2FNa8o9ElfN8zOYhzzZeg0X586laFpeUViPi9rxB%2Be0wwKJKwSaTpNT3tnzgvmhLDdV0WLeT%2FFKfQ0QL8LH02Dvlx%2F8PjYogEE5yzx6g6yOKyKeIDf7jO3GM45O1o1hmSkmz3HiZNSbS8gXb3CDW9nmlhkqLKa4lLkAkZpAG5JCAR4KEzOF9HzUvNfgOnqr5Ov2QSm2AvCfOdBe9Oy%2Fvnzag3zLIuKsio2qc%2FE%2BKC0I%2B4MpT6AtjonGvWhSFYeOjRTl6ytxGba%2F42pjcyyVc4KxuembJV6Yiv2h%2FCVOHi42A4Bx%2BAVZlB2OJQoCeizHaEIke4gLKBu993M9y78%2FmzREQ0KgV1vvYuRfaKd1eNmO0SRV1ogUSH81Kgs05B6IoMhVKT4w7TwrTxbp%2FQ2iMn1qdaM1viWqCGwU1siX1ZIegdsZIo1sjlWnbsTcjefS6Pj3RtIU6lROCEB6QAgiS1WJabPNVEO7waQAXksTDyQHUY2wqyAfRzb44KOjG0poBVHSJ1fq5iJGt%2Fs2ROyG2r1yuKaZ4GSAmh5BaCjz8%3D%22%7D&prevSearchId=1765686709859674781&loginPromo=1
560,"Khi mới đến nơi, gia đình tôi được nhận khu phòng dãy D, đằng sau là một công trường xây dựng và tiếng máy khoan rung ầm ầm, xen lẫn tiếng búa tạ và gạch đổ. Điều này khiến trải nghiệm của gia đình tôi hơi tệ lúc ban đầu. Chúng tôi phải ra quán bar gần bờ biển ngồi cả chiều, dù khá mệt sau chuyến bay. Tuy nhiên, ngày hôm sau Traveloka và Homestead đã hỗ trợ chuyển chúng tôi sang dãy A gần bể bơi và xa tiếng ồn. Các bạn lễ tân và dọn phòng còn giup thu dọn hộ đồ đạc để chuyển sang phòng mới, do chúng tôi không có ở Kháchsạn khi đó. Cảm ơn các bạn. Phong cảnh trong resort thu hút với nhiều cây xanh và 2 bể bơi. Đây là điều rất giá trị, khi trời nắng và biển thì hơi xa. Các con tôi thích đùa nghịch tại bể bơi. Đồ ăn sáng khá ổn, dù không phải quá đặc sắc. Tuy nhiên, chỗ ăn nhiều ruồi, còn phòng ở lắm muỗi. Ngoài ra, nếu các bạn nhân viên thân thiện và chào hỏi khách thì sẽ là điểm cộng rất sáng cho Homestead. Có điều, nếu ai thích biển thì Homestead không phải lựa chọn tốt nhất, vì phải đi qua đường cái rồi một tuyến đường dân sinh ngoằn nghèo. Vì vậy, trong trường hợp muốn được vỗ về bởi tiếng sóng, các bạn nên lựa chọn Coral Beach Resort ngay gần đó, hoặc Phương Bình Hotel, một bước là ra biển. Jojo Beach cũng là lựa chọn không tồi để cân nhắc.",Castaways Resort Phu Quoc,https://www.traveloka.com/en-vn/hotel/detail?spec=13-05-2023.14-05-2023.1.1.HOTEL.1000000553965.Castaways%20Resort%20Phu%20Quoc.1&contexts=%7B%22inventoryRateKey%22%3A%22povEwB3ZzsU2C6pd%2B6MdUwKh3BcjHsHvQbV0EUcyDRFM0tKsNUio4Rxug1zOzHJilcvZa8YdqqIySdppe7dolTIewZlxfjiOGz6oXLTucMvN0%2BgQ3yZPvZcoHwUFNN%2BZpcr%2F%2FNa8o9ElfN8zOYhzzZeg0X586laFpeUViPi9rxB%2Be0wwKJKwSaTpNT3tnzgvmhLDdV0WLeT%2FFKfQ0QL8LH02Dvlx%2F8PjYogEE5yzx6g6yOKyKeIDf7jO3GM45O1o1hmSkmz3HiZNSbS8gXb3CDW9nmlhkqLKa4lLkAkZpAG5JCAR4KEzOF9HzUvNfgOnqr5Ov2QSm2AvCfOdBe9Oy%2Fvnzag3zLIuKsio2qc%2FE%2BKC0I%2B4MpT6AtjonGvWhSFYeOjRTl6ytxGba%2F42pjcyyVc4KxuembJV6Yiv2h%2FCVOHi42A4Bx%2BAVZlB2OJQoCeizHaEIke4gLKBu993M9y78%2FmzREQ0KgV1vvYuRfaKd1eNmO0SRV1ogUSH81Kgs05B6IoMhVKT4w7TwrTxbp%2FQ2iMn1qdaM1viWqCGwU1siX1ZIegdsZIo1sjlWnbsTcjefS6Pj3RtIU6lROCEB6QAgiS1WJabPNVEO7waQAXksTDyQHUY2wqyAfRzb44KOjG0poBVHSJ1fq5iJGt%2Fs2ROyG2r1yuKaZ4GSAmh5BaCjz8%3D%22%7D&prevSearchId=1765686709859674781&loginPromo=1
561,"Nhân viên thân thiện, tuy nhiên phòng dọn muộn, có muỗi",Castaways Resort Phu Quoc,https://www.traveloka.com/en-vn/hotel/detail?spec=13-05-2023.14-05-2023.1.1.HOTEL.1000000553965.Castaways%20Resort%20Phu%20Quoc.1&contexts=%7B%22inventoryRateKey%22%3A%22povEwB3ZzsU2C6pd%2B6MdUwKh3BcjHsHvQbV0EUcyDRFM0tKsNUio4Rxug1zOzHJilcvZa8YdqqIySdppe7dolTIewZlxfjiOGz6oXLTucMvN0%2BgQ3yZPvZcoHwUFNN%2BZpcr%2F%2FNa8o9ElfN8zOYhzzZeg0X586laFpeUViPi9rxB%2Be0wwKJKwSaTpNT3tnzgvmhLDdV0WLeT%2FFKfQ0QL8LH02Dvlx%2F8PjYogEE5yzx6g6yOKyKeIDf7jO3GM45O1o1hmSkmz3HiZNSbS8gXb3CDW9nmlhkqLKa4lLkAkZpAG5JCAR4KEzOF9HzUvNfgOnqr5Ov2QSm2AvCfOdBe9Oy%2Fvnzag3zLIuKsio2qc%2FE%2BKC0I%2B4MpT6AtjonGvWhSFYeOjRTl6ytxGba%2F42pjcyyVc4KxuembJV6Yiv2h%2FCVOHi42A4Bx%2BAVZlB2OJQoCeizHaEIke4gLKBu993M9y78%2FmzREQ0KgV1vvYuRfaKd1eNmO0SRV1ogUSH81Kgs05B6IoMhVKT4w7TwrTxbp%2FQ2iMn1qdaM1viWqCGwU1siX1ZIegdsZIo1sjlWnbsTcjefS6Pj3RtIU6lROCEB6QAgiS1WJabPNVEO7waQAXksTDyQHUY2wqyAfRzb44KOjG0poBVHSJ1fq5iJGt%2Fs2ROyG2r1yuKaZ4GSAmh5BaCjz8%3D%22%7D&prevSearchId=1765686709859674781&loginPromo=1
562,"sach, rộng, thoáng, nhân viên nhiệt tình, rất hài lòng ạ",Castaways Resort Phu Quoc,https://www.traveloka.com/en-vn/hotel/detail?spec=13-05-2023.14-05-2023.1.1.HOTEL.1000000553965.Castaways%20Resort%20Phu%20Quoc.1&contexts=%7B%22inventoryRateKey%22%3A%22povEwB3ZzsU2C6pd%2B6MdUwKh3BcjHsHvQbV0EUcyDRFM0tKsNUio4Rxug1zOzHJilcvZa8YdqqIySdppe7dolTIewZlxfjiOGz6oXLTucMvN0%2BgQ3yZPvZcoHwUFNN%2BZpcr%2F%2FNa8o9ElfN8zOYhzzZeg0X586laFpeUViPi9rxB%2Be0wwKJKwSaTpNT3tnzgvmhLDdV0WLeT%2FFKfQ0QL8LH02Dvlx%2F8PjYogEE5yzx6g6yOKyKeIDf7jO3GM45O1o1hmSkmz3HiZNSbS8gXb3CDW9nmlhkqLKa4lLkAkZpAG5JCAR4KEzOF9HzUvNfgOnqr5Ov2QSm2AvCfOdBe9Oy%2Fvnzag3zLIuKsio2qc%2FE%2BKC0I%2B4MpT6AtjonGvWhSFYeOjRTl6ytxGba%2F42pjcyyVc4KxuembJV6Yiv2h%2FCVOHi42A4Bx%2BAVZlB2OJQoCeizHaEIke4gLKBu993M9y78%2FmzREQ0KgV1vvYuRfaKd1eNmO0SRV1ogUSH81Kgs05B6IoMhVKT4w7TwrTxbp%2FQ2iMn1qdaM1viWqCGwU1siX1ZIegdsZIo1sjlWnbsTcjefS6Pj3RtIU6lROCEB6QAgiS1WJabPNVEO7waQAXksTDyQHUY2wqyAfRzb44KOjG0poBVHSJ1fq5iJGt%2Fs2ROyG2r1yuKaZ4GSAmh5BaCjz8%3D%22%7D&prevSearchId=1765686709859674781&loginPromo=1
563,"khách sạn 3 sao nhưng rất chất lượng...trong phòng chuẩn bị rất chu đáo, ăn sáng ok.",Castaways Resort Phu Quoc,https://www.traveloka.com/en-vn/hotel/detail?spec=13-05-2023.14-05-2023.1.1.HOTEL.1000000553965.Castaways%20Resort%20Phu%20Quoc.1&contexts=%7B%22inventoryRateKey%22%3A%22povEwB3ZzsU2C6pd%2B6MdUwKh3BcjHsHvQbV0EUcyDRFM0tKsNUio4Rxug1zOzHJilcvZa8YdqqIySdppe7dolTIewZlxfjiOGz6oXLTucMvN0%2BgQ3yZPvZcoHwUFNN%2BZpcr%2F%2FNa8o9ElfN8zOYhzzZeg0X586laFpeUViPi9rxB%2Be0wwKJKwSaTpNT3tnzgvmhLDdV0WLeT%2FFKfQ0QL8LH02Dvlx%2F8PjYogEE5yzx6g6yOKyKeIDf7jO3GM45O1o1hmSkmz3HiZNSbS8gXb3CDW9nmlhkqLKa4lLkAkZpAG5JCAR4KEzOF9HzUvNfgOnqr5Ov2QSm2AvCfOdBe9Oy%2Fvnzag3zLIuKsio2qc%2FE%2BKC0I%2B4MpT6AtjonGvWhSFYeOjRTl6ytxGba%2F42pjcyyVc4KxuembJV6Yiv2h%2FCVOHi42A4Bx%2BAVZlB2OJQoCeizHaEIke4gLKBu993M9y78%2FmzREQ0KgV1vvYuRfaKd1eNmO0SRV1ogUSH81Kgs05B6IoMhVKT4w7TwrTxbp%2FQ2iMn1qdaM1viWqCGwU1siX1ZIegdsZIo1sjlWnbsTcjefS6Pj3RtIU6lROCEB6QAgiS1WJabPNVEO7waQAXksTDyQHUY2wqyAfRzb44KOjG0poBVHSJ1fq5iJGt%2Fs2ROyG2r1yuKaZ4GSAmh5BaCjz8%3D%22%7D&prevSearchId=1765686709859674781&loginPromo=1
564,"phong oc sach se, nhung máy lanh không tot lam, ở phong E01",Castaways Resort Phu Quoc,https://www.traveloka.com/en-vn/hotel/detail?spec=13-05-2023.14-05-2023.1.1.HOTEL.1000000553965.Castaways%20Resort%20Phu%20Quoc.1&contexts=%7B%22inventoryRateKey%22%3A%22povEwB3ZzsU2C6pd%2B6MdUwKh3BcjHsHvQbV0EUcyDRFM0tKsNUio4Rxug1zOzHJilcvZa8YdqqIySdppe7dolTIewZlxfjiOGz6oXLTucMvN0%2BgQ3yZPvZcoHwUFNN%2BZpcr%2F%2FNa8o9ElfN8zOYhzzZeg0X586laFpeUViPi9rxB%2Be0wwKJKwSaTpNT3tnzgvmhLDdV0WLeT%2FFKfQ0QL8LH02Dvlx%2F8PjYogEE5yzx6g6yOKyKeIDf7jO3GM45O1o1hmSkmz3HiZNSbS8gXb3CDW9nmlhkqLKa4lLkAkZpAG5JCAR4KEzOF9HzUvNfgOnqr5Ov2QSm2AvCfOdBe9Oy%2Fvnzag3zLIuKsio2qc%2FE%2BKC0I%2B4MpT6AtjonGvWhSFYeOjRTl6ytxGba%2F42pjcyyVc4KxuembJV6Yiv2h%2FCVOHi42A4Bx%2BAVZlB2OJQoCeizHaEIke4gLKBu993M9y78%2FmzREQ0KgV1vvYuRfaKd1eNmO0SRV1ogUSH81Kgs05B6IoMhVKT4w7TwrTxbp%2FQ2iMn1qdaM1viWqCGwU1siX1ZIegdsZIo1sjlWnbsTcjefS6Pj3RtIU6lROCEB6QAgiS1WJabPNVEO7waQAXksTDyQHUY2wqyAfRzb44KOjG0poBVHSJ1fq5iJGt%2Fs2ROyG2r1yuKaZ4GSAmh5BaCjz8%3D%22%7D&prevSearchId=1765686709859674781&loginPromo=1
565,"khách sạn sạch sẽ, nhân viên chu đáo, nhiệt tình, hơi xa biển nên không có view đẹp. Nhưng vẫn xứng đáng full mark.",Castaways Resort Phu Quoc,https://www.traveloka.com/en-vn/hotel/detail?spec=13-05-2023.14-05-2023.1.1.HOTEL.1000000553965.Castaways%20Resort%20Phu%20Quoc.1&contexts=%7B%22inventoryRateKey%22%3A%22povEwB3ZzsU2C6pd%2B6MdUwKh3BcjHsHvQbV0EUcyDRFM0tKsNUio4Rxug1zOzHJilcvZa8YdqqIySdppe7dolTIewZlxfjiOGz6oXLTucMvN0%2BgQ3yZPvZcoHwUFNN%2BZpcr%2F%2FNa8o9ElfN8zOYhzzZeg0X586laFpeUViPi9rxB%2Be0wwKJKwSaTpNT3tnzgvmhLDdV0WLeT%2FFKfQ0QL8LH02Dvlx%2F8PjYogEE5yzx6g6yOKyKeIDf7jO3GM45O1o1hmSkmz3HiZNSbS8gXb3CDW9nmlhkqLKa4lLkAkZpAG5JCAR4KEzOF9HzUvNfgOnqr5Ov2QSm2AvCfOdBe9Oy%2Fvnzag3zLIuKsio2qc%2FE%2BKC0I%2B4MpT6AtjonGvWhSFYeOjRTl6ytxGba%2F42pjcyyVc4KxuembJV6Yiv2h%2FCVOHi42A4Bx%2BAVZlB2OJQoCeizHaEIke4gLKBu993M9y78%2FmzREQ0KgV1vvYuRfaKd1eNmO0SRV1ogUSH81Kgs05B6IoMhVKT4w7TwrTxbp%2FQ2iMn1qdaM1viWqCGwU1siX1ZIegdsZIo1sjlWnbsTcjefS6Pj3RtIU6lROCEB6QAgiS1WJabPNVEO7waQAXksTDyQHUY2wqyAfRzb44KOjG0poBVHSJ1fq5iJGt%2Fs2ROyG2r1yuKaZ4GSAmh5BaCjz8%3D%22%7D&prevSearchId=1765686709859674781&loginPromo=1
566,"Phòng nghỉ sạch sẽ, phù hợp gia đình",Castaways Resort Phu Quoc,https://www.traveloka.com/en-vn/hotel/detail?spec=13-05-2023.14-05-2023.1.1.HOTEL.1000000553965.Castaways%20Resort%20Phu%20Quoc.1&contexts=%7B%22inventoryRateKey%22%3A%22povEwB3ZzsU2C6pd%2B6MdUwKh3BcjHsHvQbV0EUcyDRFM0tKsNUio4Rxug1zOzHJilcvZa8YdqqIySdppe7dolTIewZlxfjiOGz6oXLTucMvN0%2BgQ3yZPvZcoHwUFNN%2BZpcr%2F%2FNa8o9ElfN8zOYhzzZeg0X586laFpeUViPi9rxB%2Be0wwKJKwSaTpNT3tnzgvmhLDdV0WLeT%2FFKfQ0QL8LH02Dvlx%2F8PjYogEE5yzx6g6yOKyKeIDf7jO3GM45O1o1hmSkmz3HiZNSbS8gXb3CDW9nmlhkqLKa4lLkAkZpAG5JCAR4KEzOF9HzUvNfgOnqr5Ov2QSm2AvCfOdBe9Oy%2Fvnzag3zLIuKsio2qc%2FE%2BKC0I%2B4MpT6AtjonGvWhSFYeOjRTl6ytxGba%2F42pjcyyVc4KxuembJV6Yiv2h%2FCVOHi42A4Bx%2BAVZlB2OJQoCeizHaEIke4gLKBu993M9y78%2FmzREQ0KgV1vvYuRfaKd1eNmO0SRV1ogUSH81Kgs05B6IoMhVKT4w7TwrTxbp%2FQ2iMn1qdaM1viWqCGwU1siX1ZIegdsZIo1sjlWnbsTcjefS6Pj3RtIU6lROCEB6QAgiS1WJabPNVEO7waQAXksTDyQHUY2wqyAfRzb44KOjG0poBVHSJ1fq5iJGt%2Fs2ROyG2r1yuKaZ4GSAmh5BaCjz8%3D%22%7D&prevSearchId=1765686709859674781&loginPromo=1
567,Nhân viên vui vẻ nhiệt tình. Phục vụ tốt,Castaways Resort Phu Quoc,https://www.traveloka.com/en-vn/hotel/detail?spec=13-05-2023.14-05-2023.1.1.HOTEL.1000000553965.Castaways%20Resort%20Phu%20Quoc.1&contexts=%7B%22inventoryRateKey%22%3A%22povEwB3ZzsU2C6pd%2B6MdUwKh3BcjHsHvQbV0EUcyDRFM0tKsNUio4Rxug1zOzHJilcvZa8YdqqIySdppe7dolTIewZlxfjiOGz6oXLTucMvN0%2BgQ3yZPvZcoHwUFNN%2BZpcr%2F%2FNa8o9ElfN8zOYhzzZeg0X586laFpeUViPi9rxB%2Be0wwKJKwSaTpNT3tnzgvmhLDdV0WLeT%2FFKfQ0QL8LH02Dvlx%2F8PjYogEE5yzx6g6yOKyKeIDf7jO3GM45O1o1hmSkmz3HiZNSbS8gXb3CDW9nmlhkqLKa4lLkAkZpAG5JCAR4KEzOF9HzUvNfgOnqr5Ov2QSm2AvCfOdBe9Oy%2Fvnzag3zLIuKsio2qc%2FE%2BKC0I%2B4MpT6AtjonGvWhSFYeOjRTl6ytxGba%2F42pjcyyVc4KxuembJV6Yiv2h%2FCVOHi42A4Bx%2BAVZlB2OJQoCeizHaEIke4gLKBu993M9y78%2FmzREQ0KgV1vvYuRfaKd1eNmO0SRV1ogUSH81Kgs05B6IoMhVKT4w7TwrTxbp%2FQ2iMn1qdaM1viWqCGwU1siX1ZIegdsZIo1sjlWnbsTcjefS6Pj3RtIU6lROCEB6QAgiS1WJabPNVEO7waQAXksTDyQHUY2wqyAfRzb44KOjG0poBVHSJ1fq5iJGt%2Fs2ROyG2r1yuKaZ4GSAmh5BaCjz8%3D%22%7D&prevSearchId=1765686709859674781&loginPromo=1
568,"Phục vụ tốt, nhân viên nhiệt tình",Castaways Resort Phu Quoc,https://www.traveloka.com/en-vn/hotel/detail?spec=13-05-2023.14-05-2023.1.1.HOTEL.1000000553965.Castaways%20Resort%20Phu%20Quoc.1&contexts=%7B%22inventoryRateKey%22%3A%22povEwB3ZzsU2C6pd%2B6MdUwKh3BcjHsHvQbV0EUcyDRFM0tKsNUio4Rxug1zOzHJilcvZa8YdqqIySdppe7dolTIewZlxfjiOGz6oXLTucMvN0%2BgQ3yZPvZcoHwUFNN%2BZpcr%2F%2FNa8o9ElfN8zOYhzzZeg0X586laFpeUViPi9rxB%2Be0wwKJKwSaTpNT3tnzgvmhLDdV0WLeT%2FFKfQ0QL8LH02Dvlx%2F8PjYogEE5yzx6g6yOKyKeIDf7jO3GM45O1o1hmSkmz3HiZNSbS8gXb3CDW9nmlhkqLKa4lLkAkZpAG5JCAR4KEzOF9HzUvNfgOnqr5Ov2QSm2AvCfOdBe9Oy%2Fvnzag3zLIuKsio2qc%2FE%2BKC0I%2B4MpT6AtjonGvWhSFYeOjRTl6ytxGba%2F42pjcyyVc4KxuembJV6Yiv2h%2FCVOHi42A4Bx%2BAVZlB2OJQoCeizHaEIke4gLKBu993M9y78%2FmzREQ0KgV1vvYuRfaKd1eNmO0SRV1ogUSH81Kgs05B6IoMhVKT4w7TwrTxbp%2FQ2iMn1qdaM1viWqCGwU1siX1ZIegdsZIo1sjlWnbsTcjefS6Pj3RtIU6lROCEB6QAgiS1WJabPNVEO7waQAXksTDyQHUY2wqyAfRzb44KOjG0poBVHSJ1fq5iJGt%2Fs2ROyG2r1yuKaZ4GSAmh5BaCjz8%3D%22%7D&prevSearchId=1765686709859674781&loginPromo=1
569,Khách sạn khá gần trung tâm đi đâu cũng tiện. Thái độ phục vụ rất tốt. Không gian rất trong lành. Mình có đặt phòng và phòng bị hỏng điều hoà vẫn được đổi lên phòng rộng và đẹp hơn nhưng không phải mất thêm 1 chi phí nào. Nếu có dịp trở lại Phú Quốc vẫn sẽ chọn Homestead.,Castaways Resort Phu Quoc,https://www.traveloka.com/en-vn/hotel/detail?spec=13-05-2023.14-05-2023.1.1.HOTEL.1000000553965.Castaways%20Resort%20Phu%20Quoc.1&contexts=%7B%22inventoryRateKey%22%3A%22povEwB3ZzsU2C6pd%2B6MdUwKh3BcjHsHvQbV0EUcyDRFM0tKsNUio4Rxug1zOzHJilcvZa8YdqqIySdppe7dolTIewZlxfjiOGz6oXLTucMvN0%2BgQ3yZPvZcoHwUFNN%2BZpcr%2F%2FNa8o9ElfN8zOYhzzZeg0X586laFpeUViPi9rxB%2Be0wwKJKwSaTpNT3tnzgvmhLDdV0WLeT%2FFKfQ0QL8LH02Dvlx%2F8PjYogEE5yzx6g6yOKyKeIDf7jO3GM45O1o1hmSkmz3HiZNSbS8gXb3CDW9nmlhkqLKa4lLkAkZpAG5JCAR4KEzOF9HzUvNfgOnqr5Ov2QSm2AvCfOdBe9Oy%2Fvnzag3zLIuKsio2qc%2FE%2BKC0I%2B4MpT6AtjonGvWhSFYeOjRTl6ytxGba%2F42pjcyyVc4KxuembJV6Yiv2h%2FCVOHi42A4Bx%2BAVZlB2OJQoCeizHaEIke4gLKBu993M9y78%2FmzREQ0KgV1vvYuRfaKd1eNmO0SRV1ogUSH81Kgs05B6IoMhVKT4w7TwrTxbp%2FQ2iMn1qdaM1viWqCGwU1siX1ZIegdsZIo1sjlWnbsTcjefS6Pj3RtIU6lROCEB6QAgiS1WJabPNVEO7waQAXksTDyQHUY2wqyAfRzb44KOjG0poBVHSJ1fq5iJGt%2Fs2ROyG2r1yuKaZ4GSAmh5BaCjz8%3D%22%7D&prevSearchId=1765686709859674781&loginPromo=1
570,"Bữa sáng tuy không nhiều món nhưng khá ổn, riêng mẹ mình thì khá hợp khẩu vị với các món ăn ở đây. Phòng ốc ổn, tuy nhiên còn vương cát và bụi dưới sàn, đi chân không thì chắc chắn phải rửa chân lại. Dịp lại lưu lại ở đây 1 đêm, mình bỏ quên chai dầu tràm của em bé, hôm sau có quay lại hỏi nhưng vẫn không tìm lại được. Còn lại nhìn chung ok, hợp lý với giá tiền, đi bộ ra biển không quá xa, nhìu của hàng tiện lợi và cây ATM bên cạnh resort. Mình sẽ giới thiệu cho bạn bè nếu họ có nhu cầu resort giá bình dân tại Phú Quốc.",Castaways Resort Phu Quoc,https://www.traveloka.com/en-vn/hotel/detail?spec=13-05-2023.14-05-2023.1.1.HOTEL.1000000553965.Castaways%20Resort%20Phu%20Quoc.1&contexts=%7B%22inventoryRateKey%22%3A%22povEwB3ZzsU2C6pd%2B6MdUwKh3BcjHsHvQbV0EUcyDRFM0tKsNUio4Rxug1zOzHJilcvZa8YdqqIySdppe7dolTIewZlxfjiOGz6oXLTucMvN0%2BgQ3yZPvZcoHwUFNN%2BZpcr%2F%2FNa8o9ElfN8zOYhzzZeg0X586laFpeUViPi9rxB%2Be0wwKJKwSaTpNT3tnzgvmhLDdV0WLeT%2FFKfQ0QL8LH02Dvlx%2F8PjYogEE5yzx6g6yOKyKeIDf7jO3GM45O1o1hmSkmz3HiZNSbS8gXb3CDW9nmlhkqLKa4lLkAkZpAG5JCAR4KEzOF9HzUvNfgOnqr5Ov2QSm2AvCfOdBe9Oy%2Fvnzag3zLIuKsio2qc%2FE%2BKC0I%2B4MpT6AtjonGvWhSFYeOjRTl6ytxGba%2F42pjcyyVc4KxuembJV6Yiv2h%2FCVOHi42A4Bx%2BAVZlB2OJQoCeizHaEIke4gLKBu993M9y78%2FmzREQ0KgV1vvYuRfaKd1eNmO0SRV1ogUSH81Kgs05B6IoMhVKT4w7TwrTxbp%2FQ2iMn1qdaM1viWqCGwU1siX1ZIegdsZIo1sjlWnbsTcjefS6Pj3RtIU6lROCEB6QAgiS1WJabPNVEO7waQAXksTDyQHUY2wqyAfRzb44KOjG0poBVHSJ1fq5iJGt%2Fs2ROyG2r1yuKaZ4GSAmh5BaCjz8%3D%22%7D&prevSearchId=1765686709859674781&loginPromo=1
571,"Không gian rộng rãi thoáng mát và dịch vụ khách sạn cung cấp rất tốt, từ dịch vụ đưa tiễn sân bay cho đến check in, nhân viên rất dễ thương Bữa ăn sáng ngon miệng",Castaways Resort Phu Quoc,https://www.traveloka.com/en-vn/hotel/detail?spec=13-05-2023.14-05-2023.1.1.HOTEL.1000000553965.Castaways%20Resort%20Phu%20Quoc.1&contexts=%7B%22inventoryRateKey%22%3A%22povEwB3ZzsU2C6pd%2B6MdUwKh3BcjHsHvQbV0EUcyDRFM0tKsNUio4Rxug1zOzHJilcvZa8YdqqIySdppe7dolTIewZlxfjiOGz6oXLTucMvN0%2BgQ3yZPvZcoHwUFNN%2BZpcr%2F%2FNa8o9ElfN8zOYhzzZeg0X586laFpeUViPi9rxB%2Be0wwKJKwSaTpNT3tnzgvmhLDdV0WLeT%2FFKfQ0QL8LH02Dvlx%2F8PjYogEE5yzx6g6yOKyKeIDf7jO3GM45O1o1hmSkmz3HiZNSbS8gXb3CDW9nmlhkqLKa4lLkAkZpAG5JCAR4KEzOF9HzUvNfgOnqr5Ov2QSm2AvCfOdBe9Oy%2Fvnzag3zLIuKsio2qc%2FE%2BKC0I%2B4MpT6AtjonGvWhSFYeOjRTl6ytxGba%2F42pjcyyVc4KxuembJV6Yiv2h%2FCVOHi42A4Bx%2BAVZlB2OJQoCeizHaEIke4gLKBu993M9y78%2FmzREQ0KgV1vvYuRfaKd1eNmO0SRV1ogUSH81Kgs05B6IoMhVKT4w7TwrTxbp%2FQ2iMn1qdaM1viWqCGwU1siX1ZIegdsZIo1sjlWnbsTcjefS6Pj3RtIU6lROCEB6QAgiS1WJabPNVEO7waQAXksTDyQHUY2wqyAfRzb44KOjG0poBVHSJ1fq5iJGt%2Fs2ROyG2r1yuKaZ4GSAmh5BaCjz8%3D%22%7D&prevSearchId=1765686709859674781&loginPromo=1
572,"Phòng thoáng, sạch sẽ. Bể bơi tuy hơi nhỏ nhưng sạch. Buffet sáng khá ổn với giá phòng đó ở Phú Quốc. Nước nóng dùng năng lượng mặt trời nên đôi khi hơi khó sử dụng. Chỉ có 1 việc, mình là người Bắc, nên khi trao đổi với các bạn lễ tân có 1 hiểu lầm nhỏ, nhưng sau đó đã được giải quyết nhanh gọn",Castaways Resort Phu Quoc,https://www.traveloka.com/en-vn/hotel/detail?spec=13-05-2023.14-05-2023.1.1.HOTEL.1000000553965.Castaways%20Resort%20Phu%20Quoc.1&contexts=%7B%22inventoryRateKey%22%3A%22povEwB3ZzsU2C6pd%2B6MdUwKh3BcjHsHvQbV0EUcyDRFM0tKsNUio4Rxug1zOzHJilcvZa8YdqqIySdppe7dolTIewZlxfjiOGz6oXLTucMvN0%2BgQ3yZPvZcoHwUFNN%2BZpcr%2F%2FNa8o9ElfN8zOYhzzZeg0X586laFpeUViPi9rxB%2Be0wwKJKwSaTpNT3tnzgvmhLDdV0WLeT%2FFKfQ0QL8LH02Dvlx%2F8PjYogEE5yzx6g6yOKyKeIDf7jO3GM45O1o1hmSkmz3HiZNSbS8gXb3CDW9nmlhkqLKa4lLkAkZpAG5JCAR4KEzOF9HzUvNfgOnqr5Ov2QSm2AvCfOdBe9Oy%2Fvnzag3zLIuKsio2qc%2FE%2BKC0I%2B4MpT6AtjonGvWhSFYeOjRTl6ytxGba%2F42pjcyyVc4KxuembJV6Yiv2h%2FCVOHi42A4Bx%2BAVZlB2OJQoCeizHaEIke4gLKBu993M9y78%2FmzREQ0KgV1vvYuRfaKd1eNmO0SRV1ogUSH81Kgs05B6IoMhVKT4w7TwrTxbp%2FQ2iMn1qdaM1viWqCGwU1siX1ZIegdsZIo1sjlWnbsTcjefS6Pj3RtIU6lROCEB6QAgiS1WJabPNVEO7waQAXksTDyQHUY2wqyAfRzb44KOjG0poBVHSJ1fq5iJGt%2Fs2ROyG2r1yuKaZ4GSAmh5BaCjz8%3D%22%7D&prevSearchId=1765686709859674781&loginPromo=1
573,Phòng không sạch.. Dọn phòng hành ngày quá bẩn,Castaways Resort Phu Quoc,https://www.traveloka.com/en-vn/hotel/detail?spec=13-05-2023.14-05-2023.1.1.HOTEL.1000000553965.Castaways%20Resort%20Phu%20Quoc.1&contexts=%7B%22inventoryRateKey%22%3A%22povEwB3ZzsU2C6pd%2B6MdUwKh3BcjHsHvQbV0EUcyDRFM0tKsNUio4Rxug1zOzHJilcvZa8YdqqIySdppe7dolTIewZlxfjiOGz6oXLTucMvN0%2BgQ3yZPvZcoHwUFNN%2BZpcr%2F%2FNa8o9ElfN8zOYhzzZeg0X586laFpeUViPi9rxB%2Be0wwKJKwSaTpNT3tnzgvmhLDdV0WLeT%2FFKfQ0QL8LH02Dvlx%2F8PjYogEE5yzx6g6yOKyKeIDf7jO3GM45O1o1hmSkmz3HiZNSbS8gXb3CDW9nmlhkqLKa4lLkAkZpAG5JCAR4KEzOF9HzUvNfgOnqr5Ov2QSm2AvCfOdBe9Oy%2Fvnzag3zLIuKsio2qc%2FE%2BKC0I%2B4MpT6AtjonGvWhSFYeOjRTl6ytxGba%2F42pjcyyVc4KxuembJV6Yiv2h%2FCVOHi42A4Bx%2BAVZlB2OJQoCeizHaEIke4gLKBu993M9y78%2FmzREQ0KgV1vvYuRfaKd1eNmO0SRV1ogUSH81Kgs05B6IoMhVKT4w7TwrTxbp%2FQ2iMn1qdaM1viWqCGwU1siX1ZIegdsZIo1sjlWnbsTcjefS6Pj3RtIU6lROCEB6QAgiS1WJabPNVEO7waQAXksTDyQHUY2wqyAfRzb44KOjG0poBVHSJ1fq5iJGt%2Fs2ROyG2r1yuKaZ4GSAmh5BaCjz8%3D%22%7D&prevSearchId=1765686709859674781&loginPromo=1
574,Rất đáng tiền bỏ ra. Không gian rộng rãi thoáng mát. Bữa ăn sáng đa dạng ngon miệng,Castaways Resort Phu Quoc,https://www.traveloka.com/en-vn/hotel/detail?spec=13-05-2023.14-05-2023.1.1.HOTEL.1000000553965.Castaways%20Resort%20Phu%20Quoc.1&contexts=%7B%22inventoryRateKey%22%3A%22povEwB3ZzsU2C6pd%2B6MdUwKh3BcjHsHvQbV0EUcyDRFM0tKsNUio4Rxug1zOzHJilcvZa8YdqqIySdppe7dolTIewZlxfjiOGz6oXLTucMvN0%2BgQ3yZPvZcoHwUFNN%2BZpcr%2F%2FNa8o9ElfN8zOYhzzZeg0X586laFpeUViPi9rxB%2Be0wwKJKwSaTpNT3tnzgvmhLDdV0WLeT%2FFKfQ0QL8LH02Dvlx%2F8PjYogEE5yzx6g6yOKyKeIDf7jO3GM45O1o1hmSkmz3HiZNSbS8gXb3CDW9nmlhkqLKa4lLkAkZpAG5JCAR4KEzOF9HzUvNfgOnqr5Ov2QSm2AvCfOdBe9Oy%2Fvnzag3zLIuKsio2qc%2FE%2BKC0I%2B4MpT6AtjonGvWhSFYeOjRTl6ytxGba%2F42pjcyyVc4KxuembJV6Yiv2h%2FCVOHi42A4Bx%2BAVZlB2OJQoCeizHaEIke4gLKBu993M9y78%2FmzREQ0KgV1vvYuRfaKd1eNmO0SRV1ogUSH81Kgs05B6IoMhVKT4w7TwrTxbp%2FQ2iMn1qdaM1viWqCGwU1siX1ZIegdsZIo1sjlWnbsTcjefS6Pj3RtIU6lROCEB6QAgiS1WJabPNVEO7waQAXksTDyQHUY2wqyAfRzb44KOjG0poBVHSJ1fq5iJGt%2Fs2ROyG2r1yuKaZ4GSAmh5BaCjz8%3D%22%7D&prevSearchId=1765686709859674781&loginPromo=1
575,"Khách sạn cung cấp dịch vụ tốt, nhân viên dễ thương thân thiện. Bữa ăn sáng đa dạng ngon miệng. Không gian khách sạn rộng lớn",Castaways Resort Phu Quoc,https://www.traveloka.com/en-vn/hotel/detail?spec=13-05-2023.14-05-2023.1.1.HOTEL.1000000553965.Castaways%20Resort%20Phu%20Quoc.1&contexts=%7B%22inventoryRateKey%22%3A%22povEwB3ZzsU2C6pd%2B6MdUwKh3BcjHsHvQbV0EUcyDRFM0tKsNUio4Rxug1zOzHJilcvZa8YdqqIySdppe7dolTIewZlxfjiOGz6oXLTucMvN0%2BgQ3yZPvZcoHwUFNN%2BZpcr%2F%2FNa8o9ElfN8zOYhzzZeg0X586laFpeUViPi9rxB%2Be0wwKJKwSaTpNT3tnzgvmhLDdV0WLeT%2FFKfQ0QL8LH02Dvlx%2F8PjYogEE5yzx6g6yOKyKeIDf7jO3GM45O1o1hmSkmz3HiZNSbS8gXb3CDW9nmlhkqLKa4lLkAkZpAG5JCAR4KEzOF9HzUvNfgOnqr5Ov2QSm2AvCfOdBe9Oy%2Fvnzag3zLIuKsio2qc%2FE%2BKC0I%2B4MpT6AtjonGvWhSFYeOjRTl6ytxGba%2F42pjcyyVc4KxuembJV6Yiv2h%2FCVOHi42A4Bx%2BAVZlB2OJQoCeizHaEIke4gLKBu993M9y78%2FmzREQ0KgV1vvYuRfaKd1eNmO0SRV1ogUSH81Kgs05B6IoMhVKT4w7TwrTxbp%2FQ2iMn1qdaM1viWqCGwU1siX1ZIegdsZIo1sjlWnbsTcjefS6Pj3RtIU6lROCEB6QAgiS1WJabPNVEO7waQAXksTDyQHUY2wqyAfRzb44KOjG0poBVHSJ1fq5iJGt%2Fs2ROyG2r1yuKaZ4GSAmh5BaCjz8%3D%22%7D&prevSearchId=1765686709859674781&loginPromo=1
576,"Có nhiều muỗi. Nhân viên tháu độ dịch vụ không tốt: không nhớ thông tin của khách, khách hỏi thì khó chịu, không chủ động câph nhật thông tin cho khách. Đồ ăn sángko thay đổi món, chế biến không ngon",Castaways Resort Phu Quoc,https://www.traveloka.com/en-vn/hotel/detail?spec=13-05-2023.14-05-2023.1.1.HOTEL.1000000553965.Castaways%20Resort%20Phu%20Quoc.1&contexts=%7B%22inventoryRateKey%22%3A%22povEwB3ZzsU2C6pd%2B6MdUwKh3BcjHsHvQbV0EUcyDRFM0tKsNUio4Rxug1zOzHJilcvZa8YdqqIySdppe7dolTIewZlxfjiOGz6oXLTucMvN0%2BgQ3yZPvZcoHwUFNN%2BZpcr%2F%2FNa8o9ElfN8zOYhzzZeg0X586laFpeUViPi9rxB%2Be0wwKJKwSaTpNT3tnzgvmhLDdV0WLeT%2FFKfQ0QL8LH02Dvlx%2F8PjYogEE5yzx6g6yOKyKeIDf7jO3GM45O1o1hmSkmz3HiZNSbS8gXb3CDW9nmlhkqLKa4lLkAkZpAG5JCAR4KEzOF9HzUvNfgOnqr5Ov2QSm2AvCfOdBe9Oy%2Fvnzag3zLIuKsio2qc%2FE%2BKC0I%2B4MpT6AtjonGvWhSFYeOjRTl6ytxGba%2F42pjcyyVc4KxuembJV6Yiv2h%2FCVOHi42A4Bx%2BAVZlB2OJQoCeizHaEIke4gLKBu993M9y78%2FmzREQ0KgV1vvYuRfaKd1eNmO0SRV1ogUSH81Kgs05B6IoMhVKT4w7TwrTxbp%2FQ2iMn1qdaM1viWqCGwU1siX1ZIegdsZIo1sjlWnbsTcjefS6Pj3RtIU6lROCEB6QAgiS1WJabPNVEO7waQAXksTDyQHUY2wqyAfRzb44KOjG0poBVHSJ1fq5iJGt%2Fs2ROyG2r1yuKaZ4GSAmh5BaCjz8%3D%22%7D&prevSearchId=1765686709859674781&loginPromo=1
577,Tôi thấy khách sạn tuyệt vòi Rất đáng tiền bỏ ra Không gian rộng rãi thoáng mát Ngay điểm đón của Bus Vinper safari và Hòn Thơm Thuận tiện Gần bờ biển,Castaways Resort Phu Quoc,https://www.traveloka.com/en-vn/hotel/detail?spec=13-05-2023.14-05-2023.1.1.HOTEL.1000000553965.Castaways%20Resort%20Phu%20Quoc.1&contexts=%7B%22inventoryRateKey%22%3A%22povEwB3ZzsU2C6pd%2B6MdUwKh3BcjHsHvQbV0EUcyDRFM0tKsNUio4Rxug1zOzHJilcvZa8YdqqIySdppe7dolTIewZlxfjiOGz6oXLTucMvN0%2BgQ3yZPvZcoHwUFNN%2BZpcr%2F%2FNa8o9ElfN8zOYhzzZeg0X586laFpeUViPi9rxB%2Be0wwKJKwSaTpNT3tnzgvmhLDdV0WLeT%2FFKfQ0QL8LH02Dvlx%2F8PjYogEE5yzx6g6yOKyKeIDf7jO3GM45O1o1hmSkmz3HiZNSbS8gXb3CDW9nmlhkqLKa4lLkAkZpAG5JCAR4KEzOF9HzUvNfgOnqr5Ov2QSm2AvCfOdBe9Oy%2Fvnzag3zLIuKsio2qc%2FE%2BKC0I%2B4MpT6AtjonGvWhSFYeOjRTl6ytxGba%2F42pjcyyVc4KxuembJV6Yiv2h%2FCVOHi42A4Bx%2BAVZlB2OJQoCeizHaEIke4gLKBu993M9y78%2FmzREQ0KgV1vvYuRfaKd1eNmO0SRV1ogUSH81Kgs05B6IoMhVKT4w7TwrTxbp%2FQ2iMn1qdaM1viWqCGwU1siX1ZIegdsZIo1sjlWnbsTcjefS6Pj3RtIU6lROCEB6QAgiS1WJabPNVEO7waQAXksTDyQHUY2wqyAfRzb44KOjG0poBVHSJ1fq5iJGt%2Fs2ROyG2r1yuKaZ4GSAmh5BaCjz8%3D%22%7D&prevSearchId=1765686709859674781&loginPromo=1
578,Nhân viên vui vẻ dễ thương. Rất đáng tiền bỏ ra Không gian rộng rãi. Gần bờ biển,Castaways Resort Phu Quoc,https://www.traveloka.com/en-vn/hotel/detail?spec=13-05-2023.14-05-2023.1.1.HOTEL.1000000553965.Castaways%20Resort%20Phu%20Quoc.1&contexts=%7B%22inventoryRateKey%22%3A%22povEwB3ZzsU2C6pd%2B6MdUwKh3BcjHsHvQbV0EUcyDRFM0tKsNUio4Rxug1zOzHJilcvZa8YdqqIySdppe7dolTIewZlxfjiOGz6oXLTucMvN0%2BgQ3yZPvZcoHwUFNN%2BZpcr%2F%2FNa8o9ElfN8zOYhzzZeg0X586laFpeUViPi9rxB%2Be0wwKJKwSaTpNT3tnzgvmhLDdV0WLeT%2FFKfQ0QL8LH02Dvlx%2F8PjYogEE5yzx6g6yOKyKeIDf7jO3GM45O1o1hmSkmz3HiZNSbS8gXb3CDW9nmlhkqLKa4lLkAkZpAG5JCAR4KEzOF9HzUvNfgOnqr5Ov2QSm2AvCfOdBe9Oy%2Fvnzag3zLIuKsio2qc%2FE%2BKC0I%2B4MpT6AtjonGvWhSFYeOjRTl6ytxGba%2F42pjcyyVc4KxuembJV6Yiv2h%2FCVOHi42A4Bx%2BAVZlB2OJQoCeizHaEIke4gLKBu993M9y78%2FmzREQ0KgV1vvYuRfaKd1eNmO0SRV1ogUSH81Kgs05B6IoMhVKT4w7TwrTxbp%2FQ2iMn1qdaM1viWqCGwU1siX1ZIegdsZIo1sjlWnbsTcjefS6Pj3RtIU6lROCEB6QAgiS1WJabPNVEO7waQAXksTDyQHUY2wqyAfRzb44KOjG0poBVHSJ1fq5iJGt%2Fs2ROyG2r1yuKaZ4GSAmh5BaCjz8%3D%22%7D&prevSearchId=1765686709859674781&loginPromo=1
579,Khách sạn rộng rãi có không gian đẹp. Phù hợp với giá tiền. Nhân viên dễ thương,Castaways Resort Phu Quoc,https://www.traveloka.com/en-vn/hotel/detail?spec=13-05-2023.14-05-2023.1.1.HOTEL.1000000553965.Castaways%20Resort%20Phu%20Quoc.1&contexts=%7B%22inventoryRateKey%22%3A%22povEwB3ZzsU2C6pd%2B6MdUwKh3BcjHsHvQbV0EUcyDRFM0tKsNUio4Rxug1zOzHJilcvZa8YdqqIySdppe7dolTIewZlxfjiOGz6oXLTucMvN0%2BgQ3yZPvZcoHwUFNN%2BZpcr%2F%2FNa8o9ElfN8zOYhzzZeg0X586laFpeUViPi9rxB%2Be0wwKJKwSaTpNT3tnzgvmhLDdV0WLeT%2FFKfQ0QL8LH02Dvlx%2F8PjYogEE5yzx6g6yOKyKeIDf7jO3GM45O1o1hmSkmz3HiZNSbS8gXb3CDW9nmlhkqLKa4lLkAkZpAG5JCAR4KEzOF9HzUvNfgOnqr5Ov2QSm2AvCfOdBe9Oy%2Fvnzag3zLIuKsio2qc%2FE%2BKC0I%2B4MpT6AtjonGvWhSFYeOjRTl6ytxGba%2F42pjcyyVc4KxuembJV6Yiv2h%2FCVOHi42A4Bx%2BAVZlB2OJQoCeizHaEIke4gLKBu993M9y78%2FmzREQ0KgV1vvYuRfaKd1eNmO0SRV1ogUSH81Kgs05B6IoMhVKT4w7TwrTxbp%2FQ2iMn1qdaM1viWqCGwU1siX1ZIegdsZIo1sjlWnbsTcjefS6Pj3RtIU6lROCEB6QAgiS1WJabPNVEO7waQAXksTDyQHUY2wqyAfRzb44KOjG0poBVHSJ1fq5iJGt%2Fs2ROyG2r1yuKaZ4GSAmh5BaCjz8%3D%22%7D&prevSearchId=1765686709859674781&loginPromo=1
580,"Tôi hài lòng với dịch vụ khách sạn cung cấp, phù hợp với giá tiền, không gian khách sạn rộng rãi Ngoại cảnh đẹp",Castaways Resort Phu Quoc,https://www.traveloka.com/en-vn/hotel/detail?spec=13-05-2023.14-05-2023.1.1.HOTEL.1000000553965.Castaways%20Resort%20Phu%20Quoc.1&contexts=%7B%22inventoryRateKey%22%3A%22povEwB3ZzsU2C6pd%2B6MdUwKh3BcjHsHvQbV0EUcyDRFM0tKsNUio4Rxug1zOzHJilcvZa8YdqqIySdppe7dolTIewZlxfjiOGz6oXLTucMvN0%2BgQ3yZPvZcoHwUFNN%2BZpcr%2F%2FNa8o9ElfN8zOYhzzZeg0X586laFpeUViPi9rxB%2Be0wwKJKwSaTpNT3tnzgvmhLDdV0WLeT%2FFKfQ0QL8LH02Dvlx%2F8PjYogEE5yzx6g6yOKyKeIDf7jO3GM45O1o1hmSkmz3HiZNSbS8gXb3CDW9nmlhkqLKa4lLkAkZpAG5JCAR4KEzOF9HzUvNfgOnqr5Ov2QSm2AvCfOdBe9Oy%2Fvnzag3zLIuKsio2qc%2FE%2BKC0I%2B4MpT6AtjonGvWhSFYeOjRTl6ytxGba%2F42pjcyyVc4KxuembJV6Yiv2h%2FCVOHi42A4Bx%2BAVZlB2OJQoCeizHaEIke4gLKBu993M9y78%2FmzREQ0KgV1vvYuRfaKd1eNmO0SRV1ogUSH81Kgs05B6IoMhVKT4w7TwrTxbp%2FQ2iMn1qdaM1viWqCGwU1siX1ZIegdsZIo1sjlWnbsTcjefS6Pj3RtIU6lROCEB6QAgiS1WJabPNVEO7waQAXksTDyQHUY2wqyAfRzb44KOjG0poBVHSJ1fq5iJGt%2Fs2ROyG2r1yuKaZ4GSAmh5BaCjz8%3D%22%7D&prevSearchId=1765686709859674781&loginPromo=1
581,"Không gian rộng rãi thoải mái, cực kì thích hợp nghỉ dưỡng. Đồ đạc sạch sẽ, phục vụ thay đồ khá hài lòng. Nhà mình đi chơi nhiều không ở và tiếp xúc với nhân viên nên thấy khá ok nhưng lúc tiếp xúc. Vị trí ngay thị trấn thuận tiện",Castaways Resort Phu Quoc,https://www.traveloka.com/en-vn/hotel/detail?spec=13-05-2023.14-05-2023.1.1.HOTEL.1000000553965.Castaways%20Resort%20Phu%20Quoc.1&contexts=%7B%22inventoryRateKey%22%3A%22povEwB3ZzsU2C6pd%2B6MdUwKh3BcjHsHvQbV0EUcyDRFM0tKsNUio4Rxug1zOzHJilcvZa8YdqqIySdppe7dolTIewZlxfjiOGz6oXLTucMvN0%2BgQ3yZPvZcoHwUFNN%2BZpcr%2F%2FNa8o9ElfN8zOYhzzZeg0X586laFpeUViPi9rxB%2Be0wwKJKwSaTpNT3tnzgvmhLDdV0WLeT%2FFKfQ0QL8LH02Dvlx%2F8PjYogEE5yzx6g6yOKyKeIDf7jO3GM45O1o1hmSkmz3HiZNSbS8gXb3CDW9nmlhkqLKa4lLkAkZpAG5JCAR4KEzOF9HzUvNfgOnqr5Ov2QSm2AvCfOdBe9Oy%2Fvnzag3zLIuKsio2qc%2FE%2BKC0I%2B4MpT6AtjonGvWhSFYeOjRTl6ytxGba%2F42pjcyyVc4KxuembJV6Yiv2h%2FCVOHi42A4Bx%2BAVZlB2OJQoCeizHaEIke4gLKBu993M9y78%2FmzREQ0KgV1vvYuRfaKd1eNmO0SRV1ogUSH81Kgs05B6IoMhVKT4w7TwrTxbp%2FQ2iMn1qdaM1viWqCGwU1siX1ZIegdsZIo1sjlWnbsTcjefS6Pj3RtIU6lROCEB6QAgiS1WJabPNVEO7waQAXksTDyQHUY2wqyAfRzb44KOjG0poBVHSJ1fq5iJGt%2Fs2ROyG2r1yuKaZ4GSAmh5BaCjz8%3D%22%7D&prevSearchId=1765686709859674781&loginPromo=1
582,Khách sạn đẹp sạch sẽ. Nhiên viên nhiệt tình,Castaways Resort Phu Quoc,https://www.traveloka.com/en-vn/hotel/detail?spec=13-05-2023.14-05-2023.1.1.HOTEL.1000000553965.Castaways%20Resort%20Phu%20Quoc.1&contexts=%7B%22inventoryRateKey%22%3A%22povEwB3ZzsU2C6pd%2B6MdUwKh3BcjHsHvQbV0EUcyDRFM0tKsNUio4Rxug1zOzHJilcvZa8YdqqIySdppe7dolTIewZlxfjiOGz6oXLTucMvN0%2BgQ3yZPvZcoHwUFNN%2BZpcr%2F%2FNa8o9ElfN8zOYhzzZeg0X586laFpeUViPi9rxB%2Be0wwKJKwSaTpNT3tnzgvmhLDdV0WLeT%2FFKfQ0QL8LH02Dvlx%2F8PjYogEE5yzx6g6yOKyKeIDf7jO3GM45O1o1hmSkmz3HiZNSbS8gXb3CDW9nmlhkqLKa4lLkAkZpAG5JCAR4KEzOF9HzUvNfgOnqr5Ov2QSm2AvCfOdBe9Oy%2Fvnzag3zLIuKsio2qc%2FE%2BKC0I%2B4MpT6AtjonGvWhSFYeOjRTl6ytxGba%2F42pjcyyVc4KxuembJV6Yiv2h%2FCVOHi42A4Bx%2BAVZlB2OJQoCeizHaEIke4gLKBu993M9y78%2FmzREQ0KgV1vvYuRfaKd1eNmO0SRV1ogUSH81Kgs05B6IoMhVKT4w7TwrTxbp%2FQ2iMn1qdaM1viWqCGwU1siX1ZIegdsZIo1sjlWnbsTcjefS6Pj3RtIU6lROCEB6QAgiS1WJabPNVEO7waQAXksTDyQHUY2wqyAfRzb44KOjG0poBVHSJ1fq5iJGt%2Fs2ROyG2r1yuKaZ4GSAmh5BaCjz8%3D%22%7D&prevSearchId=1765686709859674781&loginPromo=1
583,"Máy lạnh bị hư nên nóng cả đêm không ngủ được, xin quạt nhầm cái quạt cũng bị hư thế là chịu thua. Những mặt khác thì tạm ổn. Riêng chú bảo vệ thì khó chịu quá!",Castaways Resort Phu Quoc,https://www.traveloka.com/en-vn/hotel/detail?spec=13-05-2023.14-05-2023.1.1.HOTEL.1000000553965.Castaways%20Resort%20Phu%20Quoc.1&contexts=%7B%22inventoryRateKey%22%3A%22povEwB3ZzsU2C6pd%2B6MdUwKh3BcjHsHvQbV0EUcyDRFM0tKsNUio4Rxug1zOzHJilcvZa8YdqqIySdppe7dolTIewZlxfjiOGz6oXLTucMvN0%2BgQ3yZPvZcoHwUFNN%2BZpcr%2F%2FNa8o9ElfN8zOYhzzZeg0X586laFpeUViPi9rxB%2Be0wwKJKwSaTpNT3tnzgvmhLDdV0WLeT%2FFKfQ0QL8LH02Dvlx%2F8PjYogEE5yzx6g6yOKyKeIDf7jO3GM45O1o1hmSkmz3HiZNSbS8gXb3CDW9nmlhkqLKa4lLkAkZpAG5JCAR4KEzOF9HzUvNfgOnqr5Ov2QSm2AvCfOdBe9Oy%2Fvnzag3zLIuKsio2qc%2FE%2BKC0I%2B4MpT6AtjonGvWhSFYeOjRTl6ytxGba%2F42pjcyyVc4KxuembJV6Yiv2h%2FCVOHi42A4Bx%2BAVZlB2OJQoCeizHaEIke4gLKBu993M9y78%2FmzREQ0KgV1vvYuRfaKd1eNmO0SRV1ogUSH81Kgs05B6IoMhVKT4w7TwrTxbp%2FQ2iMn1qdaM1viWqCGwU1siX1ZIegdsZIo1sjlWnbsTcjefS6Pj3RtIU6lROCEB6QAgiS1WJabPNVEO7waQAXksTDyQHUY2wqyAfRzb44KOjG0poBVHSJ1fq5iJGt%2Fs2ROyG2r1yuKaZ4GSAmh5BaCjz8%3D%22%7D&prevSearchId=1765686709859674781&loginPromo=1
584,"Resort ở gần trung tâm thị trấn Dương Đông, có buffet ăn sáng ăn khá ngon, phòng ốc sạch sẽ, không gian sân vườn thoáng đãng, có 2 hồ bơi. Cách private beach đi bộ khoảng 500m, nhân viên thân thiện. Resort cũng là 1 trạm của shuttle bus lên Vinpearl, rất tiện. Sẽ quay lại khi có dịp.",Castaways Resort Phu Quoc,https://www.traveloka.com/en-vn/hotel/detail?spec=13-05-2023.14-05-2023.1.1.HOTEL.1000000553965.Castaways%20Resort%20Phu%20Quoc.1&contexts=%7B%22inventoryRateKey%22%3A%22povEwB3ZzsU2C6pd%2B6MdUwKh3BcjHsHvQbV0EUcyDRFM0tKsNUio4Rxug1zOzHJilcvZa8YdqqIySdppe7dolTIewZlxfjiOGz6oXLTucMvN0%2BgQ3yZPvZcoHwUFNN%2BZpcr%2F%2FNa8o9ElfN8zOYhzzZeg0X586laFpeUViPi9rxB%2Be0wwKJKwSaTpNT3tnzgvmhLDdV0WLeT%2FFKfQ0QL8LH02Dvlx%2F8PjYogEE5yzx6g6yOKyKeIDf7jO3GM45O1o1hmSkmz3HiZNSbS8gXb3CDW9nmlhkqLKa4lLkAkZpAG5JCAR4KEzOF9HzUvNfgOnqr5Ov2QSm2AvCfOdBe9Oy%2Fvnzag3zLIuKsio2qc%2FE%2BKC0I%2B4MpT6AtjonGvWhSFYeOjRTl6ytxGba%2F42pjcyyVc4KxuembJV6Yiv2h%2FCVOHi42A4Bx%2BAVZlB2OJQoCeizHaEIke4gLKBu993M9y78%2FmzREQ0KgV1vvYuRfaKd1eNmO0SRV1ogUSH81Kgs05B6IoMhVKT4w7TwrTxbp%2FQ2iMn1qdaM1viWqCGwU1siX1ZIegdsZIo1sjlWnbsTcjefS6Pj3RtIU6lROCEB6QAgiS1WJabPNVEO7waQAXksTDyQHUY2wqyAfRzb44KOjG0poBVHSJ1fq5iJGt%2Fs2ROyG2r1yuKaZ4GSAmh5BaCjz8%3D%22%7D&prevSearchId=1765686709859674781&loginPromo=1
585,"không đáp ứng được yêu cầu giặt đồ, đồ ăn sáng rất tệ",Castaways Resort Phu Quoc,https://www.traveloka.com/en-vn/hotel/detail?spec=13-05-2023.14-05-2023.1.1.HOTEL.1000000553965.Castaways%20Resort%20Phu%20Quoc.1&contexts=%7B%22inventoryRateKey%22%3A%22povEwB3ZzsU2C6pd%2B6MdUwKh3BcjHsHvQbV0EUcyDRFM0tKsNUio4Rxug1zOzHJilcvZa8YdqqIySdppe7dolTIewZlxfjiOGz6oXLTucMvN0%2BgQ3yZPvZcoHwUFNN%2BZpcr%2F%2FNa8o9ElfN8zOYhzzZeg0X586laFpeUViPi9rxB%2Be0wwKJKwSaTpNT3tnzgvmhLDdV0WLeT%2FFKfQ0QL8LH02Dvlx%2F8PjYogEE5yzx6g6yOKyKeIDf7jO3GM45O1o1hmSkmz3HiZNSbS8gXb3CDW9nmlhkqLKa4lLkAkZpAG5JCAR4KEzOF9HzUvNfgOnqr5Ov2QSm2AvCfOdBe9Oy%2Fvnzag3zLIuKsio2qc%2FE%2BKC0I%2B4MpT6AtjonGvWhSFYeOjRTl6ytxGba%2F42pjcyyVc4KxuembJV6Yiv2h%2FCVOHi42A4Bx%2BAVZlB2OJQoCeizHaEIke4gLKBu993M9y78%2FmzREQ0KgV1vvYuRfaKd1eNmO0SRV1ogUSH81Kgs05B6IoMhVKT4w7TwrTxbp%2FQ2iMn1qdaM1viWqCGwU1siX1ZIegdsZIo1sjlWnbsTcjefS6Pj3RtIU6lROCEB6QAgiS1WJabPNVEO7waQAXksTDyQHUY2wqyAfRzb44KOjG0poBVHSJ1fq5iJGt%2Fs2ROyG2r1yuKaZ4GSAmh5BaCjz8%3D%22%7D&prevSearchId=1765686709859674781&loginPromo=1
586,"Vị trí khách sạn trung tâm, phù hợp cho di chuyển tại nhiều địa điểm, phòng sạch sẽ, nhân viên thân thiện, không gian thoáng mát. Tuy nhiên mình ở 3 ngày nhưng chỉ để dầu tắm và dầu gội mỗi hôm đầu tiên đến, mặc dù gia đình mình có mang thêm đồ nhà đi dùng nên khi hết cũng không hỏi thêm lễ tân. Khách nên chú ý thêm về điểm này. Sẽ còn quay lại nếu có dịp",Castaways Resort Phu Quoc,https://www.traveloka.com/en-vn/hotel/detail?spec=13-05-2023.14-05-2023.1.1.HOTEL.1000000553965.Castaways%20Resort%20Phu%20Quoc.1&contexts=%7B%22inventoryRateKey%22%3A%22povEwB3ZzsU2C6pd%2B6MdUwKh3BcjHsHvQbV0EUcyDRFM0tKsNUio4Rxug1zOzHJilcvZa8YdqqIySdppe7dolTIewZlxfjiOGz6oXLTucMvN0%2BgQ3yZPvZcoHwUFNN%2BZpcr%2F%2FNa8o9ElfN8zOYhzzZeg0X586laFpeUViPi9rxB%2Be0wwKJKwSaTpNT3tnzgvmhLDdV0WLeT%2FFKfQ0QL8LH02Dvlx%2F8PjYogEE5yzx6g6yOKyKeIDf7jO3GM45O1o1hmSkmz3HiZNSbS8gXb3CDW9nmlhkqLKa4lLkAkZpAG5JCAR4KEzOF9HzUvNfgOnqr5Ov2QSm2AvCfOdBe9Oy%2Fvnzag3zLIuKsio2qc%2FE%2BKC0I%2B4MpT6AtjonGvWhSFYeOjRTl6ytxGba%2F42pjcyyVc4KxuembJV6Yiv2h%2FCVOHi42A4Bx%2BAVZlB2OJQoCeizHaEIke4gLKBu993M9y78%2FmzREQ0KgV1vvYuRfaKd1eNmO0SRV1ogUSH81Kgs05B6IoMhVKT4w7TwrTxbp%2FQ2iMn1qdaM1viWqCGwU1siX1ZIegdsZIo1sjlWnbsTcjefS6Pj3RtIU6lROCEB6QAgiS1WJabPNVEO7waQAXksTDyQHUY2wqyAfRzb44KOjG0poBVHSJ1fq5iJGt%2Fs2ROyG2r1yuKaZ4GSAmh5BaCjz8%3D%22%7D&prevSearchId=1765686709859674781&loginPromo=1
587,"Đồ ăn sáng được, phòng hơi có mùi (nghĩ nhiều do nước lau nhà không sạch), nhân viên thân thiện, hỗ trợ tiền taxi khi đi từ sân bay ngoài giờ làm việc, vị trí có thể đi bộ ra tắm biển",Castaways Resort Phu Quoc,https://www.traveloka.com/en-vn/hotel/detail?spec=13-05-2023.14-05-2023.1.1.HOTEL.1000000553965.Castaways%20Resort%20Phu%20Quoc.1&contexts=%7B%22inventoryRateKey%22%3A%22povEwB3ZzsU2C6pd%2B6MdUwKh3BcjHsHvQbV0EUcyDRFM0tKsNUio4Rxug1zOzHJilcvZa8YdqqIySdppe7dolTIewZlxfjiOGz6oXLTucMvN0%2BgQ3yZPvZcoHwUFNN%2BZpcr%2F%2FNa8o9ElfN8zOYhzzZeg0X586laFpeUViPi9rxB%2Be0wwKJKwSaTpNT3tnzgvmhLDdV0WLeT%2FFKfQ0QL8LH02Dvlx%2F8PjYogEE5yzx6g6yOKyKeIDf7jO3GM45O1o1hmSkmz3HiZNSbS8gXb3CDW9nmlhkqLKa4lLkAkZpAG5JCAR4KEzOF9HzUvNfgOnqr5Ov2QSm2AvCfOdBe9Oy%2Fvnzag3zLIuKsio2qc%2FE%2BKC0I%2B4MpT6AtjonGvWhSFYeOjRTl6ytxGba%2F42pjcyyVc4KxuembJV6Yiv2h%2FCVOHi42A4Bx%2BAVZlB2OJQoCeizHaEIke4gLKBu993M9y78%2FmzREQ0KgV1vvYuRfaKd1eNmO0SRV1ogUSH81Kgs05B6IoMhVKT4w7TwrTxbp%2FQ2iMn1qdaM1viWqCGwU1siX1ZIegdsZIo1sjlWnbsTcjefS6Pj3RtIU6lROCEB6QAgiS1WJabPNVEO7waQAXksTDyQHUY2wqyAfRzb44KOjG0poBVHSJ1fq5iJGt%2Fs2ROyG2r1yuKaZ4GSAmh5BaCjz8%3D%22%7D&prevSearchId=1765686709859674781&loginPromo=1
588,"Vị trí thuận lợi kế bên văn phòng Johnstour có thể đặt tour dễ dàng, thêm sân ngắm biển trên dốc rất đẹp, đặt biệt là lúc mặt trời lặn",Castaways Resort Phu Quoc,https://www.traveloka.com/en-vn/hotel/detail?spec=13-05-2023.14-05-2023.1.1.HOTEL.1000000553965.Castaways%20Resort%20Phu%20Quoc.1&contexts=%7B%22inventoryRateKey%22%3A%22povEwB3ZzsU2C6pd%2B6MdUwKh3BcjHsHvQbV0EUcyDRFM0tKsNUio4Rxug1zOzHJilcvZa8YdqqIySdppe7dolTIewZlxfjiOGz6oXLTucMvN0%2BgQ3yZPvZcoHwUFNN%2BZpcr%2F%2FNa8o9ElfN8zOYhzzZeg0X586laFpeUViPi9rxB%2Be0wwKJKwSaTpNT3tnzgvmhLDdV0WLeT%2FFKfQ0QL8LH02Dvlx%2F8PjYogEE5yzx6g6yOKyKeIDf7jO3GM45O1o1hmSkmz3HiZNSbS8gXb3CDW9nmlhkqLKa4lLkAkZpAG5JCAR4KEzOF9HzUvNfgOnqr5Ov2QSm2AvCfOdBe9Oy%2Fvnzag3zLIuKsio2qc%2FE%2BKC0I%2B4MpT6AtjonGvWhSFYeOjRTl6ytxGba%2F42pjcyyVc4KxuembJV6Yiv2h%2FCVOHi42A4Bx%2BAVZlB2OJQoCeizHaEIke4gLKBu993M9y78%2FmzREQ0KgV1vvYuRfaKd1eNmO0SRV1ogUSH81Kgs05B6IoMhVKT4w7TwrTxbp%2FQ2iMn1qdaM1viWqCGwU1siX1ZIegdsZIo1sjlWnbsTcjefS6Pj3RtIU6lROCEB6QAgiS1WJabPNVEO7waQAXksTDyQHUY2wqyAfRzb44KOjG0poBVHSJ1fq5iJGt%2Fs2ROyG2r1yuKaZ4GSAmh5BaCjz8%3D%22%7D&prevSearchId=1765686709859674781&loginPromo=1
589,ở dãy G là ok nhất. có dip tôi sẽ quay lại,Castaways Resort Phu Quoc,https://www.traveloka.com/en-vn/hotel/detail?spec=13-05-2023.14-05-2023.1.1.HOTEL.1000000553965.Castaways%20Resort%20Phu%20Quoc.1&contexts=%7B%22inventoryRateKey%22%3A%22povEwB3ZzsU2C6pd%2B6MdUwKh3BcjHsHvQbV0EUcyDRFM0tKsNUio4Rxug1zOzHJilcvZa8YdqqIySdppe7dolTIewZlxfjiOGz6oXLTucMvN0%2BgQ3yZPvZcoHwUFNN%2BZpcr%2F%2FNa8o9ElfN8zOYhzzZeg0X586laFpeUViPi9rxB%2Be0wwKJKwSaTpNT3tnzgvmhLDdV0WLeT%2FFKfQ0QL8LH02Dvlx%2F8PjYogEE5yzx6g6yOKyKeIDf7jO3GM45O1o1hmSkmz3HiZNSbS8gXb3CDW9nmlhkqLKa4lLkAkZpAG5JCAR4KEzOF9HzUvNfgOnqr5Ov2QSm2AvCfOdBe9Oy%2Fvnzag3zLIuKsio2qc%2FE%2BKC0I%2B4MpT6AtjonGvWhSFYeOjRTl6ytxGba%2F42pjcyyVc4KxuembJV6Yiv2h%2FCVOHi42A4Bx%2BAVZlB2OJQoCeizHaEIke4gLKBu993M9y78%2FmzREQ0KgV1vvYuRfaKd1eNmO0SRV1ogUSH81Kgs05B6IoMhVKT4w7TwrTxbp%2FQ2iMn1qdaM1viWqCGwU1siX1ZIegdsZIo1sjlWnbsTcjefS6Pj3RtIU6lROCEB6QAgiS1WJabPNVEO7waQAXksTDyQHUY2wqyAfRzb44KOjG0poBVHSJ1fq5iJGt%2Fs2ROyG2r1yuKaZ4GSAmh5BaCjz8%3D%22%7D&prevSearchId=1765686709859674781&loginPromo=1
590,"Nhiều muỗi, sử dụng nước nóng mặt trời nên những hôm mưa không đủ dùng! Có em bé thì không nên ở đây! Nếu không thì có thể oke, phòng dọn cẩn thận! Bữa sáng ăn quá tệ, hầu như không thể ăn được!",Castaways Resort Phu Quoc,https://www.traveloka.com/en-vn/hotel/detail?spec=13-05-2023.14-05-2023.1.1.HOTEL.1000000553965.Castaways%20Resort%20Phu%20Quoc.1&contexts=%7B%22inventoryRateKey%22%3A%22povEwB3ZzsU2C6pd%2B6MdUwKh3BcjHsHvQbV0EUcyDRFM0tKsNUio4Rxug1zOzHJilcvZa8YdqqIySdppe7dolTIewZlxfjiOGz6oXLTucMvN0%2BgQ3yZPvZcoHwUFNN%2BZpcr%2F%2FNa8o9ElfN8zOYhzzZeg0X586laFpeUViPi9rxB%2Be0wwKJKwSaTpNT3tnzgvmhLDdV0WLeT%2FFKfQ0QL8LH02Dvlx%2F8PjYogEE5yzx6g6yOKyKeIDf7jO3GM45O1o1hmSkmz3HiZNSbS8gXb3CDW9nmlhkqLKa4lLkAkZpAG5JCAR4KEzOF9HzUvNfgOnqr5Ov2QSm2AvCfOdBe9Oy%2Fvnzag3zLIuKsio2qc%2FE%2BKC0I%2B4MpT6AtjonGvWhSFYeOjRTl6ytxGba%2F42pjcyyVc4KxuembJV6Yiv2h%2FCVOHi42A4Bx%2BAVZlB2OJQoCeizHaEIke4gLKBu993M9y78%2FmzREQ0KgV1vvYuRfaKd1eNmO0SRV1ogUSH81Kgs05B6IoMhVKT4w7TwrTxbp%2FQ2iMn1qdaM1viWqCGwU1siX1ZIegdsZIo1sjlWnbsTcjefS6Pj3RtIU6lROCEB6QAgiS1WJabPNVEO7waQAXksTDyQHUY2wqyAfRzb44KOjG0poBVHSJ1fq5iJGt%2Fs2ROyG2r1yuKaZ4GSAmh5BaCjz8%3D%22%7D&prevSearchId=1765686709859674781&loginPromo=1
591,Resort sạch đẹp - nhân viên chu đáo - gần trung tâm,Castaways Resort Phu Quoc,https://www.traveloka.com/en-vn/hotel/detail?spec=13-05-2023.14-05-2023.1.1.HOTEL.1000000553965.Castaways%20Resort%20Phu%20Quoc.1&contexts=%7B%22inventoryRateKey%22%3A%22povEwB3ZzsU2C6pd%2B6MdUwKh3BcjHsHvQbV0EUcyDRFM0tKsNUio4Rxug1zOzHJilcvZa8YdqqIySdppe7dolTIewZlxfjiOGz6oXLTucMvN0%2BgQ3yZPvZcoHwUFNN%2BZpcr%2F%2FNa8o9ElfN8zOYhzzZeg0X586laFpeUViPi9rxB%2Be0wwKJKwSaTpNT3tnzgvmhLDdV0WLeT%2FFKfQ0QL8LH02Dvlx%2F8PjYogEE5yzx6g6yOKyKeIDf7jO3GM45O1o1hmSkmz3HiZNSbS8gXb3CDW9nmlhkqLKa4lLkAkZpAG5JCAR4KEzOF9HzUvNfgOnqr5Ov2QSm2AvCfOdBe9Oy%2Fvnzag3zLIuKsio2qc%2FE%2BKC0I%2B4MpT6AtjonGvWhSFYeOjRTl6ytxGba%2F42pjcyyVc4KxuembJV6Yiv2h%2FCVOHi42A4Bx%2BAVZlB2OJQoCeizHaEIke4gLKBu993M9y78%2FmzREQ0KgV1vvYuRfaKd1eNmO0SRV1ogUSH81Kgs05B6IoMhVKT4w7TwrTxbp%2FQ2iMn1qdaM1viWqCGwU1siX1ZIegdsZIo1sjlWnbsTcjefS6Pj3RtIU6lROCEB6QAgiS1WJabPNVEO7waQAXksTDyQHUY2wqyAfRzb44KOjG0poBVHSJ1fq5iJGt%2Fs2ROyG2r1yuKaZ4GSAmh5BaCjz8%3D%22%7D&prevSearchId=1765686709859674781&loginPromo=1
592,"Ok nhé. Ở phòng riêng. Phố tây. Đến sớm nhận phòng sớm, lúc về cũng ở lại phòng muộn chút ko vấn đề. Giá cả hợp lý. Gần biển",Castaways Resort Phu Quoc,https://www.traveloka.com/en-vn/hotel/detail?spec=13-05-2023.14-05-2023.1.1.HOTEL.1000000553965.Castaways%20Resort%20Phu%20Quoc.1&contexts=%7B%22inventoryRateKey%22%3A%22povEwB3ZzsU2C6pd%2B6MdUwKh3BcjHsHvQbV0EUcyDRFM0tKsNUio4Rxug1zOzHJilcvZa8YdqqIySdppe7dolTIewZlxfjiOGz6oXLTucMvN0%2BgQ3yZPvZcoHwUFNN%2BZpcr%2F%2FNa8o9ElfN8zOYhzzZeg0X586laFpeUViPi9rxB%2Be0wwKJKwSaTpNT3tnzgvmhLDdV0WLeT%2FFKfQ0QL8LH02Dvlx%2F8PjYogEE5yzx6g6yOKyKeIDf7jO3GM45O1o1hmSkmz3HiZNSbS8gXb3CDW9nmlhkqLKa4lLkAkZpAG5JCAR4KEzOF9HzUvNfgOnqr5Ov2QSm2AvCfOdBe9Oy%2Fvnzag3zLIuKsio2qc%2FE%2BKC0I%2B4MpT6AtjonGvWhSFYeOjRTl6ytxGba%2F42pjcyyVc4KxuembJV6Yiv2h%2FCVOHi42A4Bx%2BAVZlB2OJQoCeizHaEIke4gLKBu993M9y78%2FmzREQ0KgV1vvYuRfaKd1eNmO0SRV1ogUSH81Kgs05B6IoMhVKT4w7TwrTxbp%2FQ2iMn1qdaM1viWqCGwU1siX1ZIegdsZIo1sjlWnbsTcjefS6Pj3RtIU6lROCEB6QAgiS1WJabPNVEO7waQAXksTDyQHUY2wqyAfRzb44KOjG0poBVHSJ1fq5iJGt%2Fs2ROyG2r1yuKaZ4GSAmh5BaCjz8%3D%22%7D&prevSearchId=1765686709859674781&loginPromo=1
593,"Khách sạn sạch sẽ thoáng mát, đồ ăn hơi ít món, nếu có dịp tôi sẽ quay trở lại.",Castaways Resort Phu Quoc,https://www.traveloka.com/en-vn/hotel/detail?spec=13-05-2023.14-05-2023.1.1.HOTEL.1000000553965.Castaways%20Resort%20Phu%20Quoc.1&contexts=%7B%22inventoryRateKey%22%3A%22povEwB3ZzsU2C6pd%2B6MdUwKh3BcjHsHvQbV0EUcyDRFM0tKsNUio4Rxug1zOzHJilcvZa8YdqqIySdppe7dolTIewZlxfjiOGz6oXLTucMvN0%2BgQ3yZPvZcoHwUFNN%2BZpcr%2F%2FNa8o9ElfN8zOYhzzZeg0X586laFpeUViPi9rxB%2Be0wwKJKwSaTpNT3tnzgvmhLDdV0WLeT%2FFKfQ0QL8LH02Dvlx%2F8PjYogEE5yzx6g6yOKyKeIDf7jO3GM45O1o1hmSkmz3HiZNSbS8gXb3CDW9nmlhkqLKa4lLkAkZpAG5JCAR4KEzOF9HzUvNfgOnqr5Ov2QSm2AvCfOdBe9Oy%2Fvnzag3zLIuKsio2qc%2FE%2BKC0I%2B4MpT6AtjonGvWhSFYeOjRTl6ytxGba%2F42pjcyyVc4KxuembJV6Yiv2h%2FCVOHi42A4Bx%2BAVZlB2OJQoCeizHaEIke4gLKBu993M9y78%2FmzREQ0KgV1vvYuRfaKd1eNmO0SRV1ogUSH81Kgs05B6IoMhVKT4w7TwrTxbp%2FQ2iMn1qdaM1viWqCGwU1siX1ZIegdsZIo1sjlWnbsTcjefS6Pj3RtIU6lROCEB6QAgiS1WJabPNVEO7waQAXksTDyQHUY2wqyAfRzb44KOjG0poBVHSJ1fq5iJGt%2Fs2ROyG2r1yuKaZ4GSAmh5BaCjz8%3D%22%7D&prevSearchId=1765686709859674781&loginPromo=1
594,"chúng tôi đã có một kỳ nghỉ tại Homestead Phu Quoc Resort tuyệt vời, ngoại trừ bữa ăn sáng có quá ít sự lựa chọn.",Castaways Resort Phu Quoc,https://www.traveloka.com/en-vn/hotel/detail?spec=13-05-2023.14-05-2023.1.1.HOTEL.1000000553965.Castaways%20Resort%20Phu%20Quoc.1&contexts=%7B%22inventoryRateKey%22%3A%22povEwB3ZzsU2C6pd%2B6MdUwKh3BcjHsHvQbV0EUcyDRFM0tKsNUio4Rxug1zOzHJilcvZa8YdqqIySdppe7dolTIewZlxfjiOGz6oXLTucMvN0%2BgQ3yZPvZcoHwUFNN%2BZpcr%2F%2FNa8o9ElfN8zOYhzzZeg0X586laFpeUViPi9rxB%2Be0wwKJKwSaTpNT3tnzgvmhLDdV0WLeT%2FFKfQ0QL8LH02Dvlx%2F8PjYogEE5yzx6g6yOKyKeIDf7jO3GM45O1o1hmSkmz3HiZNSbS8gXb3CDW9nmlhkqLKa4lLkAkZpAG5JCAR4KEzOF9HzUvNfgOnqr5Ov2QSm2AvCfOdBe9Oy%2Fvnzag3zLIuKsio2qc%2FE%2BKC0I%2B4MpT6AtjonGvWhSFYeOjRTl6ytxGba%2F42pjcyyVc4KxuembJV6Yiv2h%2FCVOHi42A4Bx%2BAVZlB2OJQoCeizHaEIke4gLKBu993M9y78%2FmzREQ0KgV1vvYuRfaKd1eNmO0SRV1ogUSH81Kgs05B6IoMhVKT4w7TwrTxbp%2FQ2iMn1qdaM1viWqCGwU1siX1ZIegdsZIo1sjlWnbsTcjefS6Pj3RtIU6lROCEB6QAgiS1WJabPNVEO7waQAXksTDyQHUY2wqyAfRzb44KOjG0poBVHSJ1fq5iJGt%2Fs2ROyG2r1yuKaZ4GSAmh5BaCjz8%3D%22%7D&prevSearchId=1765686709859674781&loginPromo=1
595,Mọi thứ ổn. Phòng và vị trí tốt,Castaways Resort Phu Quoc,https://www.traveloka.com/en-vn/hotel/detail?spec=13-05-2023.14-05-2023.1.1.HOTEL.1000000553965.Castaways%20Resort%20Phu%20Quoc.1&contexts=%7B%22inventoryRateKey%22%3A%22povEwB3ZzsU2C6pd%2B6MdUwKh3BcjHsHvQbV0EUcyDRFM0tKsNUio4Rxug1zOzHJilcvZa8YdqqIySdppe7dolTIewZlxfjiOGz6oXLTucMvN0%2BgQ3yZPvZcoHwUFNN%2BZpcr%2F%2FNa8o9ElfN8zOYhzzZeg0X586laFpeUViPi9rxB%2Be0wwKJKwSaTpNT3tnzgvmhLDdV0WLeT%2FFKfQ0QL8LH02Dvlx%2F8PjYogEE5yzx6g6yOKyKeIDf7jO3GM45O1o1hmSkmz3HiZNSbS8gXb3CDW9nmlhkqLKa4lLkAkZpAG5JCAR4KEzOF9HzUvNfgOnqr5Ov2QSm2AvCfOdBe9Oy%2Fvnzag3zLIuKsio2qc%2FE%2BKC0I%2B4MpT6AtjonGvWhSFYeOjRTl6ytxGba%2F42pjcyyVc4KxuembJV6Yiv2h%2FCVOHi42A4Bx%2BAVZlB2OJQoCeizHaEIke4gLKBu993M9y78%2FmzREQ0KgV1vvYuRfaKd1eNmO0SRV1ogUSH81Kgs05B6IoMhVKT4w7TwrTxbp%2FQ2iMn1qdaM1viWqCGwU1siX1ZIegdsZIo1sjlWnbsTcjefS6Pj3RtIU6lROCEB6QAgiS1WJabPNVEO7waQAXksTDyQHUY2wqyAfRzb44KOjG0poBVHSJ1fq5iJGt%2Fs2ROyG2r1yuKaZ4GSAmh5BaCjz8%3D%22%7D&prevSearchId=1765686709859674781&loginPromo=1
596,Kỳ nghỉ vui vẻ. Mọi thứ ổn. Phòng sạch sẽ,Castaways Resort Phu Quoc,https://www.traveloka.com/en-vn/hotel/detail?spec=13-05-2023.14-05-2023.1.1.HOTEL.1000000553965.Castaways%20Resort%20Phu%20Quoc.1&contexts=%7B%22inventoryRateKey%22%3A%22povEwB3ZzsU2C6pd%2B6MdUwKh3BcjHsHvQbV0EUcyDRFM0tKsNUio4Rxug1zOzHJilcvZa8YdqqIySdppe7dolTIewZlxfjiOGz6oXLTucMvN0%2BgQ3yZPvZcoHwUFNN%2BZpcr%2F%2FNa8o9ElfN8zOYhzzZeg0X586laFpeUViPi9rxB%2Be0wwKJKwSaTpNT3tnzgvmhLDdV0WLeT%2FFKfQ0QL8LH02Dvlx%2F8PjYogEE5yzx6g6yOKyKeIDf7jO3GM45O1o1hmSkmz3HiZNSbS8gXb3CDW9nmlhkqLKa4lLkAkZpAG5JCAR4KEzOF9HzUvNfgOnqr5Ov2QSm2AvCfOdBe9Oy%2Fvnzag3zLIuKsio2qc%2FE%2BKC0I%2B4MpT6AtjonGvWhSFYeOjRTl6ytxGba%2F42pjcyyVc4KxuembJV6Yiv2h%2FCVOHi42A4Bx%2BAVZlB2OJQoCeizHaEIke4gLKBu993M9y78%2FmzREQ0KgV1vvYuRfaKd1eNmO0SRV1ogUSH81Kgs05B6IoMhVKT4w7TwrTxbp%2FQ2iMn1qdaM1viWqCGwU1siX1ZIegdsZIo1sjlWnbsTcjefS6Pj3RtIU6lROCEB6QAgiS1WJabPNVEO7waQAXksTDyQHUY2wqyAfRzb44KOjG0poBVHSJ1fq5iJGt%2Fs2ROyG2r1yuKaZ4GSAmh5BaCjz8%3D%22%7D&prevSearchId=1765686709859674781&loginPromo=1
597,,Castaways Resort Phu Quoc,https://www.traveloka.com/en-vn/hotel/detail?spec=13-05-2023.14-05-2023.1.1.HOTEL.1000000553965.Castaways%20Resort%20Phu%20Quoc.1&contexts=%7B%22inventoryRateKey%22%3A%22povEwB3ZzsU2C6pd%2B6MdUwKh3BcjHsHvQbV0EUcyDRFM0tKsNUio4Rxug1zOzHJilcvZa8YdqqIySdppe7dolTIewZlxfjiOGz6oXLTucMvN0%2BgQ3yZPvZcoHwUFNN%2BZpcr%2F%2FNa8o9ElfN8zOYhzzZeg0X586laFpeUViPi9rxB%2Be0wwKJKwSaTpNT3tnzgvmhLDdV0WLeT%2FFKfQ0QL8LH02Dvlx%2F8PjYogEE5yzx6g6yOKyKeIDf7jO3GM45O1o1hmSkmz3HiZNSbS8gXb3CDW9nmlhkqLKa4lLkAkZpAG5JCAR4KEzOF9HzUvNfgOnqr5Ov2QSm2AvCfOdBe9Oy%2Fvnzag3zLIuKsio2qc%2FE%2BKC0I%2B4MpT6AtjonGvWhSFYeOjRTl6ytxGba%2F42pjcyyVc4KxuembJV6Yiv2h%2FCVOHi42A4Bx%2BAVZlB2OJQoCeizHaEIke4gLKBu993M9y78%2FmzREQ0KgV1vvYuRfaKd1eNmO0SRV1ogUSH81Kgs05B6IoMhVKT4w7TwrTxbp%2FQ2iMn1qdaM1viWqCGwU1siX1ZIegdsZIo1sjlWnbsTcjefS6Pj3RtIU6lROCEB6QAgiS1WJabPNVEO7waQAXksTDyQHUY2wqyAfRzb44KOjG0poBVHSJ1fq5iJGt%2Fs2ROyG2r1yuKaZ4GSAmh5BaCjz8%3D%22%7D&prevSearchId=1765686709859674781&loginPromo=1
598,"Lần đầu đi du lịch cùng con gái, vào đúng sinh nhật lần thứ 4 của con. Quan trọng là con gái vui là mình thấy tuyệt vời nhất. Thanks",Castaways Resort Phu Quoc,https://www.traveloka.com/en-vn/hotel/detail?spec=13-05-2023.14-05-2023.1.1.HOTEL.1000000553965.Castaways%20Resort%20Phu%20Quoc.1&contexts=%7B%22inventoryRateKey%22%3A%22povEwB3ZzsU2C6pd%2B6MdUwKh3BcjHsHvQbV0EUcyDRFM0tKsNUio4Rxug1zOzHJilcvZa8YdqqIySdppe7dolTIewZlxfjiOGz6oXLTucMvN0%2BgQ3yZPvZcoHwUFNN%2BZpcr%2F%2FNa8o9ElfN8zOYhzzZeg0X586laFpeUViPi9rxB%2Be0wwKJKwSaTpNT3tnzgvmhLDdV0WLeT%2FFKfQ0QL8LH02Dvlx%2F8PjYogEE5yzx6g6yOKyKeIDf7jO3GM45O1o1hmSkmz3HiZNSbS8gXb3CDW9nmlhkqLKa4lLkAkZpAG5JCAR4KEzOF9HzUvNfgOnqr5Ov2QSm2AvCfOdBe9Oy%2Fvnzag3zLIuKsio2qc%2FE%2BKC0I%2B4MpT6AtjonGvWhSFYeOjRTl6ytxGba%2F42pjcyyVc4KxuembJV6Yiv2h%2FCVOHi42A4Bx%2BAVZlB2OJQoCeizHaEIke4gLKBu993M9y78%2FmzREQ0KgV1vvYuRfaKd1eNmO0SRV1ogUSH81Kgs05B6IoMhVKT4w7TwrTxbp%2FQ2iMn1qdaM1viWqCGwU1siX1ZIegdsZIo1sjlWnbsTcjefS6Pj3RtIU6lROCEB6QAgiS1WJabPNVEO7waQAXksTDyQHUY2wqyAfRzb44KOjG0poBVHSJ1fq5iJGt%2Fs2ROyG2r1yuKaZ4GSAmh5BaCjz8%3D%22%7D&prevSearchId=1765686709859674781&loginPromo=1
599,"Nhân viên nhiệt tình, hỗ trợ cho khách, tuy nhiên đi trúng mùa mưa nên bên ngoài phòng hơi ẩm thấp nhiều muỗi và côn trùng",Castaways Resort Phu Quoc,https://www.traveloka.com/en-vn/hotel/detail?spec=13-05-2023.14-05-2023.1.1.HOTEL.1000000553965.Castaways%20Resort%20Phu%20Quoc.1&contexts=%7B%22inventoryRateKey%22%3A%22povEwB3ZzsU2C6pd%2B6MdUwKh3BcjHsHvQbV0EUcyDRFM0tKsNUio4Rxug1zOzHJilcvZa8YdqqIySdppe7dolTIewZlxfjiOGz6oXLTucMvN0%2BgQ3yZPvZcoHwUFNN%2BZpcr%2F%2FNa8o9ElfN8zOYhzzZeg0X586laFpeUViPi9rxB%2Be0wwKJKwSaTpNT3tnzgvmhLDdV0WLeT%2FFKfQ0QL8LH02Dvlx%2F8PjYogEE5yzx6g6yOKyKeIDf7jO3GM45O1o1hmSkmz3HiZNSbS8gXb3CDW9nmlhkqLKa4lLkAkZpAG5JCAR4KEzOF9HzUvNfgOnqr5Ov2QSm2AvCfOdBe9Oy%2Fvnzag3zLIuKsio2qc%2FE%2BKC0I%2B4MpT6AtjonGvWhSFYeOjRTl6ytxGba%2F42pjcyyVc4KxuembJV6Yiv2h%2FCVOHi42A4Bx%2BAVZlB2OJQoCeizHaEIke4gLKBu993M9y78%2FmzREQ0KgV1vvYuRfaKd1eNmO0SRV1ogUSH81Kgs05B6IoMhVKT4w7TwrTxbp%2FQ2iMn1qdaM1viWqCGwU1siX1ZIegdsZIo1sjlWnbsTcjefS6Pj3RtIU6lROCEB6QAgiS1WJabPNVEO7waQAXksTDyQHUY2wqyAfRzb44KOjG0poBVHSJ1fq5iJGt%2Fs2ROyG2r1yuKaZ4GSAmh5BaCjz8%3D%22%7D&prevSearchId=1765686709859674781&loginPromo=1
600,"Phòng muỗi, ra, mền hơi ngứa, nền nhà toilet chưa thật sự sạch.",Castaways Resort Phu Quoc,https://www.traveloka.com/en-vn/hotel/detail?spec=13-05-2023.14-05-2023.1.1.HOTEL.1000000553965.Castaways%20Resort%20Phu%20Quoc.1&contexts=%7B%22inventoryRateKey%22%3A%22povEwB3ZzsU2C6pd%2B6MdUwKh3BcjHsHvQbV0EUcyDRFM0tKsNUio4Rxug1zOzHJilcvZa8YdqqIySdppe7dolTIewZlxfjiOGz6oXLTucMvN0%2BgQ3yZPvZcoHwUFNN%2BZpcr%2F%2FNa8o9ElfN8zOYhzzZeg0X586laFpeUViPi9rxB%2Be0wwKJKwSaTpNT3tnzgvmhLDdV0WLeT%2FFKfQ0QL8LH02Dvlx%2F8PjYogEE5yzx6g6yOKyKeIDf7jO3GM45O1o1hmSkmz3HiZNSbS8gXb3CDW9nmlhkqLKa4lLkAkZpAG5JCAR4KEzOF9HzUvNfgOnqr5Ov2QSm2AvCfOdBe9Oy%2Fvnzag3zLIuKsio2qc%2FE%2BKC0I%2B4MpT6AtjonGvWhSFYeOjRTl6ytxGba%2F42pjcyyVc4KxuembJV6Yiv2h%2FCVOHi42A4Bx%2BAVZlB2OJQoCeizHaEIke4gLKBu993M9y78%2FmzREQ0KgV1vvYuRfaKd1eNmO0SRV1ogUSH81Kgs05B6IoMhVKT4w7TwrTxbp%2FQ2iMn1qdaM1viWqCGwU1siX1ZIegdsZIo1sjlWnbsTcjefS6Pj3RtIU6lROCEB6QAgiS1WJabPNVEO7waQAXksTDyQHUY2wqyAfRzb44KOjG0poBVHSJ1fq5iJGt%2Fs2ROyG2r1yuKaZ4GSAmh5BaCjz8%3D%22%7D&prevSearchId=1765686709859674781&loginPromo=1
601,"Khách sạn sạch sẽ. Nhân viên nhiệt tình và dễ thương, gia đinh mình đã đổi phòng 3 lần mà không có chút khó khăn gì. ",Castaways Resort Phu Quoc,https://www.traveloka.com/en-vn/hotel/detail?spec=13-05-2023.14-05-2023.1.1.HOTEL.1000000553965.Castaways%20Resort%20Phu%20Quoc.1&contexts=%7B%22inventoryRateKey%22%3A%22povEwB3ZzsU2C6pd%2B6MdUwKh3BcjHsHvQbV0EUcyDRFM0tKsNUio4Rxug1zOzHJilcvZa8YdqqIySdppe7dolTIewZlxfjiOGz6oXLTucMvN0%2BgQ3yZPvZcoHwUFNN%2BZpcr%2F%2FNa8o9ElfN8zOYhzzZeg0X586laFpeUViPi9rxB%2Be0wwKJKwSaTpNT3tnzgvmhLDdV0WLeT%2FFKfQ0QL8LH02Dvlx%2F8PjYogEE5yzx6g6yOKyKeIDf7jO3GM45O1o1hmSkmz3HiZNSbS8gXb3CDW9nmlhkqLKa4lLkAkZpAG5JCAR4KEzOF9HzUvNfgOnqr5Ov2QSm2AvCfOdBe9Oy%2Fvnzag3zLIuKsio2qc%2FE%2BKC0I%2B4MpT6AtjonGvWhSFYeOjRTl6ytxGba%2F42pjcyyVc4KxuembJV6Yiv2h%2FCVOHi42A4Bx%2BAVZlB2OJQoCeizHaEIke4gLKBu993M9y78%2FmzREQ0KgV1vvYuRfaKd1eNmO0SRV1ogUSH81Kgs05B6IoMhVKT4w7TwrTxbp%2FQ2iMn1qdaM1viWqCGwU1siX1ZIegdsZIo1sjlWnbsTcjefS6Pj3RtIU6lROCEB6QAgiS1WJabPNVEO7waQAXksTDyQHUY2wqyAfRzb44KOjG0poBVHSJ1fq5iJGt%2Fs2ROyG2r1yuKaZ4GSAmh5BaCjz8%3D%22%7D&prevSearchId=1765686709859674781&loginPromo=1
602,"không khí mát mẻ, gần biển, tuy nhiên hơi nhiều muỗi",Castaways Resort Phu Quoc,https://www.traveloka.com/en-vn/hotel/detail?spec=13-05-2023.14-05-2023.1.1.HOTEL.1000000553965.Castaways%20Resort%20Phu%20Quoc.1&contexts=%7B%22inventoryRateKey%22%3A%22povEwB3ZzsU2C6pd%2B6MdUwKh3BcjHsHvQbV0EUcyDRFM0tKsNUio4Rxug1zOzHJilcvZa8YdqqIySdppe7dolTIewZlxfjiOGz6oXLTucMvN0%2BgQ3yZPvZcoHwUFNN%2BZpcr%2F%2FNa8o9ElfN8zOYhzzZeg0X586laFpeUViPi9rxB%2Be0wwKJKwSaTpNT3tnzgvmhLDdV0WLeT%2FFKfQ0QL8LH02Dvlx%2F8PjYogEE5yzx6g6yOKyKeIDf7jO3GM45O1o1hmSkmz3HiZNSbS8gXb3CDW9nmlhkqLKa4lLkAkZpAG5JCAR4KEzOF9HzUvNfgOnqr5Ov2QSm2AvCfOdBe9Oy%2Fvnzag3zLIuKsio2qc%2FE%2BKC0I%2B4MpT6AtjonGvWhSFYeOjRTl6ytxGba%2F42pjcyyVc4KxuembJV6Yiv2h%2FCVOHi42A4Bx%2BAVZlB2OJQoCeizHaEIke4gLKBu993M9y78%2FmzREQ0KgV1vvYuRfaKd1eNmO0SRV1ogUSH81Kgs05B6IoMhVKT4w7TwrTxbp%2FQ2iMn1qdaM1viWqCGwU1siX1ZIegdsZIo1sjlWnbsTcjefS6Pj3RtIU6lROCEB6QAgiS1WJabPNVEO7waQAXksTDyQHUY2wqyAfRzb44KOjG0poBVHSJ1fq5iJGt%2Fs2ROyG2r1yuKaZ4GSAmh5BaCjz8%3D%22%7D&prevSearchId=1765686709859674781&loginPromo=1
603,"Nói chung tuyệt, buffet sáng thay đổi nhiều món sẽ hay hơn.",Castaways Resort Phu Quoc,https://www.traveloka.com/en-vn/hotel/detail?spec=13-05-2023.14-05-2023.1.1.HOTEL.1000000553965.Castaways%20Resort%20Phu%20Quoc.1&contexts=%7B%22inventoryRateKey%22%3A%22povEwB3ZzsU2C6pd%2B6MdUwKh3BcjHsHvQbV0EUcyDRFM0tKsNUio4Rxug1zOzHJilcvZa8YdqqIySdppe7dolTIewZlxfjiOGz6oXLTucMvN0%2BgQ3yZPvZcoHwUFNN%2BZpcr%2F%2FNa8o9ElfN8zOYhzzZeg0X586laFpeUViPi9rxB%2Be0wwKJKwSaTpNT3tnzgvmhLDdV0WLeT%2FFKfQ0QL8LH02Dvlx%2F8PjYogEE5yzx6g6yOKyKeIDf7jO3GM45O1o1hmSkmz3HiZNSbS8gXb3CDW9nmlhkqLKa4lLkAkZpAG5JCAR4KEzOF9HzUvNfgOnqr5Ov2QSm2AvCfOdBe9Oy%2Fvnzag3zLIuKsio2qc%2FE%2BKC0I%2B4MpT6AtjonGvWhSFYeOjRTl6ytxGba%2F42pjcyyVc4KxuembJV6Yiv2h%2FCVOHi42A4Bx%2BAVZlB2OJQoCeizHaEIke4gLKBu993M9y78%2FmzREQ0KgV1vvYuRfaKd1eNmO0SRV1ogUSH81Kgs05B6IoMhVKT4w7TwrTxbp%2FQ2iMn1qdaM1viWqCGwU1siX1ZIegdsZIo1sjlWnbsTcjefS6Pj3RtIU6lROCEB6QAgiS1WJabPNVEO7waQAXksTDyQHUY2wqyAfRzb44KOjG0poBVHSJ1fq5iJGt%2Fs2ROyG2r1yuKaZ4GSAmh5BaCjz8%3D%22%7D&prevSearchId=1765686709859674781&loginPromo=1
604,Nhan vien phuc vu nhiet tinh va chu dao.,Castaways Resort Phu Quoc,https://www.traveloka.com/en-vn/hotel/detail?spec=13-05-2023.14-05-2023.1.1.HOTEL.1000000553965.Castaways%20Resort%20Phu%20Quoc.1&contexts=%7B%22inventoryRateKey%22%3A%22povEwB3ZzsU2C6pd%2B6MdUwKh3BcjHsHvQbV0EUcyDRFM0tKsNUio4Rxug1zOzHJilcvZa8YdqqIySdppe7dolTIewZlxfjiOGz6oXLTucMvN0%2BgQ3yZPvZcoHwUFNN%2BZpcr%2F%2FNa8o9ElfN8zOYhzzZeg0X586laFpeUViPi9rxB%2Be0wwKJKwSaTpNT3tnzgvmhLDdV0WLeT%2FFKfQ0QL8LH02Dvlx%2F8PjYogEE5yzx6g6yOKyKeIDf7jO3GM45O1o1hmSkmz3HiZNSbS8gXb3CDW9nmlhkqLKa4lLkAkZpAG5JCAR4KEzOF9HzUvNfgOnqr5Ov2QSm2AvCfOdBe9Oy%2Fvnzag3zLIuKsio2qc%2FE%2BKC0I%2B4MpT6AtjonGvWhSFYeOjRTl6ytxGba%2F42pjcyyVc4KxuembJV6Yiv2h%2FCVOHi42A4Bx%2BAVZlB2OJQoCeizHaEIke4gLKBu993M9y78%2FmzREQ0KgV1vvYuRfaKd1eNmO0SRV1ogUSH81Kgs05B6IoMhVKT4w7TwrTxbp%2FQ2iMn1qdaM1viWqCGwU1siX1ZIegdsZIo1sjlWnbsTcjefS6Pj3RtIU6lROCEB6QAgiS1WJabPNVEO7waQAXksTDyQHUY2wqyAfRzb44KOjG0poBVHSJ1fq5iJGt%2Fs2ROyG2r1yuKaZ4GSAmh5BaCjz8%3D%22%7D&prevSearchId=1765686709859674781&loginPromo=1
605,Rất tốt - nếu có thể thì hãy tạo cho khách lưu trú “có thêm dich vụ ăn uống order về phòng“ thanks ,Castaways Resort Phu Quoc,https://www.traveloka.com/en-vn/hotel/detail?spec=13-05-2023.14-05-2023.1.1.HOTEL.1000000553965.Castaways%20Resort%20Phu%20Quoc.1&contexts=%7B%22inventoryRateKey%22%3A%22povEwB3ZzsU2C6pd%2B6MdUwKh3BcjHsHvQbV0EUcyDRFM0tKsNUio4Rxug1zOzHJilcvZa8YdqqIySdppe7dolTIewZlxfjiOGz6oXLTucMvN0%2BgQ3yZPvZcoHwUFNN%2BZpcr%2F%2FNa8o9ElfN8zOYhzzZeg0X586laFpeUViPi9rxB%2Be0wwKJKwSaTpNT3tnzgvmhLDdV0WLeT%2FFKfQ0QL8LH02Dvlx%2F8PjYogEE5yzx6g6yOKyKeIDf7jO3GM45O1o1hmSkmz3HiZNSbS8gXb3CDW9nmlhkqLKa4lLkAkZpAG5JCAR4KEzOF9HzUvNfgOnqr5Ov2QSm2AvCfOdBe9Oy%2Fvnzag3zLIuKsio2qc%2FE%2BKC0I%2B4MpT6AtjonGvWhSFYeOjRTl6ytxGba%2F42pjcyyVc4KxuembJV6Yiv2h%2FCVOHi42A4Bx%2BAVZlB2OJQoCeizHaEIke4gLKBu993M9y78%2FmzREQ0KgV1vvYuRfaKd1eNmO0SRV1ogUSH81Kgs05B6IoMhVKT4w7TwrTxbp%2FQ2iMn1qdaM1viWqCGwU1siX1ZIegdsZIo1sjlWnbsTcjefS6Pj3RtIU6lROCEB6QAgiS1WJabPNVEO7waQAXksTDyQHUY2wqyAfRzb44KOjG0poBVHSJ1fq5iJGt%2Fs2ROyG2r1yuKaZ4GSAmh5BaCjz8%3D%22%7D&prevSearchId=1765686709859674781&loginPromo=1
606,"Mình thấy ở đây khá thoải mái. Bể bơi rộng. Gần trung tâm. Có điều ăn sáng thì hơi ít món và món nước (bánh canh, bánh đa) chưa ngon",Castaways Resort Phu Quoc,https://www.traveloka.com/en-vn/hotel/detail?spec=13-05-2023.14-05-2023.1.1.HOTEL.1000000553965.Castaways%20Resort%20Phu%20Quoc.1&contexts=%7B%22inventoryRateKey%22%3A%22povEwB3ZzsU2C6pd%2B6MdUwKh3BcjHsHvQbV0EUcyDRFM0tKsNUio4Rxug1zOzHJilcvZa8YdqqIySdppe7dolTIewZlxfjiOGz6oXLTucMvN0%2BgQ3yZPvZcoHwUFNN%2BZpcr%2F%2FNa8o9ElfN8zOYhzzZeg0X586laFpeUViPi9rxB%2Be0wwKJKwSaTpNT3tnzgvmhLDdV0WLeT%2FFKfQ0QL8LH02Dvlx%2F8PjYogEE5yzx6g6yOKyKeIDf7jO3GM45O1o1hmSkmz3HiZNSbS8gXb3CDW9nmlhkqLKa4lLkAkZpAG5JCAR4KEzOF9HzUvNfgOnqr5Ov2QSm2AvCfOdBe9Oy%2Fvnzag3zLIuKsio2qc%2FE%2BKC0I%2B4MpT6AtjonGvWhSFYeOjRTl6ytxGba%2F42pjcyyVc4KxuembJV6Yiv2h%2FCVOHi42A4Bx%2BAVZlB2OJQoCeizHaEIke4gLKBu993M9y78%2FmzREQ0KgV1vvYuRfaKd1eNmO0SRV1ogUSH81Kgs05B6IoMhVKT4w7TwrTxbp%2FQ2iMn1qdaM1viWqCGwU1siX1ZIegdsZIo1sjlWnbsTcjefS6Pj3RtIU6lROCEB6QAgiS1WJabPNVEO7waQAXksTDyQHUY2wqyAfRzb44KOjG0poBVHSJ1fq5iJGt%2Fs2ROyG2r1yuKaZ4GSAmh5BaCjz8%3D%22%7D&prevSearchId=1765686709859674781&loginPromo=1
607,Phòng rất nhiều gián và muỗi. ngày thứ 3 không dọn phòng rất bẩn. tối về mình thấy phòng không có ai vào làm sạch ra báo lễ tân thì ko có ai trực ở đó. có anh làm bên cây xanh nói sẽ báo lại với anh trực ca tối. Chứ giờ không có ai dọn phòng đâu. nhân viên về hết rồi. nản quá mình bảo anh cấp cho em mấy khăn tắm với giấy vệ sinh tạm vậy 😂😂😂,Castaways Resort Phu Quoc,https://www.traveloka.com/en-vn/hotel/detail?spec=13-05-2023.14-05-2023.1.1.HOTEL.1000000553965.Castaways%20Resort%20Phu%20Quoc.1&contexts=%7B%22inventoryRateKey%22%3A%22povEwB3ZzsU2C6pd%2B6MdUwKh3BcjHsHvQbV0EUcyDRFM0tKsNUio4Rxug1zOzHJilcvZa8YdqqIySdppe7dolTIewZlxfjiOGz6oXLTucMvN0%2BgQ3yZPvZcoHwUFNN%2BZpcr%2F%2FNa8o9ElfN8zOYhzzZeg0X586laFpeUViPi9rxB%2Be0wwKJKwSaTpNT3tnzgvmhLDdV0WLeT%2FFKfQ0QL8LH02Dvlx%2F8PjYogEE5yzx6g6yOKyKeIDf7jO3GM45O1o1hmSkmz3HiZNSbS8gXb3CDW9nmlhkqLKa4lLkAkZpAG5JCAR4KEzOF9HzUvNfgOnqr5Ov2QSm2AvCfOdBe9Oy%2Fvnzag3zLIuKsio2qc%2FE%2BKC0I%2B4MpT6AtjonGvWhSFYeOjRTl6ytxGba%2F42pjcyyVc4KxuembJV6Yiv2h%2FCVOHi42A4Bx%2BAVZlB2OJQoCeizHaEIke4gLKBu993M9y78%2FmzREQ0KgV1vvYuRfaKd1eNmO0SRV1ogUSH81Kgs05B6IoMhVKT4w7TwrTxbp%2FQ2iMn1qdaM1viWqCGwU1siX1ZIegdsZIo1sjlWnbsTcjefS6Pj3RtIU6lROCEB6QAgiS1WJabPNVEO7waQAXksTDyQHUY2wqyAfRzb44KOjG0poBVHSJ1fq5iJGt%2Fs2ROyG2r1yuKaZ4GSAmh5BaCjz8%3D%22%7D&prevSearchId=1765686709859674781&loginPromo=1
608,"Nhân viên nhiệt tình. 
Khách sạn sạch. Khung cảnh thiên nhiên đẹp. 
Thanks Home Stead cho mình kỳ nghĩ tuyệt vời. ",Castaways Resort Phu Quoc,https://www.traveloka.com/en-vn/hotel/detail?spec=13-05-2023.14-05-2023.1.1.HOTEL.1000000553965.Castaways%20Resort%20Phu%20Quoc.1&contexts=%7B%22inventoryRateKey%22%3A%22povEwB3ZzsU2C6pd%2B6MdUwKh3BcjHsHvQbV0EUcyDRFM0tKsNUio4Rxug1zOzHJilcvZa8YdqqIySdppe7dolTIewZlxfjiOGz6oXLTucMvN0%2BgQ3yZPvZcoHwUFNN%2BZpcr%2F%2FNa8o9ElfN8zOYhzzZeg0X586laFpeUViPi9rxB%2Be0wwKJKwSaTpNT3tnzgvmhLDdV0WLeT%2FFKfQ0QL8LH02Dvlx%2F8PjYogEE5yzx6g6yOKyKeIDf7jO3GM45O1o1hmSkmz3HiZNSbS8gXb3CDW9nmlhkqLKa4lLkAkZpAG5JCAR4KEzOF9HzUvNfgOnqr5Ov2QSm2AvCfOdBe9Oy%2Fvnzag3zLIuKsio2qc%2FE%2BKC0I%2B4MpT6AtjonGvWhSFYeOjRTl6ytxGba%2F42pjcyyVc4KxuembJV6Yiv2h%2FCVOHi42A4Bx%2BAVZlB2OJQoCeizHaEIke4gLKBu993M9y78%2FmzREQ0KgV1vvYuRfaKd1eNmO0SRV1ogUSH81Kgs05B6IoMhVKT4w7TwrTxbp%2FQ2iMn1qdaM1viWqCGwU1siX1ZIegdsZIo1sjlWnbsTcjefS6Pj3RtIU6lROCEB6QAgiS1WJabPNVEO7waQAXksTDyQHUY2wqyAfRzb44KOjG0poBVHSJ1fq5iJGt%2Fs2ROyG2r1yuKaZ4GSAmh5BaCjz8%3D%22%7D&prevSearchId=1765686709859674781&loginPromo=1
609,Khách sạn hơi nhiều muỗi. Đồ ăn sáng chưa phong phú lắm. ,Castaways Resort Phu Quoc,https://www.traveloka.com/en-vn/hotel/detail?spec=13-05-2023.14-05-2023.1.1.HOTEL.1000000553965.Castaways%20Resort%20Phu%20Quoc.1&contexts=%7B%22inventoryRateKey%22%3A%22povEwB3ZzsU2C6pd%2B6MdUwKh3BcjHsHvQbV0EUcyDRFM0tKsNUio4Rxug1zOzHJilcvZa8YdqqIySdppe7dolTIewZlxfjiOGz6oXLTucMvN0%2BgQ3yZPvZcoHwUFNN%2BZpcr%2F%2FNa8o9ElfN8zOYhzzZeg0X586laFpeUViPi9rxB%2Be0wwKJKwSaTpNT3tnzgvmhLDdV0WLeT%2FFKfQ0QL8LH02Dvlx%2F8PjYogEE5yzx6g6yOKyKeIDf7jO3GM45O1o1hmSkmz3HiZNSbS8gXb3CDW9nmlhkqLKa4lLkAkZpAG5JCAR4KEzOF9HzUvNfgOnqr5Ov2QSm2AvCfOdBe9Oy%2Fvnzag3zLIuKsio2qc%2FE%2BKC0I%2B4MpT6AtjonGvWhSFYeOjRTl6ytxGba%2F42pjcyyVc4KxuembJV6Yiv2h%2FCVOHi42A4Bx%2BAVZlB2OJQoCeizHaEIke4gLKBu993M9y78%2FmzREQ0KgV1vvYuRfaKd1eNmO0SRV1ogUSH81Kgs05B6IoMhVKT4w7TwrTxbp%2FQ2iMn1qdaM1viWqCGwU1siX1ZIegdsZIo1sjlWnbsTcjefS6Pj3RtIU6lROCEB6QAgiS1WJabPNVEO7waQAXksTDyQHUY2wqyAfRzb44KOjG0poBVHSJ1fq5iJGt%2Fs2ROyG2r1yuKaZ4GSAmh5BaCjz8%3D%22%7D&prevSearchId=1765686709859674781&loginPromo=1
610,,SOL by Melia Phu Quoc,https://www.traveloka.com/en-vn/hotel/detail?spec=13-05-2023.14-05-2023.1.1.HOTEL.1000000626112.SOL%20by%20Melia%20Phu%20Quoc.1&contexts=%7B%22inventoryRateKey%22%3A%22povEwB3ZzsU2C6pd%2B6MdU13LUNuufACdbU0usK5vg0dM0tKsNUio4Rxug1zOzHJilcvZa8YdqqIySdppe7dolTIewZlxfjiOGz6oXLTucMvN0%2BgQ3yZPvZcoHwUFNN%2BZpcr%2F%2FNa8o9ElfN8zOYhzzZeg0X586laFpeUViPi9rxBmwBdHcCHNVGYbHYVgpznVIvEWeildVo7nbHxIWcXPVNGysXwP9P%2F6jQTjnyKeTv%2ByqYmxSenRKFEfSHS0XO3kZfZPEEhT4qTyZ4NnGlioFk6ay4RXlsebEjOdYqJCyZZxlxUTHNffO2l8jiZZrGWd1F5yTZNH82d3Ski2hEsRD2fxa3MY%2Bk28ILHsNwZ6G%2FNGOtaiV%2Bgh4YG%2FkiP9POwHR1hgSE9JVGuYmbD4FB8l0LkkIBHgoTM4X0fNS81%2BA6f4zV6DxmQzI9dGh%2BP9eA6j%2B%2BfNqDfMsi4qyKjapz8T4qQ%2BjgAtJSRmIL7WdsmYhVjSQb5voiknUxgKT%2Fom%2FJJYAUyxf%2BoM7B5yfJewzeVoU2%2FtVYQKI1lMuX%2BRaPNcBUAvSnVpp3982X8ufymNCG%2Bvqv3rBuUa%2BDAlSlNPC7rHF8TsYmOTADU69%2B%2B%2Fol8yLJTHHQhvr%2Bf5O5wjhPZDddaEMD1lhgrNFX59TpZvCV9M4rSDCIHqoFDFRnsCphC6IUw%3D%22%7D&prevSearchId=1765686709859674781&loginPromo=1
611,"Resort rất đẹp, sạch sẽ và đặc biệt là tất cả nhân viên ai cũng thân thiện, nhiệt tình hết. Mình rất ưng cách phục vụ ở đây ❤️",SOL by Melia Phu Quoc,https://www.traveloka.com/en-vn/hotel/detail?spec=13-05-2023.14-05-2023.1.1.HOTEL.1000000626112.SOL%20by%20Melia%20Phu%20Quoc.1&contexts=%7B%22inventoryRateKey%22%3A%22povEwB3ZzsU2C6pd%2B6MdU13LUNuufACdbU0usK5vg0dM0tKsNUio4Rxug1zOzHJilcvZa8YdqqIySdppe7dolTIewZlxfjiOGz6oXLTucMvN0%2BgQ3yZPvZcoHwUFNN%2BZpcr%2F%2FNa8o9ElfN8zOYhzzZeg0X586laFpeUViPi9rxBmwBdHcCHNVGYbHYVgpznVIvEWeildVo7nbHxIWcXPVNGysXwP9P%2F6jQTjnyKeTv%2ByqYmxSenRKFEfSHS0XO3kZfZPEEhT4qTyZ4NnGlioFk6ay4RXlsebEjOdYqJCyZZxlxUTHNffO2l8jiZZrGWd1F5yTZNH82d3Ski2hEsRD2fxa3MY%2Bk28ILHsNwZ6G%2FNGOtaiV%2Bgh4YG%2FkiP9POwHR1hgSE9JVGuYmbD4FB8l0LkkIBHgoTM4X0fNS81%2BA6f4zV6DxmQzI9dGh%2BP9eA6j%2B%2BfNqDfMsi4qyKjapz8T4qQ%2BjgAtJSRmIL7WdsmYhVjSQb5voiknUxgKT%2Fom%2FJJYAUyxf%2BoM7B5yfJewzeVoU2%2FtVYQKI1lMuX%2BRaPNcBUAvSnVpp3982X8ufymNCG%2Bvqv3rBuUa%2BDAlSlNPC7rHF8TsYmOTADU69%2B%2B%2Fol8yLJTHHQhvr%2Bf5O5wjhPZDddaEMD1lhgrNFX59TpZvCV9M4rSDCIHqoFDFRnsCphC6IUw%3D%22%7D&prevSearchId=1765686709859674781&loginPromo=1
612,Ăn sáng 9h10 xuống hết hầu hết đồ ăn. Báo bếp châm thêm thì báo hết rồi (mặc dù chỉ là xúc xích),SOL by Melia Phu Quoc,https://www.traveloka.com/en-vn/hotel/detail?spec=13-05-2023.14-05-2023.1.1.HOTEL.1000000626112.SOL%20by%20Melia%20Phu%20Quoc.1&contexts=%7B%22inventoryRateKey%22%3A%22povEwB3ZzsU2C6pd%2B6MdU13LUNuufACdbU0usK5vg0dM0tKsNUio4Rxug1zOzHJilcvZa8YdqqIySdppe7dolTIewZlxfjiOGz6oXLTucMvN0%2BgQ3yZPvZcoHwUFNN%2BZpcr%2F%2FNa8o9ElfN8zOYhzzZeg0X586laFpeUViPi9rxBmwBdHcCHNVGYbHYVgpznVIvEWeildVo7nbHxIWcXPVNGysXwP9P%2F6jQTjnyKeTv%2ByqYmxSenRKFEfSHS0XO3kZfZPEEhT4qTyZ4NnGlioFk6ay4RXlsebEjOdYqJCyZZxlxUTHNffO2l8jiZZrGWd1F5yTZNH82d3Ski2hEsRD2fxa3MY%2Bk28ILHsNwZ6G%2FNGOtaiV%2Bgh4YG%2FkiP9POwHR1hgSE9JVGuYmbD4FB8l0LkkIBHgoTM4X0fNS81%2BA6f4zV6DxmQzI9dGh%2BP9eA6j%2B%2BfNqDfMsi4qyKjapz8T4qQ%2BjgAtJSRmIL7WdsmYhVjSQb5voiknUxgKT%2Fom%2FJJYAUyxf%2BoM7B5yfJewzeVoU2%2FtVYQKI1lMuX%2BRaPNcBUAvSnVpp3982X8ufymNCG%2Bvqv3rBuUa%2BDAlSlNPC7rHF8TsYmOTADU69%2B%2B%2Fol8yLJTHHQhvr%2Bf5O5wjhPZDddaEMD1lhgrNFX59TpZvCV9M4rSDCIHqoFDFRnsCphC6IUw%3D%22%7D&prevSearchId=1765686709859674781&loginPromo=1
613,"Khách sạn sạch sẽ, đồ ăn sáng ổn, gần sân bay, khi nhận phòng sẽ cần đặt cọc và sẽ được hoàn trả thi trả phòng",SOL by Melia Phu Quoc,https://www.traveloka.com/en-vn/hotel/detail?spec=13-05-2023.14-05-2023.1.1.HOTEL.1000000626112.SOL%20by%20Melia%20Phu%20Quoc.1&contexts=%7B%22inventoryRateKey%22%3A%22povEwB3ZzsU2C6pd%2B6MdU13LUNuufACdbU0usK5vg0dM0tKsNUio4Rxug1zOzHJilcvZa8YdqqIySdppe7dolTIewZlxfjiOGz6oXLTucMvN0%2BgQ3yZPvZcoHwUFNN%2BZpcr%2F%2FNa8o9ElfN8zOYhzzZeg0X586laFpeUViPi9rxBmwBdHcCHNVGYbHYVgpznVIvEWeildVo7nbHxIWcXPVNGysXwP9P%2F6jQTjnyKeTv%2ByqYmxSenRKFEfSHS0XO3kZfZPEEhT4qTyZ4NnGlioFk6ay4RXlsebEjOdYqJCyZZxlxUTHNffO2l8jiZZrGWd1F5yTZNH82d3Ski2hEsRD2fxa3MY%2Bk28ILHsNwZ6G%2FNGOtaiV%2Bgh4YG%2FkiP9POwHR1hgSE9JVGuYmbD4FB8l0LkkIBHgoTM4X0fNS81%2BA6f4zV6DxmQzI9dGh%2BP9eA6j%2B%2BfNqDfMsi4qyKjapz8T4qQ%2BjgAtJSRmIL7WdsmYhVjSQb5voiknUxgKT%2Fom%2FJJYAUyxf%2BoM7B5yfJewzeVoU2%2FtVYQKI1lMuX%2BRaPNcBUAvSnVpp3982X8ufymNCG%2Bvqv3rBuUa%2BDAlSlNPC7rHF8TsYmOTADU69%2B%2B%2Fol8yLJTHHQhvr%2Bf5O5wjhPZDddaEMD1lhgrNFX59TpZvCV9M4rSDCIHqoFDFRnsCphC6IUw%3D%22%7D&prevSearchId=1765686709859674781&loginPromo=1
614,Resort tốt. Đồ ăn sáng chưa ngon lắm.,SOL by Melia Phu Quoc,https://www.traveloka.com/en-vn/hotel/detail?spec=13-05-2023.14-05-2023.1.1.HOTEL.1000000626112.SOL%20by%20Melia%20Phu%20Quoc.1&contexts=%7B%22inventoryRateKey%22%3A%22povEwB3ZzsU2C6pd%2B6MdU13LUNuufACdbU0usK5vg0dM0tKsNUio4Rxug1zOzHJilcvZa8YdqqIySdppe7dolTIewZlxfjiOGz6oXLTucMvN0%2BgQ3yZPvZcoHwUFNN%2BZpcr%2F%2FNa8o9ElfN8zOYhzzZeg0X586laFpeUViPi9rxBmwBdHcCHNVGYbHYVgpznVIvEWeildVo7nbHxIWcXPVNGysXwP9P%2F6jQTjnyKeTv%2ByqYmxSenRKFEfSHS0XO3kZfZPEEhT4qTyZ4NnGlioFk6ay4RXlsebEjOdYqJCyZZxlxUTHNffO2l8jiZZrGWd1F5yTZNH82d3Ski2hEsRD2fxa3MY%2Bk28ILHsNwZ6G%2FNGOtaiV%2Bgh4YG%2FkiP9POwHR1hgSE9JVGuYmbD4FB8l0LkkIBHgoTM4X0fNS81%2BA6f4zV6DxmQzI9dGh%2BP9eA6j%2B%2BfNqDfMsi4qyKjapz8T4qQ%2BjgAtJSRmIL7WdsmYhVjSQb5voiknUxgKT%2Fom%2FJJYAUyxf%2BoM7B5yfJewzeVoU2%2FtVYQKI1lMuX%2BRaPNcBUAvSnVpp3982X8ufymNCG%2Bvqv3rBuUa%2BDAlSlNPC7rHF8TsYmOTADU69%2B%2B%2Fol8yLJTHHQhvr%2Bf5O5wjhPZDddaEMD1lhgrNFX59TpZvCV9M4rSDCIHqoFDFRnsCphC6IUw%3D%22%7D&prevSearchId=1765686709859674781&loginPromo=1
615,"So so, đồ ăn ổn ",SOL by Melia Phu Quoc,https://www.traveloka.com/en-vn/hotel/detail?spec=13-05-2023.14-05-2023.1.1.HOTEL.1000000626112.SOL%20by%20Melia%20Phu%20Quoc.1&contexts=%7B%22inventoryRateKey%22%3A%22povEwB3ZzsU2C6pd%2B6MdU13LUNuufACdbU0usK5vg0dM0tKsNUio4Rxug1zOzHJilcvZa8YdqqIySdppe7dolTIewZlxfjiOGz6oXLTucMvN0%2BgQ3yZPvZcoHwUFNN%2BZpcr%2F%2FNa8o9ElfN8zOYhzzZeg0X586laFpeUViPi9rxBmwBdHcCHNVGYbHYVgpznVIvEWeildVo7nbHxIWcXPVNGysXwP9P%2F6jQTjnyKeTv%2ByqYmxSenRKFEfSHS0XO3kZfZPEEhT4qTyZ4NnGlioFk6ay4RXlsebEjOdYqJCyZZxlxUTHNffO2l8jiZZrGWd1F5yTZNH82d3Ski2hEsRD2fxa3MY%2Bk28ILHsNwZ6G%2FNGOtaiV%2Bgh4YG%2FkiP9POwHR1hgSE9JVGuYmbD4FB8l0LkkIBHgoTM4X0fNS81%2BA6f4zV6DxmQzI9dGh%2BP9eA6j%2B%2BfNqDfMsi4qyKjapz8T4qQ%2BjgAtJSRmIL7WdsmYhVjSQb5voiknUxgKT%2Fom%2FJJYAUyxf%2BoM7B5yfJewzeVoU2%2FtVYQKI1lMuX%2BRaPNcBUAvSnVpp3982X8ufymNCG%2Bvqv3rBuUa%2BDAlSlNPC7rHF8TsYmOTADU69%2B%2B%2Fol8yLJTHHQhvr%2Bf5O5wjhPZDddaEMD1lhgrNFX59TpZvCV9M4rSDCIHqoFDFRnsCphC6IUw%3D%22%7D&prevSearchId=1765686709859674781&loginPromo=1
616,"Buffet sáng quá tệ, không đa dạng, nhân viên phục vụ bếp thái độ không tốt, phòng cũ,tivi kh sử dụng được với mức giá này cảm thấy không xứng đáng!",SOL by Melia Phu Quoc,https://www.traveloka.com/en-vn/hotel/detail?spec=13-05-2023.14-05-2023.1.1.HOTEL.1000000626112.SOL%20by%20Melia%20Phu%20Quoc.1&contexts=%7B%22inventoryRateKey%22%3A%22povEwB3ZzsU2C6pd%2B6MdU13LUNuufACdbU0usK5vg0dM0tKsNUio4Rxug1zOzHJilcvZa8YdqqIySdppe7dolTIewZlxfjiOGz6oXLTucMvN0%2BgQ3yZPvZcoHwUFNN%2BZpcr%2F%2FNa8o9ElfN8zOYhzzZeg0X586laFpeUViPi9rxBmwBdHcCHNVGYbHYVgpznVIvEWeildVo7nbHxIWcXPVNGysXwP9P%2F6jQTjnyKeTv%2ByqYmxSenRKFEfSHS0XO3kZfZPEEhT4qTyZ4NnGlioFk6ay4RXlsebEjOdYqJCyZZxlxUTHNffO2l8jiZZrGWd1F5yTZNH82d3Ski2hEsRD2fxa3MY%2Bk28ILHsNwZ6G%2FNGOtaiV%2Bgh4YG%2FkiP9POwHR1hgSE9JVGuYmbD4FB8l0LkkIBHgoTM4X0fNS81%2BA6f4zV6DxmQzI9dGh%2BP9eA6j%2B%2BfNqDfMsi4qyKjapz8T4qQ%2BjgAtJSRmIL7WdsmYhVjSQb5voiknUxgKT%2Fom%2FJJYAUyxf%2BoM7B5yfJewzeVoU2%2FtVYQKI1lMuX%2BRaPNcBUAvSnVpp3982X8ufymNCG%2Bvqv3rBuUa%2BDAlSlNPC7rHF8TsYmOTADU69%2B%2B%2Fol8yLJTHHQhvr%2Bf5O5wjhPZDddaEMD1lhgrNFX59TpZvCV9M4rSDCIHqoFDFRnsCphC6IUw%3D%22%7D&prevSearchId=1765686709859674781&loginPromo=1
617,"tiếp tân Tú đón khách mất quá nhiều thời gian, không mời nước welcome. Tôi hỏi nhắc nhở thì không biết xin lỗi KH. Đặt 3 đêm, thanh toán trước đủ 3 đêm nhưng tiếp tân chỉ set chìa khóa 1 đêm. Đêm thứ hai đi chơi về khuya lên phòng không vào phòng được phải trở xuống sảnh nhờ kiểm tra và set chìa khóa lại mới vào phòng. Đi nghĩ dưỡng mà gặp phải tình huống ntn, quý khách sạn nghĩ ntn?",SOL by Melia Phu Quoc,https://www.traveloka.com/en-vn/hotel/detail?spec=13-05-2023.14-05-2023.1.1.HOTEL.1000000626112.SOL%20by%20Melia%20Phu%20Quoc.1&contexts=%7B%22inventoryRateKey%22%3A%22povEwB3ZzsU2C6pd%2B6MdU13LUNuufACdbU0usK5vg0dM0tKsNUio4Rxug1zOzHJilcvZa8YdqqIySdppe7dolTIewZlxfjiOGz6oXLTucMvN0%2BgQ3yZPvZcoHwUFNN%2BZpcr%2F%2FNa8o9ElfN8zOYhzzZeg0X586laFpeUViPi9rxBmwBdHcCHNVGYbHYVgpznVIvEWeildVo7nbHxIWcXPVNGysXwP9P%2F6jQTjnyKeTv%2ByqYmxSenRKFEfSHS0XO3kZfZPEEhT4qTyZ4NnGlioFk6ay4RXlsebEjOdYqJCyZZxlxUTHNffO2l8jiZZrGWd1F5yTZNH82d3Ski2hEsRD2fxa3MY%2Bk28ILHsNwZ6G%2FNGOtaiV%2Bgh4YG%2FkiP9POwHR1hgSE9JVGuYmbD4FB8l0LkkIBHgoTM4X0fNS81%2BA6f4zV6DxmQzI9dGh%2BP9eA6j%2B%2BfNqDfMsi4qyKjapz8T4qQ%2BjgAtJSRmIL7WdsmYhVjSQb5voiknUxgKT%2Fom%2FJJYAUyxf%2BoM7B5yfJewzeVoU2%2FtVYQKI1lMuX%2BRaPNcBUAvSnVpp3982X8ufymNCG%2Bvqv3rBuUa%2BDAlSlNPC7rHF8TsYmOTADU69%2B%2B%2Fol8yLJTHHQhvr%2Bf5O5wjhPZDddaEMD1lhgrNFX59TpZvCV9M4rSDCIHqoFDFRnsCphC6IUw%3D%22%7D&prevSearchId=1765686709859674781&loginPromo=1
618,"Lần sau đi sẽ tiếp tục đến Sol. Phòng tương đối ổn. nhân viên thân thiện, nhiệt tình",SOL by Melia Phu Quoc,https://www.traveloka.com/en-vn/hotel/detail?spec=13-05-2023.14-05-2023.1.1.HOTEL.1000000626112.SOL%20by%20Melia%20Phu%20Quoc.1&contexts=%7B%22inventoryRateKey%22%3A%22povEwB3ZzsU2C6pd%2B6MdU13LUNuufACdbU0usK5vg0dM0tKsNUio4Rxug1zOzHJilcvZa8YdqqIySdppe7dolTIewZlxfjiOGz6oXLTucMvN0%2BgQ3yZPvZcoHwUFNN%2BZpcr%2F%2FNa8o9ElfN8zOYhzzZeg0X586laFpeUViPi9rxBmwBdHcCHNVGYbHYVgpznVIvEWeildVo7nbHxIWcXPVNGysXwP9P%2F6jQTjnyKeTv%2ByqYmxSenRKFEfSHS0XO3kZfZPEEhT4qTyZ4NnGlioFk6ay4RXlsebEjOdYqJCyZZxlxUTHNffO2l8jiZZrGWd1F5yTZNH82d3Ski2hEsRD2fxa3MY%2Bk28ILHsNwZ6G%2FNGOtaiV%2Bgh4YG%2FkiP9POwHR1hgSE9JVGuYmbD4FB8l0LkkIBHgoTM4X0fNS81%2BA6f4zV6DxmQzI9dGh%2BP9eA6j%2B%2BfNqDfMsi4qyKjapz8T4qQ%2BjgAtJSRmIL7WdsmYhVjSQb5voiknUxgKT%2Fom%2FJJYAUyxf%2BoM7B5yfJewzeVoU2%2FtVYQKI1lMuX%2BRaPNcBUAvSnVpp3982X8ufymNCG%2Bvqv3rBuUa%2BDAlSlNPC7rHF8TsYmOTADU69%2B%2B%2Fol8yLJTHHQhvr%2Bf5O5wjhPZDddaEMD1lhgrNFX59TpZvCV9M4rSDCIHqoFDFRnsCphC6IUw%3D%22%7D&prevSearchId=1765686709859674781&loginPromo=1
619,"Sau này khi có cơ hội trở lại Phú Quốc, mình nhất định sẽ quay lại resort một lần nữa. Đi rồi mà vẫn còn lưu luyến Sol.",SOL by Melia Phu Quoc,https://www.traveloka.com/en-vn/hotel/detail?spec=13-05-2023.14-05-2023.1.1.HOTEL.1000000626112.SOL%20by%20Melia%20Phu%20Quoc.1&contexts=%7B%22inventoryRateKey%22%3A%22povEwB3ZzsU2C6pd%2B6MdU13LUNuufACdbU0usK5vg0dM0tKsNUio4Rxug1zOzHJilcvZa8YdqqIySdppe7dolTIewZlxfjiOGz6oXLTucMvN0%2BgQ3yZPvZcoHwUFNN%2BZpcr%2F%2FNa8o9ElfN8zOYhzzZeg0X586laFpeUViPi9rxBmwBdHcCHNVGYbHYVgpznVIvEWeildVo7nbHxIWcXPVNGysXwP9P%2F6jQTjnyKeTv%2ByqYmxSenRKFEfSHS0XO3kZfZPEEhT4qTyZ4NnGlioFk6ay4RXlsebEjOdYqJCyZZxlxUTHNffO2l8jiZZrGWd1F5yTZNH82d3Ski2hEsRD2fxa3MY%2Bk28ILHsNwZ6G%2FNGOtaiV%2Bgh4YG%2FkiP9POwHR1hgSE9JVGuYmbD4FB8l0LkkIBHgoTM4X0fNS81%2BA6f4zV6DxmQzI9dGh%2BP9eA6j%2B%2BfNqDfMsi4qyKjapz8T4qQ%2BjgAtJSRmIL7WdsmYhVjSQb5voiknUxgKT%2Fom%2FJJYAUyxf%2BoM7B5yfJewzeVoU2%2FtVYQKI1lMuX%2BRaPNcBUAvSnVpp3982X8ufymNCG%2Bvqv3rBuUa%2BDAlSlNPC7rHF8TsYmOTADU69%2B%2B%2Fol8yLJTHHQhvr%2Bf5O5wjhPZDddaEMD1lhgrNFX59TpZvCV9M4rSDCIHqoFDFRnsCphC6IUw%3D%22%7D&prevSearchId=1765686709859674781&loginPromo=1
620,"Bữa sáng không có nhiều lựa chọn, thức ăn không đặc sắc kể cả món Âu lẫn món hải sản. Nhà hàng sát bờ biển view khá ổn nhưng pha chế không ngon, thức ăn không nóng, tôm nhỏ và chúng tôi đã gặp vài vấn đề về voucher dù đã hỏi kỹ lễ tân và nhà hàng. Cuối cùng vấn đề được giải quyết nhưng đương nhiên đôi bên đều thấy không vui, và cuối cùng chúng tôi vẫn không nhận được lời xin lỗi nào. Phòng khá sạch sẽ, nhưng cách âm tệ, tầng trên rất ồn và chúng tôi thậm chí còn nghe phòng cạnh bên nói chuyện và trẻ con la hét. Khách sạn trang trí đẹp, hồ bơi đẹp, spa ổn, vị trí gần sân bay nhưng xa trung tâm, tuy nhiên có xe bus của khách sạn đến trung tâm nên khá ổn. Điểm cộng cho dịch vụ là 1 món quà nhỏ nhân dịp sinh nhật. Mong khách sạn cải thiện chất lượng nhà hàng và training nhân viên khi xảy ra sự cố!",SOL by Melia Phu Quoc,https://www.traveloka.com/en-vn/hotel/detail?spec=13-05-2023.14-05-2023.1.1.HOTEL.1000000626112.SOL%20by%20Melia%20Phu%20Quoc.1&contexts=%7B%22inventoryRateKey%22%3A%22povEwB3ZzsU2C6pd%2B6MdU13LUNuufACdbU0usK5vg0dM0tKsNUio4Rxug1zOzHJilcvZa8YdqqIySdppe7dolTIewZlxfjiOGz6oXLTucMvN0%2BgQ3yZPvZcoHwUFNN%2BZpcr%2F%2FNa8o9ElfN8zOYhzzZeg0X586laFpeUViPi9rxBmwBdHcCHNVGYbHYVgpznVIvEWeildVo7nbHxIWcXPVNGysXwP9P%2F6jQTjnyKeTv%2ByqYmxSenRKFEfSHS0XO3kZfZPEEhT4qTyZ4NnGlioFk6ay4RXlsebEjOdYqJCyZZxlxUTHNffO2l8jiZZrGWd1F5yTZNH82d3Ski2hEsRD2fxa3MY%2Bk28ILHsNwZ6G%2FNGOtaiV%2Bgh4YG%2FkiP9POwHR1hgSE9JVGuYmbD4FB8l0LkkIBHgoTM4X0fNS81%2BA6f4zV6DxmQzI9dGh%2BP9eA6j%2B%2BfNqDfMsi4qyKjapz8T4qQ%2BjgAtJSRmIL7WdsmYhVjSQb5voiknUxgKT%2Fom%2FJJYAUyxf%2BoM7B5yfJewzeVoU2%2FtVYQKI1lMuX%2BRaPNcBUAvSnVpp3982X8ufymNCG%2Bvqv3rBuUa%2BDAlSlNPC7rHF8TsYmOTADU69%2B%2B%2Fol8yLJTHHQhvr%2Bf5O5wjhPZDddaEMD1lhgrNFX59TpZvCV9M4rSDCIHqoFDFRnsCphC6IUw%3D%22%7D&prevSearchId=1765686709859674781&loginPromo=1
621,"Hôm nhận phòng thì vắng khách, sau đó thì đông hơn rất nhiều, đồ ăn chán toàn là mấy món bánh ngọt khô khô, lễ tân không xuất sắc, phòng đẹp mát mẻ thoải mái, giá phòng cao, hồ bơi nhìn ổn, nước có vẻ ok, không tắm biển vì nước sóng mạnh, nói chung phù hợp nghỉ dưỡng",SOL by Melia Phu Quoc,https://www.traveloka.com/en-vn/hotel/detail?spec=13-05-2023.14-05-2023.1.1.HOTEL.1000000626112.SOL%20by%20Melia%20Phu%20Quoc.1&contexts=%7B%22inventoryRateKey%22%3A%22povEwB3ZzsU2C6pd%2B6MdU13LUNuufACdbU0usK5vg0dM0tKsNUio4Rxug1zOzHJilcvZa8YdqqIySdppe7dolTIewZlxfjiOGz6oXLTucMvN0%2BgQ3yZPvZcoHwUFNN%2BZpcr%2F%2FNa8o9ElfN8zOYhzzZeg0X586laFpeUViPi9rxBmwBdHcCHNVGYbHYVgpznVIvEWeildVo7nbHxIWcXPVNGysXwP9P%2F6jQTjnyKeTv%2ByqYmxSenRKFEfSHS0XO3kZfZPEEhT4qTyZ4NnGlioFk6ay4RXlsebEjOdYqJCyZZxlxUTHNffO2l8jiZZrGWd1F5yTZNH82d3Ski2hEsRD2fxa3MY%2Bk28ILHsNwZ6G%2FNGOtaiV%2Bgh4YG%2FkiP9POwHR1hgSE9JVGuYmbD4FB8l0LkkIBHgoTM4X0fNS81%2BA6f4zV6DxmQzI9dGh%2BP9eA6j%2B%2BfNqDfMsi4qyKjapz8T4qQ%2BjgAtJSRmIL7WdsmYhVjSQb5voiknUxgKT%2Fom%2FJJYAUyxf%2BoM7B5yfJewzeVoU2%2FtVYQKI1lMuX%2BRaPNcBUAvSnVpp3982X8ufymNCG%2Bvqv3rBuUa%2BDAlSlNPC7rHF8TsYmOTADU69%2B%2B%2Fol8yLJTHHQhvr%2Bf5O5wjhPZDddaEMD1lhgrNFX59TpZvCV9M4rSDCIHqoFDFRnsCphC6IUw%3D%22%7D&prevSearchId=1765686709859674781&loginPromo=1
622,"Thực sự mức độ hài lòng là khoảng 7/10.

Phòng ốc: không gian như mô tả, tương đối sạch sẽ. Sảnh: sạch sẽ, không gian bài trí cũng ổn, nhưng hình như không thiết kế điều hòa, nếu không mở cửa ra vườn thì rất nóng, quạt trần gần như vô dụng. Vườn bên trong: được cắt tỉa cẩn thận, nhận phòng đẹp. Bể bơi: sạch sẽ, bể toàn người lớn 1m3 hơi nông, diện tích bể cũng nhỏ để làm bậc lên xuống nên bơi không cẩn thận sẽ bị sưng đầu. . Bãi biển: Mình không review vì sóng mình đi lớn quá, gần như cả nhà mình không tắm biển được, nhưng cảm giác khách sạn giăng lưới thấy hơi khó coi. Khu vui chơi trẻ em: Cảm giác không được đầu tư lắm nên có cảm giác hơi luộm thuộm. Phòng vệ sinh: được quét dọn thường xuyên nên rất sạch sẽ. Nhân viên: rất nhiệt tình, hòa nhã với khách, mình chỉ thấy có tài xế đưa đón là cảm thấy chưa thân thiện với khách lắm. Riêng về đặt phòng: M đặt trên website là phòng tiêu chuẩn 1 giường lớn hoặc 2 giường đơn, gồm 2 người lớn và 1 trẻ em dưới 4 tuổi, check in mình cũng hỏi giường lớn, thế nào vậy? Lễ tân xếp cho mình 2 giường nhỏ ghép thành 1 giường lớn rất khó chịu và đau lưng, mình ở 4 đêm thì đến đêm thứ 3 khách sạn sẽ hỗ trợ thay phòng 1 giường lớn. Về phần ăn sáng thì phải nói là ít món, chủ yếu là bánh mì các loại, ngoài ra thường có thay đổi gồm mì xào, cơm trắng hoặc cơm chiên, bánh xèo hay phở gà. Cơm nấu bị sạn quá cứng, rất khó ăn. Hy vọng khách sạn cải thiện điều này.",SOL by Melia Phu Quoc,https://www.traveloka.com/en-vn/hotel/detail?spec=13-05-2023.14-05-2023.1.1.HOTEL.1000000626112.SOL%20by%20Melia%20Phu%20Quoc.1&contexts=%7B%22inventoryRateKey%22%3A%22povEwB3ZzsU2C6pd%2B6MdU13LUNuufACdbU0usK5vg0dM0tKsNUio4Rxug1zOzHJilcvZa8YdqqIySdppe7dolTIewZlxfjiOGz6oXLTucMvN0%2BgQ3yZPvZcoHwUFNN%2BZpcr%2F%2FNa8o9ElfN8zOYhzzZeg0X586laFpeUViPi9rxBmwBdHcCHNVGYbHYVgpznVIvEWeildVo7nbHxIWcXPVNGysXwP9P%2F6jQTjnyKeTv%2ByqYmxSenRKFEfSHS0XO3kZfZPEEhT4qTyZ4NnGlioFk6ay4RXlsebEjOdYqJCyZZxlxUTHNffO2l8jiZZrGWd1F5yTZNH82d3Ski2hEsRD2fxa3MY%2Bk28ILHsNwZ6G%2FNGOtaiV%2Bgh4YG%2FkiP9POwHR1hgSE9JVGuYmbD4FB8l0LkkIBHgoTM4X0fNS81%2BA6f4zV6DxmQzI9dGh%2BP9eA6j%2B%2BfNqDfMsi4qyKjapz8T4qQ%2BjgAtJSRmIL7WdsmYhVjSQb5voiknUxgKT%2Fom%2FJJYAUyxf%2BoM7B5yfJewzeVoU2%2FtVYQKI1lMuX%2BRaPNcBUAvSnVpp3982X8ufymNCG%2Bvqv3rBuUa%2BDAlSlNPC7rHF8TsYmOTADU69%2B%2B%2Fol8yLJTHHQhvr%2Bf5O5wjhPZDddaEMD1lhgrNFX59TpZvCV9M4rSDCIHqoFDFRnsCphC6IUw%3D%22%7D&prevSearchId=1765686709859674781&loginPromo=1
623,Thái độ phục vụ của lễ tân không tốt,SOL by Melia Phu Quoc,https://www.traveloka.com/en-vn/hotel/detail?spec=13-05-2023.14-05-2023.1.1.HOTEL.1000000626112.SOL%20by%20Melia%20Phu%20Quoc.1&contexts=%7B%22inventoryRateKey%22%3A%22povEwB3ZzsU2C6pd%2B6MdU13LUNuufACdbU0usK5vg0dM0tKsNUio4Rxug1zOzHJilcvZa8YdqqIySdppe7dolTIewZlxfjiOGz6oXLTucMvN0%2BgQ3yZPvZcoHwUFNN%2BZpcr%2F%2FNa8o9ElfN8zOYhzzZeg0X586laFpeUViPi9rxBmwBdHcCHNVGYbHYVgpznVIvEWeildVo7nbHxIWcXPVNGysXwP9P%2F6jQTjnyKeTv%2ByqYmxSenRKFEfSHS0XO3kZfZPEEhT4qTyZ4NnGlioFk6ay4RXlsebEjOdYqJCyZZxlxUTHNffO2l8jiZZrGWd1F5yTZNH82d3Ski2hEsRD2fxa3MY%2Bk28ILHsNwZ6G%2FNGOtaiV%2Bgh4YG%2FkiP9POwHR1hgSE9JVGuYmbD4FB8l0LkkIBHgoTM4X0fNS81%2BA6f4zV6DxmQzI9dGh%2BP9eA6j%2B%2BfNqDfMsi4qyKjapz8T4qQ%2BjgAtJSRmIL7WdsmYhVjSQb5voiknUxgKT%2Fom%2FJJYAUyxf%2BoM7B5yfJewzeVoU2%2FtVYQKI1lMuX%2BRaPNcBUAvSnVpp3982X8ufymNCG%2Bvqv3rBuUa%2BDAlSlNPC7rHF8TsYmOTADU69%2B%2B%2Fol8yLJTHHQhvr%2Bf5O5wjhPZDddaEMD1lhgrNFX59TpZvCV9M4rSDCIHqoFDFRnsCphC6IUw%3D%22%7D&prevSearchId=1765686709859674781&loginPromo=1
624,"Cảnh đẹp, ăn siêu ngon, phục vụ rất thân thiện. Nói chung chấm 9.5/10 điểm.",SOL by Melia Phu Quoc,https://www.traveloka.com/en-vn/hotel/detail?spec=13-05-2023.14-05-2023.1.1.HOTEL.1000000626112.SOL%20by%20Melia%20Phu%20Quoc.1&contexts=%7B%22inventoryRateKey%22%3A%22povEwB3ZzsU2C6pd%2B6MdU13LUNuufACdbU0usK5vg0dM0tKsNUio4Rxug1zOzHJilcvZa8YdqqIySdppe7dolTIewZlxfjiOGz6oXLTucMvN0%2BgQ3yZPvZcoHwUFNN%2BZpcr%2F%2FNa8o9ElfN8zOYhzzZeg0X586laFpeUViPi9rxBmwBdHcCHNVGYbHYVgpznVIvEWeildVo7nbHxIWcXPVNGysXwP9P%2F6jQTjnyKeTv%2ByqYmxSenRKFEfSHS0XO3kZfZPEEhT4qTyZ4NnGlioFk6ay4RXlsebEjOdYqJCyZZxlxUTHNffO2l8jiZZrGWd1F5yTZNH82d3Ski2hEsRD2fxa3MY%2Bk28ILHsNwZ6G%2FNGOtaiV%2Bgh4YG%2FkiP9POwHR1hgSE9JVGuYmbD4FB8l0LkkIBHgoTM4X0fNS81%2BA6f4zV6DxmQzI9dGh%2BP9eA6j%2B%2BfNqDfMsi4qyKjapz8T4qQ%2BjgAtJSRmIL7WdsmYhVjSQb5voiknUxgKT%2Fom%2FJJYAUyxf%2BoM7B5yfJewzeVoU2%2FtVYQKI1lMuX%2BRaPNcBUAvSnVpp3982X8ufymNCG%2Bvqv3rBuUa%2BDAlSlNPC7rHF8TsYmOTADU69%2B%2B%2Fol8yLJTHHQhvr%2Bf5O5wjhPZDddaEMD1lhgrNFX59TpZvCV9M4rSDCIHqoFDFRnsCphC6IUw%3D%22%7D&prevSearchId=1765686709859674781&loginPromo=1
625,"Phòng rộng rãi, sạch sẽ, ban công hướng biển. Bãi biển riêng sạch và vắng khách",SOL by Melia Phu Quoc,https://www.traveloka.com/en-vn/hotel/detail?spec=13-05-2023.14-05-2023.1.1.HOTEL.1000000626112.SOL%20by%20Melia%20Phu%20Quoc.1&contexts=%7B%22inventoryRateKey%22%3A%22povEwB3ZzsU2C6pd%2B6MdU13LUNuufACdbU0usK5vg0dM0tKsNUio4Rxug1zOzHJilcvZa8YdqqIySdppe7dolTIewZlxfjiOGz6oXLTucMvN0%2BgQ3yZPvZcoHwUFNN%2BZpcr%2F%2FNa8o9ElfN8zOYhzzZeg0X586laFpeUViPi9rxBmwBdHcCHNVGYbHYVgpznVIvEWeildVo7nbHxIWcXPVNGysXwP9P%2F6jQTjnyKeTv%2ByqYmxSenRKFEfSHS0XO3kZfZPEEhT4qTyZ4NnGlioFk6ay4RXlsebEjOdYqJCyZZxlxUTHNffO2l8jiZZrGWd1F5yTZNH82d3Ski2hEsRD2fxa3MY%2Bk28ILHsNwZ6G%2FNGOtaiV%2Bgh4YG%2FkiP9POwHR1hgSE9JVGuYmbD4FB8l0LkkIBHgoTM4X0fNS81%2BA6f4zV6DxmQzI9dGh%2BP9eA6j%2B%2BfNqDfMsi4qyKjapz8T4qQ%2BjgAtJSRmIL7WdsmYhVjSQb5voiknUxgKT%2Fom%2FJJYAUyxf%2BoM7B5yfJewzeVoU2%2FtVYQKI1lMuX%2BRaPNcBUAvSnVpp3982X8ufymNCG%2Bvqv3rBuUa%2BDAlSlNPC7rHF8TsYmOTADU69%2B%2B%2Fol8yLJTHHQhvr%2Bf5O5wjhPZDddaEMD1lhgrNFX59TpZvCV9M4rSDCIHqoFDFRnsCphC6IUw%3D%22%7D&prevSearchId=1765686709859674781&loginPromo=1
626,"Phòng đẹp, view đẹp, buffet sáng ít đồ ăn, đa số rau và bánh",SOL by Melia Phu Quoc,https://www.traveloka.com/en-vn/hotel/detail?spec=13-05-2023.14-05-2023.1.1.HOTEL.1000000626112.SOL%20by%20Melia%20Phu%20Quoc.1&contexts=%7B%22inventoryRateKey%22%3A%22povEwB3ZzsU2C6pd%2B6MdU13LUNuufACdbU0usK5vg0dM0tKsNUio4Rxug1zOzHJilcvZa8YdqqIySdppe7dolTIewZlxfjiOGz6oXLTucMvN0%2BgQ3yZPvZcoHwUFNN%2BZpcr%2F%2FNa8o9ElfN8zOYhzzZeg0X586laFpeUViPi9rxBmwBdHcCHNVGYbHYVgpznVIvEWeildVo7nbHxIWcXPVNGysXwP9P%2F6jQTjnyKeTv%2ByqYmxSenRKFEfSHS0XO3kZfZPEEhT4qTyZ4NnGlioFk6ay4RXlsebEjOdYqJCyZZxlxUTHNffO2l8jiZZrGWd1F5yTZNH82d3Ski2hEsRD2fxa3MY%2Bk28ILHsNwZ6G%2FNGOtaiV%2Bgh4YG%2FkiP9POwHR1hgSE9JVGuYmbD4FB8l0LkkIBHgoTM4X0fNS81%2BA6f4zV6DxmQzI9dGh%2BP9eA6j%2B%2BfNqDfMsi4qyKjapz8T4qQ%2BjgAtJSRmIL7WdsmYhVjSQb5voiknUxgKT%2Fom%2FJJYAUyxf%2BoM7B5yfJewzeVoU2%2FtVYQKI1lMuX%2BRaPNcBUAvSnVpp3982X8ufymNCG%2Bvqv3rBuUa%2BDAlSlNPC7rHF8TsYmOTADU69%2B%2B%2Fol8yLJTHHQhvr%2Bf5O5wjhPZDddaEMD1lhgrNFX59TpZvCV9M4rSDCIHqoFDFRnsCphC6IUw%3D%22%7D&prevSearchId=1765686709859674781&loginPromo=1
627,"Trải nghiệm thú vị, nhân viên nhiệt tình, cơ sở hạ tầng tốt",SOL by Melia Phu Quoc,https://www.traveloka.com/en-vn/hotel/detail?spec=13-05-2023.14-05-2023.1.1.HOTEL.1000000626112.SOL%20by%20Melia%20Phu%20Quoc.1&contexts=%7B%22inventoryRateKey%22%3A%22povEwB3ZzsU2C6pd%2B6MdU13LUNuufACdbU0usK5vg0dM0tKsNUio4Rxug1zOzHJilcvZa8YdqqIySdppe7dolTIewZlxfjiOGz6oXLTucMvN0%2BgQ3yZPvZcoHwUFNN%2BZpcr%2F%2FNa8o9ElfN8zOYhzzZeg0X586laFpeUViPi9rxBmwBdHcCHNVGYbHYVgpznVIvEWeildVo7nbHxIWcXPVNGysXwP9P%2F6jQTjnyKeTv%2ByqYmxSenRKFEfSHS0XO3kZfZPEEhT4qTyZ4NnGlioFk6ay4RXlsebEjOdYqJCyZZxlxUTHNffO2l8jiZZrGWd1F5yTZNH82d3Ski2hEsRD2fxa3MY%2Bk28ILHsNwZ6G%2FNGOtaiV%2Bgh4YG%2FkiP9POwHR1hgSE9JVGuYmbD4FB8l0LkkIBHgoTM4X0fNS81%2BA6f4zV6DxmQzI9dGh%2BP9eA6j%2B%2BfNqDfMsi4qyKjapz8T4qQ%2BjgAtJSRmIL7WdsmYhVjSQb5voiknUxgKT%2Fom%2FJJYAUyxf%2BoM7B5yfJewzeVoU2%2FtVYQKI1lMuX%2BRaPNcBUAvSnVpp3982X8ufymNCG%2Bvqv3rBuUa%2BDAlSlNPC7rHF8TsYmOTADU69%2B%2B%2Fol8yLJTHHQhvr%2Bf5O5wjhPZDddaEMD1lhgrNFX59TpZvCV9M4rSDCIHqoFDFRnsCphC6IUw%3D%22%7D&prevSearchId=1765686709859674781&loginPromo=1
628,Một trải nghiệm tồi tệ tại ở 1 Resort mang mác 5 sao của Phú Quốc. Tất cả vật dụng quá cũ. Đồ ăn sáng quá ít món. Không thể chấp nhận được,SOL by Melia Phu Quoc,https://www.traveloka.com/en-vn/hotel/detail?spec=13-05-2023.14-05-2023.1.1.HOTEL.1000000626112.SOL%20by%20Melia%20Phu%20Quoc.1&contexts=%7B%22inventoryRateKey%22%3A%22povEwB3ZzsU2C6pd%2B6MdU13LUNuufACdbU0usK5vg0dM0tKsNUio4Rxug1zOzHJilcvZa8YdqqIySdppe7dolTIewZlxfjiOGz6oXLTucMvN0%2BgQ3yZPvZcoHwUFNN%2BZpcr%2F%2FNa8o9ElfN8zOYhzzZeg0X586laFpeUViPi9rxBmwBdHcCHNVGYbHYVgpznVIvEWeildVo7nbHxIWcXPVNGysXwP9P%2F6jQTjnyKeTv%2ByqYmxSenRKFEfSHS0XO3kZfZPEEhT4qTyZ4NnGlioFk6ay4RXlsebEjOdYqJCyZZxlxUTHNffO2l8jiZZrGWd1F5yTZNH82d3Ski2hEsRD2fxa3MY%2Bk28ILHsNwZ6G%2FNGOtaiV%2Bgh4YG%2FkiP9POwHR1hgSE9JVGuYmbD4FB8l0LkkIBHgoTM4X0fNS81%2BA6f4zV6DxmQzI9dGh%2BP9eA6j%2B%2BfNqDfMsi4qyKjapz8T4qQ%2BjgAtJSRmIL7WdsmYhVjSQb5voiknUxgKT%2Fom%2FJJYAUyxf%2BoM7B5yfJewzeVoU2%2FtVYQKI1lMuX%2BRaPNcBUAvSnVpp3982X8ufymNCG%2Bvqv3rBuUa%2BDAlSlNPC7rHF8TsYmOTADU69%2B%2B%2Fol8yLJTHHQhvr%2Bf5O5wjhPZDddaEMD1lhgrNFX59TpZvCV9M4rSDCIHqoFDFRnsCphC6IUw%3D%22%7D&prevSearchId=1765686709859674781&loginPromo=1
629,Khách sạn sạch và phục vụ rất tốt!,SOL by Melia Phu Quoc,https://www.traveloka.com/en-vn/hotel/detail?spec=13-05-2023.14-05-2023.1.1.HOTEL.1000000626112.SOL%20by%20Melia%20Phu%20Quoc.1&contexts=%7B%22inventoryRateKey%22%3A%22povEwB3ZzsU2C6pd%2B6MdU13LUNuufACdbU0usK5vg0dM0tKsNUio4Rxug1zOzHJilcvZa8YdqqIySdppe7dolTIewZlxfjiOGz6oXLTucMvN0%2BgQ3yZPvZcoHwUFNN%2BZpcr%2F%2FNa8o9ElfN8zOYhzzZeg0X586laFpeUViPi9rxBmwBdHcCHNVGYbHYVgpznVIvEWeildVo7nbHxIWcXPVNGysXwP9P%2F6jQTjnyKeTv%2ByqYmxSenRKFEfSHS0XO3kZfZPEEhT4qTyZ4NnGlioFk6ay4RXlsebEjOdYqJCyZZxlxUTHNffO2l8jiZZrGWd1F5yTZNH82d3Ski2hEsRD2fxa3MY%2Bk28ILHsNwZ6G%2FNGOtaiV%2Bgh4YG%2FkiP9POwHR1hgSE9JVGuYmbD4FB8l0LkkIBHgoTM4X0fNS81%2BA6f4zV6DxmQzI9dGh%2BP9eA6j%2B%2BfNqDfMsi4qyKjapz8T4qQ%2BjgAtJSRmIL7WdsmYhVjSQb5voiknUxgKT%2Fom%2FJJYAUyxf%2BoM7B5yfJewzeVoU2%2FtVYQKI1lMuX%2BRaPNcBUAvSnVpp3982X8ufymNCG%2Bvqv3rBuUa%2BDAlSlNPC7rHF8TsYmOTADU69%2B%2B%2Fol8yLJTHHQhvr%2Bf5O5wjhPZDddaEMD1lhgrNFX59TpZvCV9M4rSDCIHqoFDFRnsCphC6IUw%3D%22%7D&prevSearchId=1765686709859674781&loginPromo=1
630,"Bãi biển của khách sạn không đẹp, lại vướng rác!",SOL by Melia Phu Quoc,https://www.traveloka.com/en-vn/hotel/detail?spec=13-05-2023.14-05-2023.1.1.HOTEL.1000000626112.SOL%20by%20Melia%20Phu%20Quoc.1&contexts=%7B%22inventoryRateKey%22%3A%22povEwB3ZzsU2C6pd%2B6MdU13LUNuufACdbU0usK5vg0dM0tKsNUio4Rxug1zOzHJilcvZa8YdqqIySdppe7dolTIewZlxfjiOGz6oXLTucMvN0%2BgQ3yZPvZcoHwUFNN%2BZpcr%2F%2FNa8o9ElfN8zOYhzzZeg0X586laFpeUViPi9rxBmwBdHcCHNVGYbHYVgpznVIvEWeildVo7nbHxIWcXPVNGysXwP9P%2F6jQTjnyKeTv%2ByqYmxSenRKFEfSHS0XO3kZfZPEEhT4qTyZ4NnGlioFk6ay4RXlsebEjOdYqJCyZZxlxUTHNffO2l8jiZZrGWd1F5yTZNH82d3Ski2hEsRD2fxa3MY%2Bk28ILHsNwZ6G%2FNGOtaiV%2Bgh4YG%2FkiP9POwHR1hgSE9JVGuYmbD4FB8l0LkkIBHgoTM4X0fNS81%2BA6f4zV6DxmQzI9dGh%2BP9eA6j%2B%2BfNqDfMsi4qyKjapz8T4qQ%2BjgAtJSRmIL7WdsmYhVjSQb5voiknUxgKT%2Fom%2FJJYAUyxf%2BoM7B5yfJewzeVoU2%2FtVYQKI1lMuX%2BRaPNcBUAvSnVpp3982X8ufymNCG%2Bvqv3rBuUa%2BDAlSlNPC7rHF8TsYmOTADU69%2B%2B%2Fol8yLJTHHQhvr%2Bf5O5wjhPZDddaEMD1lhgrNFX59TpZvCV9M4rSDCIHqoFDFRnsCphC6IUw%3D%22%7D&prevSearchId=1765686709859674781&loginPromo=1
631,"Khách sạn tuyệt với rất đáng để nghĩ dưỡng, có lớp học nấu ăn buổi chiều Ok",SOL by Melia Phu Quoc,https://www.traveloka.com/en-vn/hotel/detail?spec=13-05-2023.14-05-2023.1.1.HOTEL.1000000626112.SOL%20by%20Melia%20Phu%20Quoc.1&contexts=%7B%22inventoryRateKey%22%3A%22povEwB3ZzsU2C6pd%2B6MdU13LUNuufACdbU0usK5vg0dM0tKsNUio4Rxug1zOzHJilcvZa8YdqqIySdppe7dolTIewZlxfjiOGz6oXLTucMvN0%2BgQ3yZPvZcoHwUFNN%2BZpcr%2F%2FNa8o9ElfN8zOYhzzZeg0X586laFpeUViPi9rxBmwBdHcCHNVGYbHYVgpznVIvEWeildVo7nbHxIWcXPVNGysXwP9P%2F6jQTjnyKeTv%2ByqYmxSenRKFEfSHS0XO3kZfZPEEhT4qTyZ4NnGlioFk6ay4RXlsebEjOdYqJCyZZxlxUTHNffO2l8jiZZrGWd1F5yTZNH82d3Ski2hEsRD2fxa3MY%2Bk28ILHsNwZ6G%2FNGOtaiV%2Bgh4YG%2FkiP9POwHR1hgSE9JVGuYmbD4FB8l0LkkIBHgoTM4X0fNS81%2BA6f4zV6DxmQzI9dGh%2BP9eA6j%2B%2BfNqDfMsi4qyKjapz8T4qQ%2BjgAtJSRmIL7WdsmYhVjSQb5voiknUxgKT%2Fom%2FJJYAUyxf%2BoM7B5yfJewzeVoU2%2FtVYQKI1lMuX%2BRaPNcBUAvSnVpp3982X8ufymNCG%2Bvqv3rBuUa%2BDAlSlNPC7rHF8TsYmOTADU69%2B%2B%2Fol8yLJTHHQhvr%2Bf5O5wjhPZDddaEMD1lhgrNFX59TpZvCV9M4rSDCIHqoFDFRnsCphC6IUw%3D%22%7D&prevSearchId=1765686709859674781&loginPromo=1
632,"Mọi thứ điều ok , ngoại trừ lễ tân không chuyên nghiệp , check in rất lâu, mà năng cấp phòng không rõ ràng không hiểu luôn .",SOL by Melia Phu Quoc,https://www.traveloka.com/en-vn/hotel/detail?spec=13-05-2023.14-05-2023.1.1.HOTEL.1000000626112.SOL%20by%20Melia%20Phu%20Quoc.1&contexts=%7B%22inventoryRateKey%22%3A%22povEwB3ZzsU2C6pd%2B6MdU13LUNuufACdbU0usK5vg0dM0tKsNUio4Rxug1zOzHJilcvZa8YdqqIySdppe7dolTIewZlxfjiOGz6oXLTucMvN0%2BgQ3yZPvZcoHwUFNN%2BZpcr%2F%2FNa8o9ElfN8zOYhzzZeg0X586laFpeUViPi9rxBmwBdHcCHNVGYbHYVgpznVIvEWeildVo7nbHxIWcXPVNGysXwP9P%2F6jQTjnyKeTv%2ByqYmxSenRKFEfSHS0XO3kZfZPEEhT4qTyZ4NnGlioFk6ay4RXlsebEjOdYqJCyZZxlxUTHNffO2l8jiZZrGWd1F5yTZNH82d3Ski2hEsRD2fxa3MY%2Bk28ILHsNwZ6G%2FNGOtaiV%2Bgh4YG%2FkiP9POwHR1hgSE9JVGuYmbD4FB8l0LkkIBHgoTM4X0fNS81%2BA6f4zV6DxmQzI9dGh%2BP9eA6j%2B%2BfNqDfMsi4qyKjapz8T4qQ%2BjgAtJSRmIL7WdsmYhVjSQb5voiknUxgKT%2Fom%2FJJYAUyxf%2BoM7B5yfJewzeVoU2%2FtVYQKI1lMuX%2BRaPNcBUAvSnVpp3982X8ufymNCG%2Bvqv3rBuUa%2BDAlSlNPC7rHF8TsYmOTADU69%2B%2B%2Fol8yLJTHHQhvr%2Bf5O5wjhPZDddaEMD1lhgrNFX59TpZvCV9M4rSDCIHqoFDFRnsCphC6IUw%3D%22%7D&prevSearchId=1765686709859674781&loginPromo=1
633,"Nhân viên chỉ nhìn khách không có vẻ chào đón. Tivi không mở được, thiếu kệ phơi đồ, thang máy bảo trì 1 bên",SOL by Melia Phu Quoc,https://www.traveloka.com/en-vn/hotel/detail?spec=13-05-2023.14-05-2023.1.1.HOTEL.1000000626112.SOL%20by%20Melia%20Phu%20Quoc.1&contexts=%7B%22inventoryRateKey%22%3A%22povEwB3ZzsU2C6pd%2B6MdU13LUNuufACdbU0usK5vg0dM0tKsNUio4Rxug1zOzHJilcvZa8YdqqIySdppe7dolTIewZlxfjiOGz6oXLTucMvN0%2BgQ3yZPvZcoHwUFNN%2BZpcr%2F%2FNa8o9ElfN8zOYhzzZeg0X586laFpeUViPi9rxBmwBdHcCHNVGYbHYVgpznVIvEWeildVo7nbHxIWcXPVNGysXwP9P%2F6jQTjnyKeTv%2ByqYmxSenRKFEfSHS0XO3kZfZPEEhT4qTyZ4NnGlioFk6ay4RXlsebEjOdYqJCyZZxlxUTHNffO2l8jiZZrGWd1F5yTZNH82d3Ski2hEsRD2fxa3MY%2Bk28ILHsNwZ6G%2FNGOtaiV%2Bgh4YG%2FkiP9POwHR1hgSE9JVGuYmbD4FB8l0LkkIBHgoTM4X0fNS81%2BA6f4zV6DxmQzI9dGh%2BP9eA6j%2B%2BfNqDfMsi4qyKjapz8T4qQ%2BjgAtJSRmIL7WdsmYhVjSQb5voiknUxgKT%2Fom%2FJJYAUyxf%2BoM7B5yfJewzeVoU2%2FtVYQKI1lMuX%2BRaPNcBUAvSnVpp3982X8ufymNCG%2Bvqv3rBuUa%2BDAlSlNPC7rHF8TsYmOTADU69%2B%2B%2Fol8yLJTHHQhvr%2Bf5O5wjhPZDddaEMD1lhgrNFX59TpZvCV9M4rSDCIHqoFDFRnsCphC6IUw%3D%22%7D&prevSearchId=1765686709859674781&loginPromo=1
634,"Nhân viên thân thiện, nhiệt tình.Phòng ốc sạch sẽ, trang thiết bị đủ dùng chứ không quá nhiều và tiện nghi, hồ bơi rộng đẹp nhưng điểm trừ cực lớn là bữa ăn sáng quá tệ từ chất lượng đến hương vị, không đạt chuẩn 4-5 sao",SOL by Melia Phu Quoc,https://www.traveloka.com/en-vn/hotel/detail?spec=13-05-2023.14-05-2023.1.1.HOTEL.1000000626112.SOL%20by%20Melia%20Phu%20Quoc.1&contexts=%7B%22inventoryRateKey%22%3A%22povEwB3ZzsU2C6pd%2B6MdU13LUNuufACdbU0usK5vg0dM0tKsNUio4Rxug1zOzHJilcvZa8YdqqIySdppe7dolTIewZlxfjiOGz6oXLTucMvN0%2BgQ3yZPvZcoHwUFNN%2BZpcr%2F%2FNa8o9ElfN8zOYhzzZeg0X586laFpeUViPi9rxBmwBdHcCHNVGYbHYVgpznVIvEWeildVo7nbHxIWcXPVNGysXwP9P%2F6jQTjnyKeTv%2ByqYmxSenRKFEfSHS0XO3kZfZPEEhT4qTyZ4NnGlioFk6ay4RXlsebEjOdYqJCyZZxlxUTHNffO2l8jiZZrGWd1F5yTZNH82d3Ski2hEsRD2fxa3MY%2Bk28ILHsNwZ6G%2FNGOtaiV%2Bgh4YG%2FkiP9POwHR1hgSE9JVGuYmbD4FB8l0LkkIBHgoTM4X0fNS81%2BA6f4zV6DxmQzI9dGh%2BP9eA6j%2B%2BfNqDfMsi4qyKjapz8T4qQ%2BjgAtJSRmIL7WdsmYhVjSQb5voiknUxgKT%2Fom%2FJJYAUyxf%2BoM7B5yfJewzeVoU2%2FtVYQKI1lMuX%2BRaPNcBUAvSnVpp3982X8ufymNCG%2Bvqv3rBuUa%2BDAlSlNPC7rHF8TsYmOTADU69%2B%2B%2Fol8yLJTHHQhvr%2Bf5O5wjhPZDddaEMD1lhgrNFX59TpZvCV9M4rSDCIHqoFDFRnsCphC6IUw%3D%22%7D&prevSearchId=1765686709859674781&loginPromo=1
635,"Khách sạn sạch, đẹp, yên tĩnh, thích hợp để nghỉ dưỡng. View đẹp.Recommend cho mọi người",SOL by Melia Phu Quoc,https://www.traveloka.com/en-vn/hotel/detail?spec=13-05-2023.14-05-2023.1.1.HOTEL.1000000626112.SOL%20by%20Melia%20Phu%20Quoc.1&contexts=%7B%22inventoryRateKey%22%3A%22povEwB3ZzsU2C6pd%2B6MdU13LUNuufACdbU0usK5vg0dM0tKsNUio4Rxug1zOzHJilcvZa8YdqqIySdppe7dolTIewZlxfjiOGz6oXLTucMvN0%2BgQ3yZPvZcoHwUFNN%2BZpcr%2F%2FNa8o9ElfN8zOYhzzZeg0X586laFpeUViPi9rxBmwBdHcCHNVGYbHYVgpznVIvEWeildVo7nbHxIWcXPVNGysXwP9P%2F6jQTjnyKeTv%2ByqYmxSenRKFEfSHS0XO3kZfZPEEhT4qTyZ4NnGlioFk6ay4RXlsebEjOdYqJCyZZxlxUTHNffO2l8jiZZrGWd1F5yTZNH82d3Ski2hEsRD2fxa3MY%2Bk28ILHsNwZ6G%2FNGOtaiV%2Bgh4YG%2FkiP9POwHR1hgSE9JVGuYmbD4FB8l0LkkIBHgoTM4X0fNS81%2BA6f4zV6DxmQzI9dGh%2BP9eA6j%2B%2BfNqDfMsi4qyKjapz8T4qQ%2BjgAtJSRmIL7WdsmYhVjSQb5voiknUxgKT%2Fom%2FJJYAUyxf%2BoM7B5yfJewzeVoU2%2FtVYQKI1lMuX%2BRaPNcBUAvSnVpp3982X8ufymNCG%2Bvqv3rBuUa%2BDAlSlNPC7rHF8TsYmOTADU69%2B%2B%2Fol8yLJTHHQhvr%2Bf5O5wjhPZDddaEMD1lhgrNFX59TpZvCV9M4rSDCIHqoFDFRnsCphC6IUw%3D%22%7D&prevSearchId=1765686709859674781&loginPromo=1
636,"Xe không pick up, phòng dơ. Ăn sáng tệ. Nhân viên bếp và phục vụ quá tệ",SOL by Melia Phu Quoc,https://www.traveloka.com/en-vn/hotel/detail?spec=13-05-2023.14-05-2023.1.1.HOTEL.1000000626112.SOL%20by%20Melia%20Phu%20Quoc.1&contexts=%7B%22inventoryRateKey%22%3A%22povEwB3ZzsU2C6pd%2B6MdU13LUNuufACdbU0usK5vg0dM0tKsNUio4Rxug1zOzHJilcvZa8YdqqIySdppe7dolTIewZlxfjiOGz6oXLTucMvN0%2BgQ3yZPvZcoHwUFNN%2BZpcr%2F%2FNa8o9ElfN8zOYhzzZeg0X586laFpeUViPi9rxBmwBdHcCHNVGYbHYVgpznVIvEWeildVo7nbHxIWcXPVNGysXwP9P%2F6jQTjnyKeTv%2ByqYmxSenRKFEfSHS0XO3kZfZPEEhT4qTyZ4NnGlioFk6ay4RXlsebEjOdYqJCyZZxlxUTHNffO2l8jiZZrGWd1F5yTZNH82d3Ski2hEsRD2fxa3MY%2Bk28ILHsNwZ6G%2FNGOtaiV%2Bgh4YG%2FkiP9POwHR1hgSE9JVGuYmbD4FB8l0LkkIBHgoTM4X0fNS81%2BA6f4zV6DxmQzI9dGh%2BP9eA6j%2B%2BfNqDfMsi4qyKjapz8T4qQ%2BjgAtJSRmIL7WdsmYhVjSQb5voiknUxgKT%2Fom%2FJJYAUyxf%2BoM7B5yfJewzeVoU2%2FtVYQKI1lMuX%2BRaPNcBUAvSnVpp3982X8ufymNCG%2Bvqv3rBuUa%2BDAlSlNPC7rHF8TsYmOTADU69%2B%2B%2Fol8yLJTHHQhvr%2Bf5O5wjhPZDddaEMD1lhgrNFX59TpZvCV9M4rSDCIHqoFDFRnsCphC6IUw%3D%22%7D&prevSearchId=1765686709859674781&loginPromo=1
637,"Phòng sạch sẽ - đầy đủ nhưng mà phòng tắm ở đây hơi lỗi nhé, không có sự riêng tư nào 😆. Nhân biên thân thiện - nhiệt tình. Buffe sáng cũng tạm ổn thôi . Hồ bơi lớn và có bãi biển riêng. Nước uống thoải mái hết thì báo lễ tân đưa lên ( cơ mà mình nghĩ không hết nổi đâu 🤣🤣🤣)",SOL by Melia Phu Quoc,https://www.traveloka.com/en-vn/hotel/detail?spec=13-05-2023.14-05-2023.1.1.HOTEL.1000000626112.SOL%20by%20Melia%20Phu%20Quoc.1&contexts=%7B%22inventoryRateKey%22%3A%22povEwB3ZzsU2C6pd%2B6MdU13LUNuufACdbU0usK5vg0dM0tKsNUio4Rxug1zOzHJilcvZa8YdqqIySdppe7dolTIewZlxfjiOGz6oXLTucMvN0%2BgQ3yZPvZcoHwUFNN%2BZpcr%2F%2FNa8o9ElfN8zOYhzzZeg0X586laFpeUViPi9rxBmwBdHcCHNVGYbHYVgpznVIvEWeildVo7nbHxIWcXPVNGysXwP9P%2F6jQTjnyKeTv%2ByqYmxSenRKFEfSHS0XO3kZfZPEEhT4qTyZ4NnGlioFk6ay4RXlsebEjOdYqJCyZZxlxUTHNffO2l8jiZZrGWd1F5yTZNH82d3Ski2hEsRD2fxa3MY%2Bk28ILHsNwZ6G%2FNGOtaiV%2Bgh4YG%2FkiP9POwHR1hgSE9JVGuYmbD4FB8l0LkkIBHgoTM4X0fNS81%2BA6f4zV6DxmQzI9dGh%2BP9eA6j%2B%2BfNqDfMsi4qyKjapz8T4qQ%2BjgAtJSRmIL7WdsmYhVjSQb5voiknUxgKT%2Fom%2FJJYAUyxf%2BoM7B5yfJewzeVoU2%2FtVYQKI1lMuX%2BRaPNcBUAvSnVpp3982X8ufymNCG%2Bvqv3rBuUa%2BDAlSlNPC7rHF8TsYmOTADU69%2B%2B%2Fol8yLJTHHQhvr%2Bf5O5wjhPZDddaEMD1lhgrNFX59TpZvCV9M4rSDCIHqoFDFRnsCphC6IUw%3D%22%7D&prevSearchId=1765686709859674781&loginPromo=1
638,"Phòng sạch sẽ - đầy đủ nhưng mà phòng tắm ở đây hơi lỗi nhé, không có sự riêng tư nào 😆 ( nếu lần sau ở mình sẽ không quay lại đây vì cái phòng tắm ) . Nhân biên thân thiện - nhiệt tình. Buffe sáng cũng tạm ổn thôi . Hồ bơi lớn và có bãi biển riêng. Nước uống thoải mái hết thì báo lễ tân đưa lên ( cơ mà mình nghĩ không hết nổi đâu 🤣🤣🤣)",SOL by Melia Phu Quoc,https://www.traveloka.com/en-vn/hotel/detail?spec=13-05-2023.14-05-2023.1.1.HOTEL.1000000626112.SOL%20by%20Melia%20Phu%20Quoc.1&contexts=%7B%22inventoryRateKey%22%3A%22povEwB3ZzsU2C6pd%2B6MdU13LUNuufACdbU0usK5vg0dM0tKsNUio4Rxug1zOzHJilcvZa8YdqqIySdppe7dolTIewZlxfjiOGz6oXLTucMvN0%2BgQ3yZPvZcoHwUFNN%2BZpcr%2F%2FNa8o9ElfN8zOYhzzZeg0X586laFpeUViPi9rxBmwBdHcCHNVGYbHYVgpznVIvEWeildVo7nbHxIWcXPVNGysXwP9P%2F6jQTjnyKeTv%2ByqYmxSenRKFEfSHS0XO3kZfZPEEhT4qTyZ4NnGlioFk6ay4RXlsebEjOdYqJCyZZxlxUTHNffO2l8jiZZrGWd1F5yTZNH82d3Ski2hEsRD2fxa3MY%2Bk28ILHsNwZ6G%2FNGOtaiV%2Bgh4YG%2FkiP9POwHR1hgSE9JVGuYmbD4FB8l0LkkIBHgoTM4X0fNS81%2BA6f4zV6DxmQzI9dGh%2BP9eA6j%2B%2BfNqDfMsi4qyKjapz8T4qQ%2BjgAtJSRmIL7WdsmYhVjSQb5voiknUxgKT%2Fom%2FJJYAUyxf%2BoM7B5yfJewzeVoU2%2FtVYQKI1lMuX%2BRaPNcBUAvSnVpp3982X8ufymNCG%2Bvqv3rBuUa%2BDAlSlNPC7rHF8TsYmOTADU69%2B%2B%2Fol8yLJTHHQhvr%2Bf5O5wjhPZDddaEMD1lhgrNFX59TpZvCV9M4rSDCIHqoFDFRnsCphC6IUw%3D%22%7D&prevSearchId=1765686709859674781&loginPromo=1
639,"Bộ phận dọn phòng quá tệ, tôi ở 4 đêm mà vào phòng chỉ xếp dọn giường và thay khăn mới, không lau dọn hay rửa ly tách đã sử dụng và dọn rác trên bàn và toilet luôn, khăn mượn từ hồ bơi mang lên để đấy từ ngày đầu vào đến lúc đi không dọn đi luôn, còn đĩa bánh ngọt + dao nĩa khăn ăn ngày đầu tặng quà chào mừng ăn xong rồi đến ngày t3 mới dọn ra mà là để trước cửa phòng chứ không mang đi nữa. Ăn sáng ngon nhưng ít món lại không thay đổi, ở 5 ngày 4 đêm mà sáng nào cũng bn đó mọn 🙂",SOL by Melia Phu Quoc,https://www.traveloka.com/en-vn/hotel/detail?spec=13-05-2023.14-05-2023.1.1.HOTEL.1000000626112.SOL%20by%20Melia%20Phu%20Quoc.1&contexts=%7B%22inventoryRateKey%22%3A%22povEwB3ZzsU2C6pd%2B6MdU13LUNuufACdbU0usK5vg0dM0tKsNUio4Rxug1zOzHJilcvZa8YdqqIySdppe7dolTIewZlxfjiOGz6oXLTucMvN0%2BgQ3yZPvZcoHwUFNN%2BZpcr%2F%2FNa8o9ElfN8zOYhzzZeg0X586laFpeUViPi9rxBmwBdHcCHNVGYbHYVgpznVIvEWeildVo7nbHxIWcXPVNGysXwP9P%2F6jQTjnyKeTv%2ByqYmxSenRKFEfSHS0XO3kZfZPEEhT4qTyZ4NnGlioFk6ay4RXlsebEjOdYqJCyZZxlxUTHNffO2l8jiZZrGWd1F5yTZNH82d3Ski2hEsRD2fxa3MY%2Bk28ILHsNwZ6G%2FNGOtaiV%2Bgh4YG%2FkiP9POwHR1hgSE9JVGuYmbD4FB8l0LkkIBHgoTM4X0fNS81%2BA6f4zV6DxmQzI9dGh%2BP9eA6j%2B%2BfNqDfMsi4qyKjapz8T4qQ%2BjgAtJSRmIL7WdsmYhVjSQb5voiknUxgKT%2Fom%2FJJYAUyxf%2BoM7B5yfJewzeVoU2%2FtVYQKI1lMuX%2BRaPNcBUAvSnVpp3982X8ufymNCG%2Bvqv3rBuUa%2BDAlSlNPC7rHF8TsYmOTADU69%2B%2B%2Fol8yLJTHHQhvr%2Bf5O5wjhPZDddaEMD1lhgrNFX59TpZvCV9M4rSDCIHqoFDFRnsCphC6IUw%3D%22%7D&prevSearchId=1765686709859674781&loginPromo=1
640,"Trải nghiệm tốt. Phòng sach sẽ, tiện nghi. Không gian thoáng mát nhiều cây xanh.....",SOL by Melia Phu Quoc,https://www.traveloka.com/en-vn/hotel/detail?spec=13-05-2023.14-05-2023.1.1.HOTEL.1000000626112.SOL%20by%20Melia%20Phu%20Quoc.1&contexts=%7B%22inventoryRateKey%22%3A%22povEwB3ZzsU2C6pd%2B6MdU13LUNuufACdbU0usK5vg0dM0tKsNUio4Rxug1zOzHJilcvZa8YdqqIySdppe7dolTIewZlxfjiOGz6oXLTucMvN0%2BgQ3yZPvZcoHwUFNN%2BZpcr%2F%2FNa8o9ElfN8zOYhzzZeg0X586laFpeUViPi9rxBmwBdHcCHNVGYbHYVgpznVIvEWeildVo7nbHxIWcXPVNGysXwP9P%2F6jQTjnyKeTv%2ByqYmxSenRKFEfSHS0XO3kZfZPEEhT4qTyZ4NnGlioFk6ay4RXlsebEjOdYqJCyZZxlxUTHNffO2l8jiZZrGWd1F5yTZNH82d3Ski2hEsRD2fxa3MY%2Bk28ILHsNwZ6G%2FNGOtaiV%2Bgh4YG%2FkiP9POwHR1hgSE9JVGuYmbD4FB8l0LkkIBHgoTM4X0fNS81%2BA6f4zV6DxmQzI9dGh%2BP9eA6j%2B%2BfNqDfMsi4qyKjapz8T4qQ%2BjgAtJSRmIL7WdsmYhVjSQb5voiknUxgKT%2Fom%2FJJYAUyxf%2BoM7B5yfJewzeVoU2%2FtVYQKI1lMuX%2BRaPNcBUAvSnVpp3982X8ufymNCG%2Bvqv3rBuUa%2BDAlSlNPC7rHF8TsYmOTADU69%2B%2B%2Fol8yLJTHHQhvr%2Bf5O5wjhPZDddaEMD1lhgrNFX59TpZvCV9M4rSDCIHqoFDFRnsCphC6IUw%3D%22%7D&prevSearchId=1765686709859674781&loginPromo=1
641,"Check in thì muộn tận 3h mới cho check in, late check out vào chủ nhật tầm 30p để đỡ đợi giờ ra sbay thì khách sạn kêu charge 30%.Sảnh thì không có máy lạnh, check out xong đợi xe ra sbay muốn sang chấn. Ăn sáng buffet thì dở nếu không muốn nói là tệ, làm cho có thì nên làm 1 món bánh mì ốp la thôi ạ. Bảng quy định như quy định cho ký túc xá, phạt tùm lum. Đi nghỉ dưỡng thư giãn sao áp lực vậy? Không có lần 2. Chia tay",SOL by Melia Phu Quoc,https://www.traveloka.com/en-vn/hotel/detail?spec=13-05-2023.14-05-2023.1.1.HOTEL.1000000626112.SOL%20by%20Melia%20Phu%20Quoc.1&contexts=%7B%22inventoryRateKey%22%3A%22povEwB3ZzsU2C6pd%2B6MdU13LUNuufACdbU0usK5vg0dM0tKsNUio4Rxug1zOzHJilcvZa8YdqqIySdppe7dolTIewZlxfjiOGz6oXLTucMvN0%2BgQ3yZPvZcoHwUFNN%2BZpcr%2F%2FNa8o9ElfN8zOYhzzZeg0X586laFpeUViPi9rxBmwBdHcCHNVGYbHYVgpznVIvEWeildVo7nbHxIWcXPVNGysXwP9P%2F6jQTjnyKeTv%2ByqYmxSenRKFEfSHS0XO3kZfZPEEhT4qTyZ4NnGlioFk6ay4RXlsebEjOdYqJCyZZxlxUTHNffO2l8jiZZrGWd1F5yTZNH82d3Ski2hEsRD2fxa3MY%2Bk28ILHsNwZ6G%2FNGOtaiV%2Bgh4YG%2FkiP9POwHR1hgSE9JVGuYmbD4FB8l0LkkIBHgoTM4X0fNS81%2BA6f4zV6DxmQzI9dGh%2BP9eA6j%2B%2BfNqDfMsi4qyKjapz8T4qQ%2BjgAtJSRmIL7WdsmYhVjSQb5voiknUxgKT%2Fom%2FJJYAUyxf%2BoM7B5yfJewzeVoU2%2FtVYQKI1lMuX%2BRaPNcBUAvSnVpp3982X8ufymNCG%2Bvqv3rBuUa%2BDAlSlNPC7rHF8TsYmOTADU69%2B%2B%2Fol8yLJTHHQhvr%2Bf5O5wjhPZDddaEMD1lhgrNFX59TpZvCV9M4rSDCIHqoFDFRnsCphC6IUw%3D%22%7D&prevSearchId=1765686709859674781&loginPromo=1
642,"Sol cần cải thiện buffet sáng , không ngon Phòng thì nhân viên dọn đưa đồ lúc nào cũng thiếu đồ cá nhân nên luôn phải gọi lễ tân lấy thêm hơi phiền",SOL by Melia Phu Quoc,https://www.traveloka.com/en-vn/hotel/detail?spec=13-05-2023.14-05-2023.1.1.HOTEL.1000000626112.SOL%20by%20Melia%20Phu%20Quoc.1&contexts=%7B%22inventoryRateKey%22%3A%22povEwB3ZzsU2C6pd%2B6MdU13LUNuufACdbU0usK5vg0dM0tKsNUio4Rxug1zOzHJilcvZa8YdqqIySdppe7dolTIewZlxfjiOGz6oXLTucMvN0%2BgQ3yZPvZcoHwUFNN%2BZpcr%2F%2FNa8o9ElfN8zOYhzzZeg0X586laFpeUViPi9rxBmwBdHcCHNVGYbHYVgpznVIvEWeildVo7nbHxIWcXPVNGysXwP9P%2F6jQTjnyKeTv%2ByqYmxSenRKFEfSHS0XO3kZfZPEEhT4qTyZ4NnGlioFk6ay4RXlsebEjOdYqJCyZZxlxUTHNffO2l8jiZZrGWd1F5yTZNH82d3Ski2hEsRD2fxa3MY%2Bk28ILHsNwZ6G%2FNGOtaiV%2Bgh4YG%2FkiP9POwHR1hgSE9JVGuYmbD4FB8l0LkkIBHgoTM4X0fNS81%2BA6f4zV6DxmQzI9dGh%2BP9eA6j%2B%2BfNqDfMsi4qyKjapz8T4qQ%2BjgAtJSRmIL7WdsmYhVjSQb5voiknUxgKT%2Fom%2FJJYAUyxf%2BoM7B5yfJewzeVoU2%2FtVYQKI1lMuX%2BRaPNcBUAvSnVpp3982X8ufymNCG%2Bvqv3rBuUa%2BDAlSlNPC7rHF8TsYmOTADU69%2B%2B%2Fol8yLJTHHQhvr%2Bf5O5wjhPZDddaEMD1lhgrNFX59TpZvCV9M4rSDCIHqoFDFRnsCphC6IUw%3D%22%7D&prevSearchId=1765686709859674781&loginPromo=1
643,Với mức giá trên đặt nơi khác sẽ hài lòng hơn,SOL by Melia Phu Quoc,https://www.traveloka.com/en-vn/hotel/detail?spec=13-05-2023.14-05-2023.1.1.HOTEL.1000000626112.SOL%20by%20Melia%20Phu%20Quoc.1&contexts=%7B%22inventoryRateKey%22%3A%22povEwB3ZzsU2C6pd%2B6MdU13LUNuufACdbU0usK5vg0dM0tKsNUio4Rxug1zOzHJilcvZa8YdqqIySdppe7dolTIewZlxfjiOGz6oXLTucMvN0%2BgQ3yZPvZcoHwUFNN%2BZpcr%2F%2FNa8o9ElfN8zOYhzzZeg0X586laFpeUViPi9rxBmwBdHcCHNVGYbHYVgpznVIvEWeildVo7nbHxIWcXPVNGysXwP9P%2F6jQTjnyKeTv%2ByqYmxSenRKFEfSHS0XO3kZfZPEEhT4qTyZ4NnGlioFk6ay4RXlsebEjOdYqJCyZZxlxUTHNffO2l8jiZZrGWd1F5yTZNH82d3Ski2hEsRD2fxa3MY%2Bk28ILHsNwZ6G%2FNGOtaiV%2Bgh4YG%2FkiP9POwHR1hgSE9JVGuYmbD4FB8l0LkkIBHgoTM4X0fNS81%2BA6f4zV6DxmQzI9dGh%2BP9eA6j%2B%2BfNqDfMsi4qyKjapz8T4qQ%2BjgAtJSRmIL7WdsmYhVjSQb5voiknUxgKT%2Fom%2FJJYAUyxf%2BoM7B5yfJewzeVoU2%2FtVYQKI1lMuX%2BRaPNcBUAvSnVpp3982X8ufymNCG%2Bvqv3rBuUa%2BDAlSlNPC7rHF8TsYmOTADU69%2B%2B%2Fol8yLJTHHQhvr%2Bf5O5wjhPZDddaEMD1lhgrNFX59TpZvCV9M4rSDCIHqoFDFRnsCphC6IUw%3D%22%7D&prevSearchId=1765686709859674781&loginPromo=1
644,Mọi thứ ở mức ổn trừ: bể bơi nhỏ riêng ở khu villa khá bẩn ~ Check in 3pm là quá trễ khiến khách ngồi chờ la liệt ở sảnh ~,SOL by Melia Phu Quoc,https://www.traveloka.com/en-vn/hotel/detail?spec=13-05-2023.14-05-2023.1.1.HOTEL.1000000626112.SOL%20by%20Melia%20Phu%20Quoc.1&contexts=%7B%22inventoryRateKey%22%3A%22povEwB3ZzsU2C6pd%2B6MdU13LUNuufACdbU0usK5vg0dM0tKsNUio4Rxug1zOzHJilcvZa8YdqqIySdppe7dolTIewZlxfjiOGz6oXLTucMvN0%2BgQ3yZPvZcoHwUFNN%2BZpcr%2F%2FNa8o9ElfN8zOYhzzZeg0X586laFpeUViPi9rxBmwBdHcCHNVGYbHYVgpznVIvEWeildVo7nbHxIWcXPVNGysXwP9P%2F6jQTjnyKeTv%2ByqYmxSenRKFEfSHS0XO3kZfZPEEhT4qTyZ4NnGlioFk6ay4RXlsebEjOdYqJCyZZxlxUTHNffO2l8jiZZrGWd1F5yTZNH82d3Ski2hEsRD2fxa3MY%2Bk28ILHsNwZ6G%2FNGOtaiV%2Bgh4YG%2FkiP9POwHR1hgSE9JVGuYmbD4FB8l0LkkIBHgoTM4X0fNS81%2BA6f4zV6DxmQzI9dGh%2BP9eA6j%2B%2BfNqDfMsi4qyKjapz8T4qQ%2BjgAtJSRmIL7WdsmYhVjSQb5voiknUxgKT%2Fom%2FJJYAUyxf%2BoM7B5yfJewzeVoU2%2FtVYQKI1lMuX%2BRaPNcBUAvSnVpp3982X8ufymNCG%2Bvqv3rBuUa%2BDAlSlNPC7rHF8TsYmOTADU69%2B%2B%2Fol8yLJTHHQhvr%2Bf5O5wjhPZDddaEMD1lhgrNFX59TpZvCV9M4rSDCIHqoFDFRnsCphC6IUw%3D%22%7D&prevSearchId=1765686709859674781&loginPromo=1
645,"Tôi đã có kì ngày tại đây 2 ngày Nhân viên khách sạn thân thiện Phòng như hình, view đẹp tạo cảm giác dễ chịu Đồ ăn sáng chưa đa dạng.",SOL by Melia Phu Quoc,https://www.traveloka.com/en-vn/hotel/detail?spec=13-05-2023.14-05-2023.1.1.HOTEL.1000000626112.SOL%20by%20Melia%20Phu%20Quoc.1&contexts=%7B%22inventoryRateKey%22%3A%22povEwB3ZzsU2C6pd%2B6MdU13LUNuufACdbU0usK5vg0dM0tKsNUio4Rxug1zOzHJilcvZa8YdqqIySdppe7dolTIewZlxfjiOGz6oXLTucMvN0%2BgQ3yZPvZcoHwUFNN%2BZpcr%2F%2FNa8o9ElfN8zOYhzzZeg0X586laFpeUViPi9rxBmwBdHcCHNVGYbHYVgpznVIvEWeildVo7nbHxIWcXPVNGysXwP9P%2F6jQTjnyKeTv%2ByqYmxSenRKFEfSHS0XO3kZfZPEEhT4qTyZ4NnGlioFk6ay4RXlsebEjOdYqJCyZZxlxUTHNffO2l8jiZZrGWd1F5yTZNH82d3Ski2hEsRD2fxa3MY%2Bk28ILHsNwZ6G%2FNGOtaiV%2Bgh4YG%2FkiP9POwHR1hgSE9JVGuYmbD4FB8l0LkkIBHgoTM4X0fNS81%2BA6f4zV6DxmQzI9dGh%2BP9eA6j%2B%2BfNqDfMsi4qyKjapz8T4qQ%2BjgAtJSRmIL7WdsmYhVjSQb5voiknUxgKT%2Fom%2FJJYAUyxf%2BoM7B5yfJewzeVoU2%2FtVYQKI1lMuX%2BRaPNcBUAvSnVpp3982X8ufymNCG%2Bvqv3rBuUa%2BDAlSlNPC7rHF8TsYmOTADU69%2B%2B%2Fol8yLJTHHQhvr%2Bf5O5wjhPZDddaEMD1lhgrNFX59TpZvCV9M4rSDCIHqoFDFRnsCphC6IUw%3D%22%7D&prevSearchId=1765686709859674781&loginPromo=1
646,View siêu đẹp vị trí khá thuận tiện ngay chợ đường bào! Phòng ốc khuôn viên siêu sạch và đẹp dịch vụ chu đáo rất hài lòng với 2 đêm ở sol!,SOL by Melia Phu Quoc,https://www.traveloka.com/en-vn/hotel/detail?spec=13-05-2023.14-05-2023.1.1.HOTEL.1000000626112.SOL%20by%20Melia%20Phu%20Quoc.1&contexts=%7B%22inventoryRateKey%22%3A%22povEwB3ZzsU2C6pd%2B6MdU13LUNuufACdbU0usK5vg0dM0tKsNUio4Rxug1zOzHJilcvZa8YdqqIySdppe7dolTIewZlxfjiOGz6oXLTucMvN0%2BgQ3yZPvZcoHwUFNN%2BZpcr%2F%2FNa8o9ElfN8zOYhzzZeg0X586laFpeUViPi9rxBmwBdHcCHNVGYbHYVgpznVIvEWeildVo7nbHxIWcXPVNGysXwP9P%2F6jQTjnyKeTv%2ByqYmxSenRKFEfSHS0XO3kZfZPEEhT4qTyZ4NnGlioFk6ay4RXlsebEjOdYqJCyZZxlxUTHNffO2l8jiZZrGWd1F5yTZNH82d3Ski2hEsRD2fxa3MY%2Bk28ILHsNwZ6G%2FNGOtaiV%2Bgh4YG%2FkiP9POwHR1hgSE9JVGuYmbD4FB8l0LkkIBHgoTM4X0fNS81%2BA6f4zV6DxmQzI9dGh%2BP9eA6j%2B%2BfNqDfMsi4qyKjapz8T4qQ%2BjgAtJSRmIL7WdsmYhVjSQb5voiknUxgKT%2Fom%2FJJYAUyxf%2BoM7B5yfJewzeVoU2%2FtVYQKI1lMuX%2BRaPNcBUAvSnVpp3982X8ufymNCG%2Bvqv3rBuUa%2BDAlSlNPC7rHF8TsYmOTADU69%2B%2B%2Fol8yLJTHHQhvr%2Bf5O5wjhPZDddaEMD1lhgrNFX59TpZvCV9M4rSDCIHqoFDFRnsCphC6IUw%3D%22%7D&prevSearchId=1765686709859674781&loginPromo=1
647,"Phòng sạch sẽ, rộng rãi Ăn sáng hơi ít món Phục vụ thân thiện",SOL by Melia Phu Quoc,https://www.traveloka.com/en-vn/hotel/detail?spec=13-05-2023.14-05-2023.1.1.HOTEL.1000000626112.SOL%20by%20Melia%20Phu%20Quoc.1&contexts=%7B%22inventoryRateKey%22%3A%22povEwB3ZzsU2C6pd%2B6MdU13LUNuufACdbU0usK5vg0dM0tKsNUio4Rxug1zOzHJilcvZa8YdqqIySdppe7dolTIewZlxfjiOGz6oXLTucMvN0%2BgQ3yZPvZcoHwUFNN%2BZpcr%2F%2FNa8o9ElfN8zOYhzzZeg0X586laFpeUViPi9rxBmwBdHcCHNVGYbHYVgpznVIvEWeildVo7nbHxIWcXPVNGysXwP9P%2F6jQTjnyKeTv%2ByqYmxSenRKFEfSHS0XO3kZfZPEEhT4qTyZ4NnGlioFk6ay4RXlsebEjOdYqJCyZZxlxUTHNffO2l8jiZZrGWd1F5yTZNH82d3Ski2hEsRD2fxa3MY%2Bk28ILHsNwZ6G%2FNGOtaiV%2Bgh4YG%2FkiP9POwHR1hgSE9JVGuYmbD4FB8l0LkkIBHgoTM4X0fNS81%2BA6f4zV6DxmQzI9dGh%2BP9eA6j%2B%2BfNqDfMsi4qyKjapz8T4qQ%2BjgAtJSRmIL7WdsmYhVjSQb5voiknUxgKT%2Fom%2FJJYAUyxf%2BoM7B5yfJewzeVoU2%2FtVYQKI1lMuX%2BRaPNcBUAvSnVpp3982X8ufymNCG%2Bvqv3rBuUa%2BDAlSlNPC7rHF8TsYmOTADU69%2B%2B%2Fol8yLJTHHQhvr%2Bf5O5wjhPZDddaEMD1lhgrNFX59TpZvCV9M4rSDCIHqoFDFRnsCphC6IUw%3D%22%7D&prevSearchId=1765686709859674781&loginPromo=1
648,"Phòng đẹp view biển sạch sẽ, ăn sáng ngon, sịn xò lắm, bể bơi và bãi biển to đẹp",SOL by Melia Phu Quoc,https://www.traveloka.com/en-vn/hotel/detail?spec=13-05-2023.14-05-2023.1.1.HOTEL.1000000626112.SOL%20by%20Melia%20Phu%20Quoc.1&contexts=%7B%22inventoryRateKey%22%3A%22povEwB3ZzsU2C6pd%2B6MdU13LUNuufACdbU0usK5vg0dM0tKsNUio4Rxug1zOzHJilcvZa8YdqqIySdppe7dolTIewZlxfjiOGz6oXLTucMvN0%2BgQ3yZPvZcoHwUFNN%2BZpcr%2F%2FNa8o9ElfN8zOYhzzZeg0X586laFpeUViPi9rxBmwBdHcCHNVGYbHYVgpznVIvEWeildVo7nbHxIWcXPVNGysXwP9P%2F6jQTjnyKeTv%2ByqYmxSenRKFEfSHS0XO3kZfZPEEhT4qTyZ4NnGlioFk6ay4RXlsebEjOdYqJCyZZxlxUTHNffO2l8jiZZrGWd1F5yTZNH82d3Ski2hEsRD2fxa3MY%2Bk28ILHsNwZ6G%2FNGOtaiV%2Bgh4YG%2FkiP9POwHR1hgSE9JVGuYmbD4FB8l0LkkIBHgoTM4X0fNS81%2BA6f4zV6DxmQzI9dGh%2BP9eA6j%2B%2BfNqDfMsi4qyKjapz8T4qQ%2BjgAtJSRmIL7WdsmYhVjSQb5voiknUxgKT%2Fom%2FJJYAUyxf%2BoM7B5yfJewzeVoU2%2FtVYQKI1lMuX%2BRaPNcBUAvSnVpp3982X8ufymNCG%2Bvqv3rBuUa%2BDAlSlNPC7rHF8TsYmOTADU69%2B%2B%2Fol8yLJTHHQhvr%2Bf5O5wjhPZDddaEMD1lhgrNFX59TpZvCV9M4rSDCIHqoFDFRnsCphC6IUw%3D%22%7D&prevSearchId=1765686709859674781&loginPromo=1
649,"Nhân viên thân thiện và nhiệt tình, mình có late check out nên được free upgrade lên phòng sub rất đẹp hồ bơi bãi biển riêng sạch đẹp nhà hàng giá tiền ổn ăn ngon và địa điểm thì cách trung tâm cỡ 15p chạy xe máy nhé",SOL by Melia Phu Quoc,https://www.traveloka.com/en-vn/hotel/detail?spec=13-05-2023.14-05-2023.1.1.HOTEL.1000000626112.SOL%20by%20Melia%20Phu%20Quoc.1&contexts=%7B%22inventoryRateKey%22%3A%22povEwB3ZzsU2C6pd%2B6MdU13LUNuufACdbU0usK5vg0dM0tKsNUio4Rxug1zOzHJilcvZa8YdqqIySdppe7dolTIewZlxfjiOGz6oXLTucMvN0%2BgQ3yZPvZcoHwUFNN%2BZpcr%2F%2FNa8o9ElfN8zOYhzzZeg0X586laFpeUViPi9rxBmwBdHcCHNVGYbHYVgpznVIvEWeildVo7nbHxIWcXPVNGysXwP9P%2F6jQTjnyKeTv%2ByqYmxSenRKFEfSHS0XO3kZfZPEEhT4qTyZ4NnGlioFk6ay4RXlsebEjOdYqJCyZZxlxUTHNffO2l8jiZZrGWd1F5yTZNH82d3Ski2hEsRD2fxa3MY%2Bk28ILHsNwZ6G%2FNGOtaiV%2Bgh4YG%2FkiP9POwHR1hgSE9JVGuYmbD4FB8l0LkkIBHgoTM4X0fNS81%2BA6f4zV6DxmQzI9dGh%2BP9eA6j%2B%2BfNqDfMsi4qyKjapz8T4qQ%2BjgAtJSRmIL7WdsmYhVjSQb5voiknUxgKT%2Fom%2FJJYAUyxf%2BoM7B5yfJewzeVoU2%2FtVYQKI1lMuX%2BRaPNcBUAvSnVpp3982X8ufymNCG%2Bvqv3rBuUa%2BDAlSlNPC7rHF8TsYmOTADU69%2B%2B%2Fol8yLJTHHQhvr%2Bf5O5wjhPZDddaEMD1lhgrNFX59TpZvCV9M4rSDCIHqoFDFRnsCphC6IUw%3D%22%7D&prevSearchId=1765686709859674781&loginPromo=1
650,"Ksan sạch sẽ thoáng mát, nhân viên phục vụ tận tình, rất hài lòng có dịp đi sẽ ghé",SOL by Melia Phu Quoc,https://www.traveloka.com/en-vn/hotel/detail?spec=13-05-2023.14-05-2023.1.1.HOTEL.1000000626112.SOL%20by%20Melia%20Phu%20Quoc.1&contexts=%7B%22inventoryRateKey%22%3A%22povEwB3ZzsU2C6pd%2B6MdU13LUNuufACdbU0usK5vg0dM0tKsNUio4Rxug1zOzHJilcvZa8YdqqIySdppe7dolTIewZlxfjiOGz6oXLTucMvN0%2BgQ3yZPvZcoHwUFNN%2BZpcr%2F%2FNa8o9ElfN8zOYhzzZeg0X586laFpeUViPi9rxBmwBdHcCHNVGYbHYVgpznVIvEWeildVo7nbHxIWcXPVNGysXwP9P%2F6jQTjnyKeTv%2ByqYmxSenRKFEfSHS0XO3kZfZPEEhT4qTyZ4NnGlioFk6ay4RXlsebEjOdYqJCyZZxlxUTHNffO2l8jiZZrGWd1F5yTZNH82d3Ski2hEsRD2fxa3MY%2Bk28ILHsNwZ6G%2FNGOtaiV%2Bgh4YG%2FkiP9POwHR1hgSE9JVGuYmbD4FB8l0LkkIBHgoTM4X0fNS81%2BA6f4zV6DxmQzI9dGh%2BP9eA6j%2B%2BfNqDfMsi4qyKjapz8T4qQ%2BjgAtJSRmIL7WdsmYhVjSQb5voiknUxgKT%2Fom%2FJJYAUyxf%2BoM7B5yfJewzeVoU2%2FtVYQKI1lMuX%2BRaPNcBUAvSnVpp3982X8ufymNCG%2Bvqv3rBuUa%2BDAlSlNPC7rHF8TsYmOTADU69%2B%2B%2Fol8yLJTHHQhvr%2Bf5O5wjhPZDddaEMD1lhgrNFX59TpZvCV9M4rSDCIHqoFDFRnsCphC6IUw%3D%22%7D&prevSearchId=1765686709859674781&loginPromo=1
651,"Rất hài lòng, phòng to rộng sạch sẽ, đồ ăn ngon miệng...",SOL by Melia Phu Quoc,https://www.traveloka.com/en-vn/hotel/detail?spec=13-05-2023.14-05-2023.1.1.HOTEL.1000000626112.SOL%20by%20Melia%20Phu%20Quoc.1&contexts=%7B%22inventoryRateKey%22%3A%22povEwB3ZzsU2C6pd%2B6MdU13LUNuufACdbU0usK5vg0dM0tKsNUio4Rxug1zOzHJilcvZa8YdqqIySdppe7dolTIewZlxfjiOGz6oXLTucMvN0%2BgQ3yZPvZcoHwUFNN%2BZpcr%2F%2FNa8o9ElfN8zOYhzzZeg0X586laFpeUViPi9rxBmwBdHcCHNVGYbHYVgpznVIvEWeildVo7nbHxIWcXPVNGysXwP9P%2F6jQTjnyKeTv%2ByqYmxSenRKFEfSHS0XO3kZfZPEEhT4qTyZ4NnGlioFk6ay4RXlsebEjOdYqJCyZZxlxUTHNffO2l8jiZZrGWd1F5yTZNH82d3Ski2hEsRD2fxa3MY%2Bk28ILHsNwZ6G%2FNGOtaiV%2Bgh4YG%2FkiP9POwHR1hgSE9JVGuYmbD4FB8l0LkkIBHgoTM4X0fNS81%2BA6f4zV6DxmQzI9dGh%2BP9eA6j%2B%2BfNqDfMsi4qyKjapz8T4qQ%2BjgAtJSRmIL7WdsmYhVjSQb5voiknUxgKT%2Fom%2FJJYAUyxf%2BoM7B5yfJewzeVoU2%2FtVYQKI1lMuX%2BRaPNcBUAvSnVpp3982X8ufymNCG%2Bvqv3rBuUa%2BDAlSlNPC7rHF8TsYmOTADU69%2B%2B%2Fol8yLJTHHQhvr%2Bf5O5wjhPZDddaEMD1lhgrNFX59TpZvCV9M4rSDCIHqoFDFRnsCphC6IUw%3D%22%7D&prevSearchId=1765686709859674781&loginPromo=1
652,"Chuyến đi vui vẻ view đẹp, khá hài lòng mặc dù lúc đầu phòng không vào được wifi với tivi nhưng ngay sau đó nhân viên có đến sửa. Thái độ phục vụ tốt",SOL by Melia Phu Quoc,https://www.traveloka.com/en-vn/hotel/detail?spec=13-05-2023.14-05-2023.1.1.HOTEL.1000000626112.SOL%20by%20Melia%20Phu%20Quoc.1&contexts=%7B%22inventoryRateKey%22%3A%22povEwB3ZzsU2C6pd%2B6MdU13LUNuufACdbU0usK5vg0dM0tKsNUio4Rxug1zOzHJilcvZa8YdqqIySdppe7dolTIewZlxfjiOGz6oXLTucMvN0%2BgQ3yZPvZcoHwUFNN%2BZpcr%2F%2FNa8o9ElfN8zOYhzzZeg0X586laFpeUViPi9rxBmwBdHcCHNVGYbHYVgpznVIvEWeildVo7nbHxIWcXPVNGysXwP9P%2F6jQTjnyKeTv%2ByqYmxSenRKFEfSHS0XO3kZfZPEEhT4qTyZ4NnGlioFk6ay4RXlsebEjOdYqJCyZZxlxUTHNffO2l8jiZZrGWd1F5yTZNH82d3Ski2hEsRD2fxa3MY%2Bk28ILHsNwZ6G%2FNGOtaiV%2Bgh4YG%2FkiP9POwHR1hgSE9JVGuYmbD4FB8l0LkkIBHgoTM4X0fNS81%2BA6f4zV6DxmQzI9dGh%2BP9eA6j%2B%2BfNqDfMsi4qyKjapz8T4qQ%2BjgAtJSRmIL7WdsmYhVjSQb5voiknUxgKT%2Fom%2FJJYAUyxf%2BoM7B5yfJewzeVoU2%2FtVYQKI1lMuX%2BRaPNcBUAvSnVpp3982X8ufymNCG%2Bvqv3rBuUa%2BDAlSlNPC7rHF8TsYmOTADU69%2B%2B%2Fol8yLJTHHQhvr%2Bf5O5wjhPZDddaEMD1lhgrNFX59TpZvCV9M4rSDCIHqoFDFRnsCphC6IUw%3D%22%7D&prevSearchId=1765686709859674781&loginPromo=1
653,Rất tuyệt. Mọi thứ đều tốt. Lần sau sẽ ghé lại.,SOL by Melia Phu Quoc,https://www.traveloka.com/en-vn/hotel/detail?spec=13-05-2023.14-05-2023.1.1.HOTEL.1000000626112.SOL%20by%20Melia%20Phu%20Quoc.1&contexts=%7B%22inventoryRateKey%22%3A%22povEwB3ZzsU2C6pd%2B6MdU13LUNuufACdbU0usK5vg0dM0tKsNUio4Rxug1zOzHJilcvZa8YdqqIySdppe7dolTIewZlxfjiOGz6oXLTucMvN0%2BgQ3yZPvZcoHwUFNN%2BZpcr%2F%2FNa8o9ElfN8zOYhzzZeg0X586laFpeUViPi9rxBmwBdHcCHNVGYbHYVgpznVIvEWeildVo7nbHxIWcXPVNGysXwP9P%2F6jQTjnyKeTv%2ByqYmxSenRKFEfSHS0XO3kZfZPEEhT4qTyZ4NnGlioFk6ay4RXlsebEjOdYqJCyZZxlxUTHNffO2l8jiZZrGWd1F5yTZNH82d3Ski2hEsRD2fxa3MY%2Bk28ILHsNwZ6G%2FNGOtaiV%2Bgh4YG%2FkiP9POwHR1hgSE9JVGuYmbD4FB8l0LkkIBHgoTM4X0fNS81%2BA6f4zV6DxmQzI9dGh%2BP9eA6j%2B%2BfNqDfMsi4qyKjapz8T4qQ%2BjgAtJSRmIL7WdsmYhVjSQb5voiknUxgKT%2Fom%2FJJYAUyxf%2BoM7B5yfJewzeVoU2%2FtVYQKI1lMuX%2BRaPNcBUAvSnVpp3982X8ufymNCG%2Bvqv3rBuUa%2BDAlSlNPC7rHF8TsYmOTADU69%2B%2B%2Fol8yLJTHHQhvr%2Bf5O5wjhPZDddaEMD1lhgrNFX59TpZvCV9M4rSDCIHqoFDFRnsCphC6IUw%3D%22%7D&prevSearchId=1765686709859674781&loginPromo=1
654,Mình thích SOL. phòng rất đẹp sạch sẽ nhân viên nhiệt tình thân thiện mến khách. đồ ăn đa dạng món ăn tiêu chuẩn 4 * (mình không hợp đồ tây nên mình không thử) view đẹp sống ảo thoải mái .xanh sạch là minh ok,SOL by Melia Phu Quoc,https://www.traveloka.com/en-vn/hotel/detail?spec=13-05-2023.14-05-2023.1.1.HOTEL.1000000626112.SOL%20by%20Melia%20Phu%20Quoc.1&contexts=%7B%22inventoryRateKey%22%3A%22povEwB3ZzsU2C6pd%2B6MdU13LUNuufACdbU0usK5vg0dM0tKsNUio4Rxug1zOzHJilcvZa8YdqqIySdppe7dolTIewZlxfjiOGz6oXLTucMvN0%2BgQ3yZPvZcoHwUFNN%2BZpcr%2F%2FNa8o9ElfN8zOYhzzZeg0X586laFpeUViPi9rxBmwBdHcCHNVGYbHYVgpznVIvEWeildVo7nbHxIWcXPVNGysXwP9P%2F6jQTjnyKeTv%2ByqYmxSenRKFEfSHS0XO3kZfZPEEhT4qTyZ4NnGlioFk6ay4RXlsebEjOdYqJCyZZxlxUTHNffO2l8jiZZrGWd1F5yTZNH82d3Ski2hEsRD2fxa3MY%2Bk28ILHsNwZ6G%2FNGOtaiV%2Bgh4YG%2FkiP9POwHR1hgSE9JVGuYmbD4FB8l0LkkIBHgoTM4X0fNS81%2BA6f4zV6DxmQzI9dGh%2BP9eA6j%2B%2BfNqDfMsi4qyKjapz8T4qQ%2BjgAtJSRmIL7WdsmYhVjSQb5voiknUxgKT%2Fom%2FJJYAUyxf%2BoM7B5yfJewzeVoU2%2FtVYQKI1lMuX%2BRaPNcBUAvSnVpp3982X8ufymNCG%2Bvqv3rBuUa%2BDAlSlNPC7rHF8TsYmOTADU69%2B%2B%2Fol8yLJTHHQhvr%2Bf5O5wjhPZDddaEMD1lhgrNFX59TpZvCV9M4rSDCIHqoFDFRnsCphC6IUw%3D%22%7D&prevSearchId=1765686709859674781&loginPromo=1
655,"Phòng sạch sẽ, không gian thoáng đãng, bãi biển đẹp, bữa sáng đa dạng nhưng hình như ông đầu bếp người Tây không làm ở đó nữa nên các loại bánh không được ngon như những lần trước mình đến. Nhân viên các bộ phận lễ phép, lịch sự lúc nào gặp cũng cúi đầu chào. Lúc mình ở bể bơi có bị chảy máu cậu nhân viên bể bơi tên Kha cũng nhanh chóng giúp mình băng lại",SOL by Melia Phu Quoc,https://www.traveloka.com/en-vn/hotel/detail?spec=13-05-2023.14-05-2023.1.1.HOTEL.1000000626112.SOL%20by%20Melia%20Phu%20Quoc.1&contexts=%7B%22inventoryRateKey%22%3A%22povEwB3ZzsU2C6pd%2B6MdU13LUNuufACdbU0usK5vg0dM0tKsNUio4Rxug1zOzHJilcvZa8YdqqIySdppe7dolTIewZlxfjiOGz6oXLTucMvN0%2BgQ3yZPvZcoHwUFNN%2BZpcr%2F%2FNa8o9ElfN8zOYhzzZeg0X586laFpeUViPi9rxBmwBdHcCHNVGYbHYVgpznVIvEWeildVo7nbHxIWcXPVNGysXwP9P%2F6jQTjnyKeTv%2ByqYmxSenRKFEfSHS0XO3kZfZPEEhT4qTyZ4NnGlioFk6ay4RXlsebEjOdYqJCyZZxlxUTHNffO2l8jiZZrGWd1F5yTZNH82d3Ski2hEsRD2fxa3MY%2Bk28ILHsNwZ6G%2FNGOtaiV%2Bgh4YG%2FkiP9POwHR1hgSE9JVGuYmbD4FB8l0LkkIBHgoTM4X0fNS81%2BA6f4zV6DxmQzI9dGh%2BP9eA6j%2B%2BfNqDfMsi4qyKjapz8T4qQ%2BjgAtJSRmIL7WdsmYhVjSQb5voiknUxgKT%2Fom%2FJJYAUyxf%2BoM7B5yfJewzeVoU2%2FtVYQKI1lMuX%2BRaPNcBUAvSnVpp3982X8ufymNCG%2Bvqv3rBuUa%2BDAlSlNPC7rHF8TsYmOTADU69%2B%2B%2Fol8yLJTHHQhvr%2Bf5O5wjhPZDddaEMD1lhgrNFX59TpZvCV9M4rSDCIHqoFDFRnsCphC6IUw%3D%22%7D&prevSearchId=1765686709859674781&loginPromo=1
656,"Mình ở khu Sun Building tầng trệt với pool access nên rất chill, ngày đầu mình ở hồ bơi trước phòng hơi dơ vì bông rụng nhiều và lá nên không tắm được! Có gọi hỏi lễ tân hỏi xem có dọn được không thì các bạn bảo được nhưng tận chiều hôm sau mới dọn! Buffet sáng theo khẩu vị của mình là tệ :( món ăn không đa dạng lựa mãi chẳng có gì đặc sắc cả! Nhưng ăn tối ở nhà hàng này lại okay mới lạ :)))) ngày cuối về phòng bị nghẹt bồn cầu xu cà na may mà kịp đi trước khi nó nghẹt 😅 phòng đặt 3 người nhưng set up đồ chỉ có 2 người gọi 2 lần lễ tân mới cho mang thêm bàn chải và khăn lên! Phục vụ bình thường, đồ ăn sáng tệ bù lại cảnh đẹp, hồ bơi và bãi biển cũng đẹp, xa trung tâm! Các bạn có thể tham khảo trãi nghiệm của mình nhé",SOL by Melia Phu Quoc,https://www.traveloka.com/en-vn/hotel/detail?spec=13-05-2023.14-05-2023.1.1.HOTEL.1000000626112.SOL%20by%20Melia%20Phu%20Quoc.1&contexts=%7B%22inventoryRateKey%22%3A%22povEwB3ZzsU2C6pd%2B6MdU13LUNuufACdbU0usK5vg0dM0tKsNUio4Rxug1zOzHJilcvZa8YdqqIySdppe7dolTIewZlxfjiOGz6oXLTucMvN0%2BgQ3yZPvZcoHwUFNN%2BZpcr%2F%2FNa8o9ElfN8zOYhzzZeg0X586laFpeUViPi9rxBmwBdHcCHNVGYbHYVgpznVIvEWeildVo7nbHxIWcXPVNGysXwP9P%2F6jQTjnyKeTv%2ByqYmxSenRKFEfSHS0XO3kZfZPEEhT4qTyZ4NnGlioFk6ay4RXlsebEjOdYqJCyZZxlxUTHNffO2l8jiZZrGWd1F5yTZNH82d3Ski2hEsRD2fxa3MY%2Bk28ILHsNwZ6G%2FNGOtaiV%2Bgh4YG%2FkiP9POwHR1hgSE9JVGuYmbD4FB8l0LkkIBHgoTM4X0fNS81%2BA6f4zV6DxmQzI9dGh%2BP9eA6j%2B%2BfNqDfMsi4qyKjapz8T4qQ%2BjgAtJSRmIL7WdsmYhVjSQb5voiknUxgKT%2Fom%2FJJYAUyxf%2BoM7B5yfJewzeVoU2%2FtVYQKI1lMuX%2BRaPNcBUAvSnVpp3982X8ufymNCG%2Bvqv3rBuUa%2BDAlSlNPC7rHF8TsYmOTADU69%2B%2B%2Fol8yLJTHHQhvr%2Bf5O5wjhPZDddaEMD1lhgrNFX59TpZvCV9M4rSDCIHqoFDFRnsCphC6IUw%3D%22%7D&prevSearchId=1765686709859674781&loginPromo=1
657,Khách sạn chất lượng. Giá hơp lý,SOL by Melia Phu Quoc,https://www.traveloka.com/en-vn/hotel/detail?spec=13-05-2023.14-05-2023.1.1.HOTEL.1000000626112.SOL%20by%20Melia%20Phu%20Quoc.1&contexts=%7B%22inventoryRateKey%22%3A%22povEwB3ZzsU2C6pd%2B6MdU13LUNuufACdbU0usK5vg0dM0tKsNUio4Rxug1zOzHJilcvZa8YdqqIySdppe7dolTIewZlxfjiOGz6oXLTucMvN0%2BgQ3yZPvZcoHwUFNN%2BZpcr%2F%2FNa8o9ElfN8zOYhzzZeg0X586laFpeUViPi9rxBmwBdHcCHNVGYbHYVgpznVIvEWeildVo7nbHxIWcXPVNGysXwP9P%2F6jQTjnyKeTv%2ByqYmxSenRKFEfSHS0XO3kZfZPEEhT4qTyZ4NnGlioFk6ay4RXlsebEjOdYqJCyZZxlxUTHNffO2l8jiZZrGWd1F5yTZNH82d3Ski2hEsRD2fxa3MY%2Bk28ILHsNwZ6G%2FNGOtaiV%2Bgh4YG%2FkiP9POwHR1hgSE9JVGuYmbD4FB8l0LkkIBHgoTM4X0fNS81%2BA6f4zV6DxmQzI9dGh%2BP9eA6j%2B%2BfNqDfMsi4qyKjapz8T4qQ%2BjgAtJSRmIL7WdsmYhVjSQb5voiknUxgKT%2Fom%2FJJYAUyxf%2BoM7B5yfJewzeVoU2%2FtVYQKI1lMuX%2BRaPNcBUAvSnVpp3982X8ufymNCG%2Bvqv3rBuUa%2BDAlSlNPC7rHF8TsYmOTADU69%2B%2B%2Fol8yLJTHHQhvr%2Bf5O5wjhPZDddaEMD1lhgrNFX59TpZvCV9M4rSDCIHqoFDFRnsCphC6IUw%3D%22%7D&prevSearchId=1765686709859674781&loginPromo=1
658,"Resort rất đẹp thoải mái, buổi sáng rất ngon.",SOL by Melia Phu Quoc,https://www.traveloka.com/en-vn/hotel/detail?spec=13-05-2023.14-05-2023.1.1.HOTEL.1000000626112.SOL%20by%20Melia%20Phu%20Quoc.1&contexts=%7B%22inventoryRateKey%22%3A%22povEwB3ZzsU2C6pd%2B6MdU13LUNuufACdbU0usK5vg0dM0tKsNUio4Rxug1zOzHJilcvZa8YdqqIySdppe7dolTIewZlxfjiOGz6oXLTucMvN0%2BgQ3yZPvZcoHwUFNN%2BZpcr%2F%2FNa8o9ElfN8zOYhzzZeg0X586laFpeUViPi9rxBmwBdHcCHNVGYbHYVgpznVIvEWeildVo7nbHxIWcXPVNGysXwP9P%2F6jQTjnyKeTv%2ByqYmxSenRKFEfSHS0XO3kZfZPEEhT4qTyZ4NnGlioFk6ay4RXlsebEjOdYqJCyZZxlxUTHNffO2l8jiZZrGWd1F5yTZNH82d3Ski2hEsRD2fxa3MY%2Bk28ILHsNwZ6G%2FNGOtaiV%2Bgh4YG%2FkiP9POwHR1hgSE9JVGuYmbD4FB8l0LkkIBHgoTM4X0fNS81%2BA6f4zV6DxmQzI9dGh%2BP9eA6j%2B%2BfNqDfMsi4qyKjapz8T4qQ%2BjgAtJSRmIL7WdsmYhVjSQb5voiknUxgKT%2Fom%2FJJYAUyxf%2BoM7B5yfJewzeVoU2%2FtVYQKI1lMuX%2BRaPNcBUAvSnVpp3982X8ufymNCG%2Bvqv3rBuUa%2BDAlSlNPC7rHF8TsYmOTADU69%2B%2B%2Fol8yLJTHHQhvr%2Bf5O5wjhPZDddaEMD1lhgrNFX59TpZvCV9M4rSDCIHqoFDFRnsCphC6IUw%3D%22%7D&prevSearchId=1765686709859674781&loginPromo=1
659,"Không hiểu sao khách sạn lại cho phép team building party của một công ty nào đó mở nhạc ồn ào cho tới nửa đêm, ảnh hưởng tới các khách khác cần nghỉ ngơi. Ăn sáng thì có người hút thuốc ngay trong nhà hàng. Phòng cách âm không tốt, nghe tiếng con nít chạy nhảy từ tầng trên. Đồ ăn không ngon. Không quay lại dù nhân viên khá thân thiện.",SOL by Melia Phu Quoc,https://www.traveloka.com/en-vn/hotel/detail?spec=13-05-2023.14-05-2023.1.1.HOTEL.1000000626112.SOL%20by%20Melia%20Phu%20Quoc.1&contexts=%7B%22inventoryRateKey%22%3A%22povEwB3ZzsU2C6pd%2B6MdU13LUNuufACdbU0usK5vg0dM0tKsNUio4Rxug1zOzHJilcvZa8YdqqIySdppe7dolTIewZlxfjiOGz6oXLTucMvN0%2BgQ3yZPvZcoHwUFNN%2BZpcr%2F%2FNa8o9ElfN8zOYhzzZeg0X586laFpeUViPi9rxBmwBdHcCHNVGYbHYVgpznVIvEWeildVo7nbHxIWcXPVNGysXwP9P%2F6jQTjnyKeTv%2ByqYmxSenRKFEfSHS0XO3kZfZPEEhT4qTyZ4NnGlioFk6ay4RXlsebEjOdYqJCyZZxlxUTHNffO2l8jiZZrGWd1F5yTZNH82d3Ski2hEsRD2fxa3MY%2Bk28ILHsNwZ6G%2FNGOtaiV%2Bgh4YG%2FkiP9POwHR1hgSE9JVGuYmbD4FB8l0LkkIBHgoTM4X0fNS81%2BA6f4zV6DxmQzI9dGh%2BP9eA6j%2B%2BfNqDfMsi4qyKjapz8T4qQ%2BjgAtJSRmIL7WdsmYhVjSQb5voiknUxgKT%2Fom%2FJJYAUyxf%2BoM7B5yfJewzeVoU2%2FtVYQKI1lMuX%2BRaPNcBUAvSnVpp3982X8ufymNCG%2Bvqv3rBuUa%2BDAlSlNPC7rHF8TsYmOTADU69%2B%2B%2Fol8yLJTHHQhvr%2Bf5O5wjhPZDddaEMD1lhgrNFX59TpZvCV9M4rSDCIHqoFDFRnsCphC6IUw%3D%22%7D&prevSearchId=1765686709859674781&loginPromo=1
660,"Phòng rộng, view đẹp, ban công dài. Bể bơi sạch sẽ. Nhân viên thân thiện, nhiệt tình. Ngắm hoàng hôn từ Sol thật tuyệt!",SOL by Melia Phu Quoc,https://www.traveloka.com/en-vn/hotel/detail?spec=13-05-2023.14-05-2023.1.1.HOTEL.1000000626112.SOL%20by%20Melia%20Phu%20Quoc.1&contexts=%7B%22inventoryRateKey%22%3A%22povEwB3ZzsU2C6pd%2B6MdU13LUNuufACdbU0usK5vg0dM0tKsNUio4Rxug1zOzHJilcvZa8YdqqIySdppe7dolTIewZlxfjiOGz6oXLTucMvN0%2BgQ3yZPvZcoHwUFNN%2BZpcr%2F%2FNa8o9ElfN8zOYhzzZeg0X586laFpeUViPi9rxBmwBdHcCHNVGYbHYVgpznVIvEWeildVo7nbHxIWcXPVNGysXwP9P%2F6jQTjnyKeTv%2ByqYmxSenRKFEfSHS0XO3kZfZPEEhT4qTyZ4NnGlioFk6ay4RXlsebEjOdYqJCyZZxlxUTHNffO2l8jiZZrGWd1F5yTZNH82d3Ski2hEsRD2fxa3MY%2Bk28ILHsNwZ6G%2FNGOtaiV%2Bgh4YG%2FkiP9POwHR1hgSE9JVGuYmbD4FB8l0LkkIBHgoTM4X0fNS81%2BA6f4zV6DxmQzI9dGh%2BP9eA6j%2B%2BfNqDfMsi4qyKjapz8T4qQ%2BjgAtJSRmIL7WdsmYhVjSQb5voiknUxgKT%2Fom%2FJJYAUyxf%2BoM7B5yfJewzeVoU2%2FtVYQKI1lMuX%2BRaPNcBUAvSnVpp3982X8ufymNCG%2Bvqv3rBuUa%2BDAlSlNPC7rHF8TsYmOTADU69%2B%2B%2Fol8yLJTHHQhvr%2Bf5O5wjhPZDddaEMD1lhgrNFX59TpZvCV9M4rSDCIHqoFDFRnsCphC6IUw%3D%22%7D&prevSearchId=1765686709859674781&loginPromo=1
661,"Phòng hơi cũ, nước uống trong phòng hàng ngày là bình nước 20 Lít. nhân viên quầy bar (có 1 người kiêm ghi order,bê đồ ăn và tính tiền) ở bể bơi không nhiệt tình, mặt cau có mặc dù không có khách. Vị trí đẹp,yên tĩnh, lễ tân và bảo vệ nice,có xe bus đưa đón sân bay thuận tiện",SOL by Melia Phu Quoc,https://www.traveloka.com/en-vn/hotel/detail?spec=13-05-2023.14-05-2023.1.1.HOTEL.1000000626112.SOL%20by%20Melia%20Phu%20Quoc.1&contexts=%7B%22inventoryRateKey%22%3A%22povEwB3ZzsU2C6pd%2B6MdU13LUNuufACdbU0usK5vg0dM0tKsNUio4Rxug1zOzHJilcvZa8YdqqIySdppe7dolTIewZlxfjiOGz6oXLTucMvN0%2BgQ3yZPvZcoHwUFNN%2BZpcr%2F%2FNa8o9ElfN8zOYhzzZeg0X586laFpeUViPi9rxBmwBdHcCHNVGYbHYVgpznVIvEWeildVo7nbHxIWcXPVNGysXwP9P%2F6jQTjnyKeTv%2ByqYmxSenRKFEfSHS0XO3kZfZPEEhT4qTyZ4NnGlioFk6ay4RXlsebEjOdYqJCyZZxlxUTHNffO2l8jiZZrGWd1F5yTZNH82d3Ski2hEsRD2fxa3MY%2Bk28ILHsNwZ6G%2FNGOtaiV%2Bgh4YG%2FkiP9POwHR1hgSE9JVGuYmbD4FB8l0LkkIBHgoTM4X0fNS81%2BA6f4zV6DxmQzI9dGh%2BP9eA6j%2B%2BfNqDfMsi4qyKjapz8T4qQ%2BjgAtJSRmIL7WdsmYhVjSQb5voiknUxgKT%2Fom%2FJJYAUyxf%2BoM7B5yfJewzeVoU2%2FtVYQKI1lMuX%2BRaPNcBUAvSnVpp3982X8ufymNCG%2Bvqv3rBuUa%2BDAlSlNPC7rHF8TsYmOTADU69%2B%2B%2Fol8yLJTHHQhvr%2Bf5O5wjhPZDddaEMD1lhgrNFX59TpZvCV9M4rSDCIHqoFDFRnsCphC6IUw%3D%22%7D&prevSearchId=1765686709859674781&loginPromo=1
662,,SOL by Melia Phu Quoc,https://www.traveloka.com/en-vn/hotel/detail?spec=13-05-2023.14-05-2023.1.1.HOTEL.1000000626112.SOL%20by%20Melia%20Phu%20Quoc.1&contexts=%7B%22inventoryRateKey%22%3A%22povEwB3ZzsU2C6pd%2B6MdU13LUNuufACdbU0usK5vg0dM0tKsNUio4Rxug1zOzHJilcvZa8YdqqIySdppe7dolTIewZlxfjiOGz6oXLTucMvN0%2BgQ3yZPvZcoHwUFNN%2BZpcr%2F%2FNa8o9ElfN8zOYhzzZeg0X586laFpeUViPi9rxBmwBdHcCHNVGYbHYVgpznVIvEWeildVo7nbHxIWcXPVNGysXwP9P%2F6jQTjnyKeTv%2ByqYmxSenRKFEfSHS0XO3kZfZPEEhT4qTyZ4NnGlioFk6ay4RXlsebEjOdYqJCyZZxlxUTHNffO2l8jiZZrGWd1F5yTZNH82d3Ski2hEsRD2fxa3MY%2Bk28ILHsNwZ6G%2FNGOtaiV%2Bgh4YG%2FkiP9POwHR1hgSE9JVGuYmbD4FB8l0LkkIBHgoTM4X0fNS81%2BA6f4zV6DxmQzI9dGh%2BP9eA6j%2B%2BfNqDfMsi4qyKjapz8T4qQ%2BjgAtJSRmIL7WdsmYhVjSQb5voiknUxgKT%2Fom%2FJJYAUyxf%2BoM7B5yfJewzeVoU2%2FtVYQKI1lMuX%2BRaPNcBUAvSnVpp3982X8ufymNCG%2Bvqv3rBuUa%2BDAlSlNPC7rHF8TsYmOTADU69%2B%2B%2Fol8yLJTHHQhvr%2Bf5O5wjhPZDddaEMD1lhgrNFX59TpZvCV9M4rSDCIHqoFDFRnsCphC6IUw%3D%22%7D&prevSearchId=1765686709859674781&loginPromo=1
663,"Nhân viên rất nhiệt tình, sẵn sàng hỗ trợ tiện ích tốt nhất cho khách hàng",SOL by Melia Phu Quoc,https://www.traveloka.com/en-vn/hotel/detail?spec=13-05-2023.14-05-2023.1.1.HOTEL.1000000626112.SOL%20by%20Melia%20Phu%20Quoc.1&contexts=%7B%22inventoryRateKey%22%3A%22povEwB3ZzsU2C6pd%2B6MdU13LUNuufACdbU0usK5vg0dM0tKsNUio4Rxug1zOzHJilcvZa8YdqqIySdppe7dolTIewZlxfjiOGz6oXLTucMvN0%2BgQ3yZPvZcoHwUFNN%2BZpcr%2F%2FNa8o9ElfN8zOYhzzZeg0X586laFpeUViPi9rxBmwBdHcCHNVGYbHYVgpznVIvEWeildVo7nbHxIWcXPVNGysXwP9P%2F6jQTjnyKeTv%2ByqYmxSenRKFEfSHS0XO3kZfZPEEhT4qTyZ4NnGlioFk6ay4RXlsebEjOdYqJCyZZxlxUTHNffO2l8jiZZrGWd1F5yTZNH82d3Ski2hEsRD2fxa3MY%2Bk28ILHsNwZ6G%2FNGOtaiV%2Bgh4YG%2FkiP9POwHR1hgSE9JVGuYmbD4FB8l0LkkIBHgoTM4X0fNS81%2BA6f4zV6DxmQzI9dGh%2BP9eA6j%2B%2BfNqDfMsi4qyKjapz8T4qQ%2BjgAtJSRmIL7WdsmYhVjSQb5voiknUxgKT%2Fom%2FJJYAUyxf%2BoM7B5yfJewzeVoU2%2FtVYQKI1lMuX%2BRaPNcBUAvSnVpp3982X8ufymNCG%2Bvqv3rBuUa%2BDAlSlNPC7rHF8TsYmOTADU69%2B%2B%2Fol8yLJTHHQhvr%2Bf5O5wjhPZDddaEMD1lhgrNFX59TpZvCV9M4rSDCIHqoFDFRnsCphC6IUw%3D%22%7D&prevSearchId=1765686709859674781&loginPromo=1
664,"Phòng rộng rãi, tông màu dễ thương, không gian nhiều cây xanh, hồ bơi rộng, địa điểm lý tưởng để ngắm hoàng hôn trên biển.",SOL by Melia Phu Quoc,https://www.traveloka.com/en-vn/hotel/detail?spec=13-05-2023.14-05-2023.1.1.HOTEL.1000000626112.SOL%20by%20Melia%20Phu%20Quoc.1&contexts=%7B%22inventoryRateKey%22%3A%22povEwB3ZzsU2C6pd%2B6MdU13LUNuufACdbU0usK5vg0dM0tKsNUio4Rxug1zOzHJilcvZa8YdqqIySdppe7dolTIewZlxfjiOGz6oXLTucMvN0%2BgQ3yZPvZcoHwUFNN%2BZpcr%2F%2FNa8o9ElfN8zOYhzzZeg0X586laFpeUViPi9rxBmwBdHcCHNVGYbHYVgpznVIvEWeildVo7nbHxIWcXPVNGysXwP9P%2F6jQTjnyKeTv%2ByqYmxSenRKFEfSHS0XO3kZfZPEEhT4qTyZ4NnGlioFk6ay4RXlsebEjOdYqJCyZZxlxUTHNffO2l8jiZZrGWd1F5yTZNH82d3Ski2hEsRD2fxa3MY%2Bk28ILHsNwZ6G%2FNGOtaiV%2Bgh4YG%2FkiP9POwHR1hgSE9JVGuYmbD4FB8l0LkkIBHgoTM4X0fNS81%2BA6f4zV6DxmQzI9dGh%2BP9eA6j%2B%2BfNqDfMsi4qyKjapz8T4qQ%2BjgAtJSRmIL7WdsmYhVjSQb5voiknUxgKT%2Fom%2FJJYAUyxf%2BoM7B5yfJewzeVoU2%2FtVYQKI1lMuX%2BRaPNcBUAvSnVpp3982X8ufymNCG%2Bvqv3rBuUa%2BDAlSlNPC7rHF8TsYmOTADU69%2B%2B%2Fol8yLJTHHQhvr%2Bf5O5wjhPZDddaEMD1lhgrNFX59TpZvCV9M4rSDCIHqoFDFRnsCphC6IUw%3D%22%7D&prevSearchId=1765686709859674781&loginPromo=1
665,,SOL by Melia Phu Quoc,https://www.traveloka.com/en-vn/hotel/detail?spec=13-05-2023.14-05-2023.1.1.HOTEL.1000000626112.SOL%20by%20Melia%20Phu%20Quoc.1&contexts=%7B%22inventoryRateKey%22%3A%22povEwB3ZzsU2C6pd%2B6MdU13LUNuufACdbU0usK5vg0dM0tKsNUio4Rxug1zOzHJilcvZa8YdqqIySdppe7dolTIewZlxfjiOGz6oXLTucMvN0%2BgQ3yZPvZcoHwUFNN%2BZpcr%2F%2FNa8o9ElfN8zOYhzzZeg0X586laFpeUViPi9rxBmwBdHcCHNVGYbHYVgpznVIvEWeildVo7nbHxIWcXPVNGysXwP9P%2F6jQTjnyKeTv%2ByqYmxSenRKFEfSHS0XO3kZfZPEEhT4qTyZ4NnGlioFk6ay4RXlsebEjOdYqJCyZZxlxUTHNffO2l8jiZZrGWd1F5yTZNH82d3Ski2hEsRD2fxa3MY%2Bk28ILHsNwZ6G%2FNGOtaiV%2Bgh4YG%2FkiP9POwHR1hgSE9JVGuYmbD4FB8l0LkkIBHgoTM4X0fNS81%2BA6f4zV6DxmQzI9dGh%2BP9eA6j%2B%2BfNqDfMsi4qyKjapz8T4qQ%2BjgAtJSRmIL7WdsmYhVjSQb5voiknUxgKT%2Fom%2FJJYAUyxf%2BoM7B5yfJewzeVoU2%2FtVYQKI1lMuX%2BRaPNcBUAvSnVpp3982X8ufymNCG%2Bvqv3rBuUa%2BDAlSlNPC7rHF8TsYmOTADU69%2B%2B%2Fol8yLJTHHQhvr%2Bf5O5wjhPZDddaEMD1lhgrNFX59TpZvCV9M4rSDCIHqoFDFRnsCphC6IUw%3D%22%7D&prevSearchId=1765686709859674781&loginPromo=1
666,"Chỗ ở khá dễ chịu, view đẹp, tiện nghi với bể bơi và bãi biển riêng. Bãi biển đẹp, nước trong. Tuy nhiên nhà hàng có vẻ ít nhân viên, chỉ nên ăn sáng. Lúc ăn tối thấy các bạn chạy qua chạy lại mà không lấy đủ đồ cho khách.",SOL by Melia Phu Quoc,https://www.traveloka.com/en-vn/hotel/detail?spec=13-05-2023.14-05-2023.1.1.HOTEL.1000000626112.SOL%20by%20Melia%20Phu%20Quoc.1&contexts=%7B%22inventoryRateKey%22%3A%22povEwB3ZzsU2C6pd%2B6MdU13LUNuufACdbU0usK5vg0dM0tKsNUio4Rxug1zOzHJilcvZa8YdqqIySdppe7dolTIewZlxfjiOGz6oXLTucMvN0%2BgQ3yZPvZcoHwUFNN%2BZpcr%2F%2FNa8o9ElfN8zOYhzzZeg0X586laFpeUViPi9rxBmwBdHcCHNVGYbHYVgpznVIvEWeildVo7nbHxIWcXPVNGysXwP9P%2F6jQTjnyKeTv%2ByqYmxSenRKFEfSHS0XO3kZfZPEEhT4qTyZ4NnGlioFk6ay4RXlsebEjOdYqJCyZZxlxUTHNffO2l8jiZZrGWd1F5yTZNH82d3Ski2hEsRD2fxa3MY%2Bk28ILHsNwZ6G%2FNGOtaiV%2Bgh4YG%2FkiP9POwHR1hgSE9JVGuYmbD4FB8l0LkkIBHgoTM4X0fNS81%2BA6f4zV6DxmQzI9dGh%2BP9eA6j%2B%2BfNqDfMsi4qyKjapz8T4qQ%2BjgAtJSRmIL7WdsmYhVjSQb5voiknUxgKT%2Fom%2FJJYAUyxf%2BoM7B5yfJewzeVoU2%2FtVYQKI1lMuX%2BRaPNcBUAvSnVpp3982X8ufymNCG%2Bvqv3rBuUa%2BDAlSlNPC7rHF8TsYmOTADU69%2B%2B%2Fol8yLJTHHQhvr%2Bf5O5wjhPZDddaEMD1lhgrNFX59TpZvCV9M4rSDCIHqoFDFRnsCphC6IUw%3D%22%7D&prevSearchId=1765686709859674781&loginPromo=1
667,Rất hài lòng với thái độ phục vụ thân thiện của nhân viên tại đây,SOL by Melia Phu Quoc,https://www.traveloka.com/en-vn/hotel/detail?spec=13-05-2023.14-05-2023.1.1.HOTEL.1000000626112.SOL%20by%20Melia%20Phu%20Quoc.1&contexts=%7B%22inventoryRateKey%22%3A%22povEwB3ZzsU2C6pd%2B6MdU13LUNuufACdbU0usK5vg0dM0tKsNUio4Rxug1zOzHJilcvZa8YdqqIySdppe7dolTIewZlxfjiOGz6oXLTucMvN0%2BgQ3yZPvZcoHwUFNN%2BZpcr%2F%2FNa8o9ElfN8zOYhzzZeg0X586laFpeUViPi9rxBmwBdHcCHNVGYbHYVgpznVIvEWeildVo7nbHxIWcXPVNGysXwP9P%2F6jQTjnyKeTv%2ByqYmxSenRKFEfSHS0XO3kZfZPEEhT4qTyZ4NnGlioFk6ay4RXlsebEjOdYqJCyZZxlxUTHNffO2l8jiZZrGWd1F5yTZNH82d3Ski2hEsRD2fxa3MY%2Bk28ILHsNwZ6G%2FNGOtaiV%2Bgh4YG%2FkiP9POwHR1hgSE9JVGuYmbD4FB8l0LkkIBHgoTM4X0fNS81%2BA6f4zV6DxmQzI9dGh%2BP9eA6j%2B%2BfNqDfMsi4qyKjapz8T4qQ%2BjgAtJSRmIL7WdsmYhVjSQb5voiknUxgKT%2Fom%2FJJYAUyxf%2BoM7B5yfJewzeVoU2%2FtVYQKI1lMuX%2BRaPNcBUAvSnVpp3982X8ufymNCG%2Bvqv3rBuUa%2BDAlSlNPC7rHF8TsYmOTADU69%2B%2B%2Fol8yLJTHHQhvr%2Bf5O5wjhPZDddaEMD1lhgrNFX59TpZvCV9M4rSDCIHqoFDFRnsCphC6IUw%3D%22%7D&prevSearchId=1765686709859674781&loginPromo=1
668,xe cộ chưa được hài lòng. khách hàng phải tự alo cho tài xế. không hài lòng về dịch vụ vận chuyen,SOL by Melia Phu Quoc,https://www.traveloka.com/en-vn/hotel/detail?spec=13-05-2023.14-05-2023.1.1.HOTEL.1000000626112.SOL%20by%20Melia%20Phu%20Quoc.1&contexts=%7B%22inventoryRateKey%22%3A%22povEwB3ZzsU2C6pd%2B6MdU13LUNuufACdbU0usK5vg0dM0tKsNUio4Rxug1zOzHJilcvZa8YdqqIySdppe7dolTIewZlxfjiOGz6oXLTucMvN0%2BgQ3yZPvZcoHwUFNN%2BZpcr%2F%2FNa8o9ElfN8zOYhzzZeg0X586laFpeUViPi9rxBmwBdHcCHNVGYbHYVgpznVIvEWeildVo7nbHxIWcXPVNGysXwP9P%2F6jQTjnyKeTv%2ByqYmxSenRKFEfSHS0XO3kZfZPEEhT4qTyZ4NnGlioFk6ay4RXlsebEjOdYqJCyZZxlxUTHNffO2l8jiZZrGWd1F5yTZNH82d3Ski2hEsRD2fxa3MY%2Bk28ILHsNwZ6G%2FNGOtaiV%2Bgh4YG%2FkiP9POwHR1hgSE9JVGuYmbD4FB8l0LkkIBHgoTM4X0fNS81%2BA6f4zV6DxmQzI9dGh%2BP9eA6j%2B%2BfNqDfMsi4qyKjapz8T4qQ%2BjgAtJSRmIL7WdsmYhVjSQb5voiknUxgKT%2Fom%2FJJYAUyxf%2BoM7B5yfJewzeVoU2%2FtVYQKI1lMuX%2BRaPNcBUAvSnVpp3982X8ufymNCG%2Bvqv3rBuUa%2BDAlSlNPC7rHF8TsYmOTADU69%2B%2B%2Fol8yLJTHHQhvr%2Bf5O5wjhPZDddaEMD1lhgrNFX59TpZvCV9M4rSDCIHqoFDFRnsCphC6IUw%3D%22%7D&prevSearchId=1765686709859674781&loginPromo=1
669,"Nhân viên thân thiện, dịch vụ tốt, sẽ quay lại",SOL by Melia Phu Quoc,https://www.traveloka.com/en-vn/hotel/detail?spec=13-05-2023.14-05-2023.1.1.HOTEL.1000000626112.SOL%20by%20Melia%20Phu%20Quoc.1&contexts=%7B%22inventoryRateKey%22%3A%22povEwB3ZzsU2C6pd%2B6MdU13LUNuufACdbU0usK5vg0dM0tKsNUio4Rxug1zOzHJilcvZa8YdqqIySdppe7dolTIewZlxfjiOGz6oXLTucMvN0%2BgQ3yZPvZcoHwUFNN%2BZpcr%2F%2FNa8o9ElfN8zOYhzzZeg0X586laFpeUViPi9rxBmwBdHcCHNVGYbHYVgpznVIvEWeildVo7nbHxIWcXPVNGysXwP9P%2F6jQTjnyKeTv%2ByqYmxSenRKFEfSHS0XO3kZfZPEEhT4qTyZ4NnGlioFk6ay4RXlsebEjOdYqJCyZZxlxUTHNffO2l8jiZZrGWd1F5yTZNH82d3Ski2hEsRD2fxa3MY%2Bk28ILHsNwZ6G%2FNGOtaiV%2Bgh4YG%2FkiP9POwHR1hgSE9JVGuYmbD4FB8l0LkkIBHgoTM4X0fNS81%2BA6f4zV6DxmQzI9dGh%2BP9eA6j%2B%2BfNqDfMsi4qyKjapz8T4qQ%2BjgAtJSRmIL7WdsmYhVjSQb5voiknUxgKT%2Fom%2FJJYAUyxf%2BoM7B5yfJewzeVoU2%2FtVYQKI1lMuX%2BRaPNcBUAvSnVpp3982X8ufymNCG%2Bvqv3rBuUa%2BDAlSlNPC7rHF8TsYmOTADU69%2B%2B%2Fol8yLJTHHQhvr%2Bf5O5wjhPZDddaEMD1lhgrNFX59TpZvCV9M4rSDCIHqoFDFRnsCphC6IUw%3D%22%7D&prevSearchId=1765686709859674781&loginPromo=1
670,"Resort có trồng nhiều hoa, chăm chút cẩn thận rất đẹp, phòng có bình nước lớn thay vì 2 hoặc 4 chai nước như những nơi khác, tuy nhiên bữa sáng ít món và nấu không ngon",SOL by Melia Phu Quoc,https://www.traveloka.com/en-vn/hotel/detail?spec=13-05-2023.14-05-2023.1.1.HOTEL.1000000626112.SOL%20by%20Melia%20Phu%20Quoc.1&contexts=%7B%22inventoryRateKey%22%3A%22povEwB3ZzsU2C6pd%2B6MdU13LUNuufACdbU0usK5vg0dM0tKsNUio4Rxug1zOzHJilcvZa8YdqqIySdppe7dolTIewZlxfjiOGz6oXLTucMvN0%2BgQ3yZPvZcoHwUFNN%2BZpcr%2F%2FNa8o9ElfN8zOYhzzZeg0X586laFpeUViPi9rxBmwBdHcCHNVGYbHYVgpznVIvEWeildVo7nbHxIWcXPVNGysXwP9P%2F6jQTjnyKeTv%2ByqYmxSenRKFEfSHS0XO3kZfZPEEhT4qTyZ4NnGlioFk6ay4RXlsebEjOdYqJCyZZxlxUTHNffO2l8jiZZrGWd1F5yTZNH82d3Ski2hEsRD2fxa3MY%2Bk28ILHsNwZ6G%2FNGOtaiV%2Bgh4YG%2FkiP9POwHR1hgSE9JVGuYmbD4FB8l0LkkIBHgoTM4X0fNS81%2BA6f4zV6DxmQzI9dGh%2BP9eA6j%2B%2BfNqDfMsi4qyKjapz8T4qQ%2BjgAtJSRmIL7WdsmYhVjSQb5voiknUxgKT%2Fom%2FJJYAUyxf%2BoM7B5yfJewzeVoU2%2FtVYQKI1lMuX%2BRaPNcBUAvSnVpp3982X8ufymNCG%2Bvqv3rBuUa%2BDAlSlNPC7rHF8TsYmOTADU69%2B%2B%2Fol8yLJTHHQhvr%2Bf5O5wjhPZDddaEMD1lhgrNFX59TpZvCV9M4rSDCIHqoFDFRnsCphC6IUw%3D%22%7D&prevSearchId=1765686709859674781&loginPromo=1
671,"Khách sạn đẹp và sạch, view hồ bơi và bãi biển rất tuyệt. Nhưng do dịch nên 1 số dịch vụ không thể phục vụ.",SOL by Melia Phu Quoc,https://www.traveloka.com/en-vn/hotel/detail?spec=13-05-2023.14-05-2023.1.1.HOTEL.1000000626112.SOL%20by%20Melia%20Phu%20Quoc.1&contexts=%7B%22inventoryRateKey%22%3A%22povEwB3ZzsU2C6pd%2B6MdU13LUNuufACdbU0usK5vg0dM0tKsNUio4Rxug1zOzHJilcvZa8YdqqIySdppe7dolTIewZlxfjiOGz6oXLTucMvN0%2BgQ3yZPvZcoHwUFNN%2BZpcr%2F%2FNa8o9ElfN8zOYhzzZeg0X586laFpeUViPi9rxBmwBdHcCHNVGYbHYVgpznVIvEWeildVo7nbHxIWcXPVNGysXwP9P%2F6jQTjnyKeTv%2ByqYmxSenRKFEfSHS0XO3kZfZPEEhT4qTyZ4NnGlioFk6ay4RXlsebEjOdYqJCyZZxlxUTHNffO2l8jiZZrGWd1F5yTZNH82d3Ski2hEsRD2fxa3MY%2Bk28ILHsNwZ6G%2FNGOtaiV%2Bgh4YG%2FkiP9POwHR1hgSE9JVGuYmbD4FB8l0LkkIBHgoTM4X0fNS81%2BA6f4zV6DxmQzI9dGh%2BP9eA6j%2B%2BfNqDfMsi4qyKjapz8T4qQ%2BjgAtJSRmIL7WdsmYhVjSQb5voiknUxgKT%2Fom%2FJJYAUyxf%2BoM7B5yfJewzeVoU2%2FtVYQKI1lMuX%2BRaPNcBUAvSnVpp3982X8ufymNCG%2Bvqv3rBuUa%2BDAlSlNPC7rHF8TsYmOTADU69%2B%2B%2Fol8yLJTHHQhvr%2Bf5O5wjhPZDddaEMD1lhgrNFX59TpZvCV9M4rSDCIHqoFDFRnsCphC6IUw%3D%22%7D&prevSearchId=1765686709859674781&loginPromo=1
672,"Một resort tuyệt vời mà mình đã từng ở, nhân viên thân thiện, phòng đẹp, hồ bơi và bãi biển có nhiều gốc để sống ảo",SOL by Melia Phu Quoc,https://www.traveloka.com/en-vn/hotel/detail?spec=13-05-2023.14-05-2023.1.1.HOTEL.1000000626112.SOL%20by%20Melia%20Phu%20Quoc.1&contexts=%7B%22inventoryRateKey%22%3A%22povEwB3ZzsU2C6pd%2B6MdU13LUNuufACdbU0usK5vg0dM0tKsNUio4Rxug1zOzHJilcvZa8YdqqIySdppe7dolTIewZlxfjiOGz6oXLTucMvN0%2BgQ3yZPvZcoHwUFNN%2BZpcr%2F%2FNa8o9ElfN8zOYhzzZeg0X586laFpeUViPi9rxBmwBdHcCHNVGYbHYVgpznVIvEWeildVo7nbHxIWcXPVNGysXwP9P%2F6jQTjnyKeTv%2ByqYmxSenRKFEfSHS0XO3kZfZPEEhT4qTyZ4NnGlioFk6ay4RXlsebEjOdYqJCyZZxlxUTHNffO2l8jiZZrGWd1F5yTZNH82d3Ski2hEsRD2fxa3MY%2Bk28ILHsNwZ6G%2FNGOtaiV%2Bgh4YG%2FkiP9POwHR1hgSE9JVGuYmbD4FB8l0LkkIBHgoTM4X0fNS81%2BA6f4zV6DxmQzI9dGh%2BP9eA6j%2B%2BfNqDfMsi4qyKjapz8T4qQ%2BjgAtJSRmIL7WdsmYhVjSQb5voiknUxgKT%2Fom%2FJJYAUyxf%2BoM7B5yfJewzeVoU2%2FtVYQKI1lMuX%2BRaPNcBUAvSnVpp3982X8ufymNCG%2Bvqv3rBuUa%2BDAlSlNPC7rHF8TsYmOTADU69%2B%2B%2Fol8yLJTHHQhvr%2Bf5O5wjhPZDddaEMD1lhgrNFX59TpZvCV9M4rSDCIHqoFDFRnsCphC6IUw%3D%22%7D&prevSearchId=1765686709859674781&loginPromo=1
673,Sau 2 năm giờ quay lại thì mọi thứ đã trở nên cũ kĩ mà giá thì vẫn cao,SOL by Melia Phu Quoc,https://www.traveloka.com/en-vn/hotel/detail?spec=13-05-2023.14-05-2023.1.1.HOTEL.1000000626112.SOL%20by%20Melia%20Phu%20Quoc.1&contexts=%7B%22inventoryRateKey%22%3A%22povEwB3ZzsU2C6pd%2B6MdU13LUNuufACdbU0usK5vg0dM0tKsNUio4Rxug1zOzHJilcvZa8YdqqIySdppe7dolTIewZlxfjiOGz6oXLTucMvN0%2BgQ3yZPvZcoHwUFNN%2BZpcr%2F%2FNa8o9ElfN8zOYhzzZeg0X586laFpeUViPi9rxBmwBdHcCHNVGYbHYVgpznVIvEWeildVo7nbHxIWcXPVNGysXwP9P%2F6jQTjnyKeTv%2ByqYmxSenRKFEfSHS0XO3kZfZPEEhT4qTyZ4NnGlioFk6ay4RXlsebEjOdYqJCyZZxlxUTHNffO2l8jiZZrGWd1F5yTZNH82d3Ski2hEsRD2fxa3MY%2Bk28ILHsNwZ6G%2FNGOtaiV%2Bgh4YG%2FkiP9POwHR1hgSE9JVGuYmbD4FB8l0LkkIBHgoTM4X0fNS81%2BA6f4zV6DxmQzI9dGh%2BP9eA6j%2B%2BfNqDfMsi4qyKjapz8T4qQ%2BjgAtJSRmIL7WdsmYhVjSQb5voiknUxgKT%2Fom%2FJJYAUyxf%2BoM7B5yfJewzeVoU2%2FtVYQKI1lMuX%2BRaPNcBUAvSnVpp3982X8ufymNCG%2Bvqv3rBuUa%2BDAlSlNPC7rHF8TsYmOTADU69%2B%2B%2Fol8yLJTHHQhvr%2Bf5O5wjhPZDddaEMD1lhgrNFX59TpZvCV9M4rSDCIHqoFDFRnsCphC6IUw%3D%22%7D&prevSearchId=1765686709859674781&loginPromo=1
674,"Không xứng với đánh giá khách sạn 4,5*. Nội ngoại thất cũ kĩ, trong phòng thiếu nhiêu vật dụng phải gọi điện thoại xin lễ tân nhiều lần , 3h30 mới được nhận phòng, do đợi lâu quá đến nhắc thì mấy bạn mới đưa chư không hề gọi. Ăn sáng ""tệ""!!! Nồi đựng đồ ăn nóng cũ còn hơn nồi nấu đồ ăn ở nhà mình. Không biết có cùng chủ voi melia Hồ Tràm hay không nhưng chất lượng thua xa melia Hồ Tràm",SOL by Melia Phu Quoc,https://www.traveloka.com/en-vn/hotel/detail?spec=13-05-2023.14-05-2023.1.1.HOTEL.1000000626112.SOL%20by%20Melia%20Phu%20Quoc.1&contexts=%7B%22inventoryRateKey%22%3A%22povEwB3ZzsU2C6pd%2B6MdU13LUNuufACdbU0usK5vg0dM0tKsNUio4Rxug1zOzHJilcvZa8YdqqIySdppe7dolTIewZlxfjiOGz6oXLTucMvN0%2BgQ3yZPvZcoHwUFNN%2BZpcr%2F%2FNa8o9ElfN8zOYhzzZeg0X586laFpeUViPi9rxBmwBdHcCHNVGYbHYVgpznVIvEWeildVo7nbHxIWcXPVNGysXwP9P%2F6jQTjnyKeTv%2ByqYmxSenRKFEfSHS0XO3kZfZPEEhT4qTyZ4NnGlioFk6ay4RXlsebEjOdYqJCyZZxlxUTHNffO2l8jiZZrGWd1F5yTZNH82d3Ski2hEsRD2fxa3MY%2Bk28ILHsNwZ6G%2FNGOtaiV%2Bgh4YG%2FkiP9POwHR1hgSE9JVGuYmbD4FB8l0LkkIBHgoTM4X0fNS81%2BA6f4zV6DxmQzI9dGh%2BP9eA6j%2B%2BfNqDfMsi4qyKjapz8T4qQ%2BjgAtJSRmIL7WdsmYhVjSQb5voiknUxgKT%2Fom%2FJJYAUyxf%2BoM7B5yfJewzeVoU2%2FtVYQKI1lMuX%2BRaPNcBUAvSnVpp3982X8ufymNCG%2Bvqv3rBuUa%2BDAlSlNPC7rHF8TsYmOTADU69%2B%2B%2Fol8yLJTHHQhvr%2Bf5O5wjhPZDddaEMD1lhgrNFX59TpZvCV9M4rSDCIHqoFDFRnsCphC6IUw%3D%22%7D&prevSearchId=1765686709859674781&loginPromo=1
675,"Đồ ăn dở, mặc dù ở vài ngày nhưng đồ ăn không thây đổi món... kháchsạn bắt phải đặt cọc 2 triệu mới cho nhận phòng mặc dù đã thanh toán trước ... tủ lạnh thì không set up gì hết xa trung tâm thành phố không có quán ăn ... nhân viên làm việc thiếu chuyên nghiệp Cà thẻ lại cà nhầm 400k thành 4 triệu nhà hàng thì không có nhân viên trực",SOL by Melia Phu Quoc,https://www.traveloka.com/en-vn/hotel/detail?spec=13-05-2023.14-05-2023.1.1.HOTEL.1000000626112.SOL%20by%20Melia%20Phu%20Quoc.1&contexts=%7B%22inventoryRateKey%22%3A%22povEwB3ZzsU2C6pd%2B6MdU13LUNuufACdbU0usK5vg0dM0tKsNUio4Rxug1zOzHJilcvZa8YdqqIySdppe7dolTIewZlxfjiOGz6oXLTucMvN0%2BgQ3yZPvZcoHwUFNN%2BZpcr%2F%2FNa8o9ElfN8zOYhzzZeg0X586laFpeUViPi9rxBmwBdHcCHNVGYbHYVgpznVIvEWeildVo7nbHxIWcXPVNGysXwP9P%2F6jQTjnyKeTv%2ByqYmxSenRKFEfSHS0XO3kZfZPEEhT4qTyZ4NnGlioFk6ay4RXlsebEjOdYqJCyZZxlxUTHNffO2l8jiZZrGWd1F5yTZNH82d3Ski2hEsRD2fxa3MY%2Bk28ILHsNwZ6G%2FNGOtaiV%2Bgh4YG%2FkiP9POwHR1hgSE9JVGuYmbD4FB8l0LkkIBHgoTM4X0fNS81%2BA6f4zV6DxmQzI9dGh%2BP9eA6j%2B%2BfNqDfMsi4qyKjapz8T4qQ%2BjgAtJSRmIL7WdsmYhVjSQb5voiknUxgKT%2Fom%2FJJYAUyxf%2BoM7B5yfJewzeVoU2%2FtVYQKI1lMuX%2BRaPNcBUAvSnVpp3982X8ufymNCG%2Bvqv3rBuUa%2BDAlSlNPC7rHF8TsYmOTADU69%2B%2B%2Fol8yLJTHHQhvr%2Bf5O5wjhPZDddaEMD1lhgrNFX59TpZvCV9M4rSDCIHqoFDFRnsCphC6IUw%3D%22%7D&prevSearchId=1765686709859674781&loginPromo=1
676,"Khách sạn đẹp, nhân viên nhiệt tình chu đáo, cảnh đẹp, bao biển sạch Mỗi tội hơi xa trung tâm xíu Nói chung rất hài lòng ❤️",SOL by Melia Phu Quoc,https://www.traveloka.com/en-vn/hotel/detail?spec=13-05-2023.14-05-2023.1.1.HOTEL.1000000626112.SOL%20by%20Melia%20Phu%20Quoc.1&contexts=%7B%22inventoryRateKey%22%3A%22povEwB3ZzsU2C6pd%2B6MdU13LUNuufACdbU0usK5vg0dM0tKsNUio4Rxug1zOzHJilcvZa8YdqqIySdppe7dolTIewZlxfjiOGz6oXLTucMvN0%2BgQ3yZPvZcoHwUFNN%2BZpcr%2F%2FNa8o9ElfN8zOYhzzZeg0X586laFpeUViPi9rxBmwBdHcCHNVGYbHYVgpznVIvEWeildVo7nbHxIWcXPVNGysXwP9P%2F6jQTjnyKeTv%2ByqYmxSenRKFEfSHS0XO3kZfZPEEhT4qTyZ4NnGlioFk6ay4RXlsebEjOdYqJCyZZxlxUTHNffO2l8jiZZrGWd1F5yTZNH82d3Ski2hEsRD2fxa3MY%2Bk28ILHsNwZ6G%2FNGOtaiV%2Bgh4YG%2FkiP9POwHR1hgSE9JVGuYmbD4FB8l0LkkIBHgoTM4X0fNS81%2BA6f4zV6DxmQzI9dGh%2BP9eA6j%2B%2BfNqDfMsi4qyKjapz8T4qQ%2BjgAtJSRmIL7WdsmYhVjSQb5voiknUxgKT%2Fom%2FJJYAUyxf%2BoM7B5yfJewzeVoU2%2FtVYQKI1lMuX%2BRaPNcBUAvSnVpp3982X8ufymNCG%2Bvqv3rBuUa%2BDAlSlNPC7rHF8TsYmOTADU69%2B%2B%2Fol8yLJTHHQhvr%2Bf5O5wjhPZDddaEMD1lhgrNFX59TpZvCV9M4rSDCIHqoFDFRnsCphC6IUw%3D%22%7D&prevSearchId=1765686709859674781&loginPromo=1
677,"Nhân viên thân thiện, nhiệt tình hỗ trợ. Phòng ở sạch sẽ, cảnh quan đẹp. Tuy nhiên chỉ có thời gian chờ nhận phòng tận 3h chiều hơi lâu.",SOL by Melia Phu Quoc,https://www.traveloka.com/en-vn/hotel/detail?spec=13-05-2023.14-05-2023.1.1.HOTEL.1000000626112.SOL%20by%20Melia%20Phu%20Quoc.1&contexts=%7B%22inventoryRateKey%22%3A%22povEwB3ZzsU2C6pd%2B6MdU13LUNuufACdbU0usK5vg0dM0tKsNUio4Rxug1zOzHJilcvZa8YdqqIySdppe7dolTIewZlxfjiOGz6oXLTucMvN0%2BgQ3yZPvZcoHwUFNN%2BZpcr%2F%2FNa8o9ElfN8zOYhzzZeg0X586laFpeUViPi9rxBmwBdHcCHNVGYbHYVgpznVIvEWeildVo7nbHxIWcXPVNGysXwP9P%2F6jQTjnyKeTv%2ByqYmxSenRKFEfSHS0XO3kZfZPEEhT4qTyZ4NnGlioFk6ay4RXlsebEjOdYqJCyZZxlxUTHNffO2l8jiZZrGWd1F5yTZNH82d3Ski2hEsRD2fxa3MY%2Bk28ILHsNwZ6G%2FNGOtaiV%2Bgh4YG%2FkiP9POwHR1hgSE9JVGuYmbD4FB8l0LkkIBHgoTM4X0fNS81%2BA6f4zV6DxmQzI9dGh%2BP9eA6j%2B%2BfNqDfMsi4qyKjapz8T4qQ%2BjgAtJSRmIL7WdsmYhVjSQb5voiknUxgKT%2Fom%2FJJYAUyxf%2BoM7B5yfJewzeVoU2%2FtVYQKI1lMuX%2BRaPNcBUAvSnVpp3982X8ufymNCG%2Bvqv3rBuUa%2BDAlSlNPC7rHF8TsYmOTADU69%2B%2B%2Fol8yLJTHHQhvr%2Bf5O5wjhPZDddaEMD1lhgrNFX59TpZvCV9M4rSDCIHqoFDFRnsCphC6IUw%3D%22%7D&prevSearchId=1765686709859674781&loginPromo=1
678,"Resort nhân viên phục vụ tận tình dễ thương, tuy nhiên phòng hơi xuống cấp, xà bông tắm mùi hơi kì, vỏ chai nhìn hơi cũ. Tủ lạnh không có sẵn thức uống cho khách. Đặc biệt tối côn trùng, bọ cánh cứng quá nhiều, bay đầy hành lang cạ vào cửa phòng ra vào hơi ồn, đang đi bay vào mặt mấy lần. Mặt khác nhà hàng của kháchsạn nấu ăn ngon, giá cả phải chăng, có thể ăn tối cả món Tây và Việt đều ngon. Buffet đa dạng món nhưng hơi ít thịt , ăn tạm ok. Khu hồ bơi view đẹp và bãi biển sạch. Nhân viên đưa rước sân bay thân thiện. Nhìn chung 7/10 điểm",SOL by Melia Phu Quoc,https://www.traveloka.com/en-vn/hotel/detail?spec=13-05-2023.14-05-2023.1.1.HOTEL.1000000626112.SOL%20by%20Melia%20Phu%20Quoc.1&contexts=%7B%22inventoryRateKey%22%3A%22povEwB3ZzsU2C6pd%2B6MdU13LUNuufACdbU0usK5vg0dM0tKsNUio4Rxug1zOzHJilcvZa8YdqqIySdppe7dolTIewZlxfjiOGz6oXLTucMvN0%2BgQ3yZPvZcoHwUFNN%2BZpcr%2F%2FNa8o9ElfN8zOYhzzZeg0X586laFpeUViPi9rxBmwBdHcCHNVGYbHYVgpznVIvEWeildVo7nbHxIWcXPVNGysXwP9P%2F6jQTjnyKeTv%2ByqYmxSenRKFEfSHS0XO3kZfZPEEhT4qTyZ4NnGlioFk6ay4RXlsebEjOdYqJCyZZxlxUTHNffO2l8jiZZrGWd1F5yTZNH82d3Ski2hEsRD2fxa3MY%2Bk28ILHsNwZ6G%2FNGOtaiV%2Bgh4YG%2FkiP9POwHR1hgSE9JVGuYmbD4FB8l0LkkIBHgoTM4X0fNS81%2BA6f4zV6DxmQzI9dGh%2BP9eA6j%2B%2BfNqDfMsi4qyKjapz8T4qQ%2BjgAtJSRmIL7WdsmYhVjSQb5voiknUxgKT%2Fom%2FJJYAUyxf%2BoM7B5yfJewzeVoU2%2FtVYQKI1lMuX%2BRaPNcBUAvSnVpp3982X8ufymNCG%2Bvqv3rBuUa%2BDAlSlNPC7rHF8TsYmOTADU69%2B%2B%2Fol8yLJTHHQhvr%2Bf5O5wjhPZDddaEMD1lhgrNFX59TpZvCV9M4rSDCIHqoFDFRnsCphC6IUw%3D%22%7D&prevSearchId=1765686709859674781&loginPromo=1
679,,SOL by Melia Phu Quoc,https://www.traveloka.com/en-vn/hotel/detail?spec=13-05-2023.14-05-2023.1.1.HOTEL.1000000626112.SOL%20by%20Melia%20Phu%20Quoc.1&contexts=%7B%22inventoryRateKey%22%3A%22povEwB3ZzsU2C6pd%2B6MdU13LUNuufACdbU0usK5vg0dM0tKsNUio4Rxug1zOzHJilcvZa8YdqqIySdppe7dolTIewZlxfjiOGz6oXLTucMvN0%2BgQ3yZPvZcoHwUFNN%2BZpcr%2F%2FNa8o9ElfN8zOYhzzZeg0X586laFpeUViPi9rxBmwBdHcCHNVGYbHYVgpznVIvEWeildVo7nbHxIWcXPVNGysXwP9P%2F6jQTjnyKeTv%2ByqYmxSenRKFEfSHS0XO3kZfZPEEhT4qTyZ4NnGlioFk6ay4RXlsebEjOdYqJCyZZxlxUTHNffO2l8jiZZrGWd1F5yTZNH82d3Ski2hEsRD2fxa3MY%2Bk28ILHsNwZ6G%2FNGOtaiV%2Bgh4YG%2FkiP9POwHR1hgSE9JVGuYmbD4FB8l0LkkIBHgoTM4X0fNS81%2BA6f4zV6DxmQzI9dGh%2BP9eA6j%2B%2BfNqDfMsi4qyKjapz8T4qQ%2BjgAtJSRmIL7WdsmYhVjSQb5voiknUxgKT%2Fom%2FJJYAUyxf%2BoM7B5yfJewzeVoU2%2FtVYQKI1lMuX%2BRaPNcBUAvSnVpp3982X8ufymNCG%2Bvqv3rBuUa%2BDAlSlNPC7rHF8TsYmOTADU69%2B%2B%2Fol8yLJTHHQhvr%2Bf5O5wjhPZDddaEMD1lhgrNFX59TpZvCV9M4rSDCIHqoFDFRnsCphC6IUw%3D%22%7D&prevSearchId=1765686709859674781&loginPromo=1
680,Quá tuyệt vời... là một nơi phù hợp để nghỉ dưỡng và vui chơi... if ghé phú quốc nữa mình vẫn sẽ chọn ơi sol..,SOL by Melia Phu Quoc,https://www.traveloka.com/en-vn/hotel/detail?spec=13-05-2023.14-05-2023.1.1.HOTEL.1000000626112.SOL%20by%20Melia%20Phu%20Quoc.1&contexts=%7B%22inventoryRateKey%22%3A%22povEwB3ZzsU2C6pd%2B6MdU13LUNuufACdbU0usK5vg0dM0tKsNUio4Rxug1zOzHJilcvZa8YdqqIySdppe7dolTIewZlxfjiOGz6oXLTucMvN0%2BgQ3yZPvZcoHwUFNN%2BZpcr%2F%2FNa8o9ElfN8zOYhzzZeg0X586laFpeUViPi9rxBmwBdHcCHNVGYbHYVgpznVIvEWeildVo7nbHxIWcXPVNGysXwP9P%2F6jQTjnyKeTv%2ByqYmxSenRKFEfSHS0XO3kZfZPEEhT4qTyZ4NnGlioFk6ay4RXlsebEjOdYqJCyZZxlxUTHNffO2l8jiZZrGWd1F5yTZNH82d3Ski2hEsRD2fxa3MY%2Bk28ILHsNwZ6G%2FNGOtaiV%2Bgh4YG%2FkiP9POwHR1hgSE9JVGuYmbD4FB8l0LkkIBHgoTM4X0fNS81%2BA6f4zV6DxmQzI9dGh%2BP9eA6j%2B%2BfNqDfMsi4qyKjapz8T4qQ%2BjgAtJSRmIL7WdsmYhVjSQb5voiknUxgKT%2Fom%2FJJYAUyxf%2BoM7B5yfJewzeVoU2%2FtVYQKI1lMuX%2BRaPNcBUAvSnVpp3982X8ufymNCG%2Bvqv3rBuUa%2BDAlSlNPC7rHF8TsYmOTADU69%2B%2B%2Fol8yLJTHHQhvr%2Bf5O5wjhPZDddaEMD1lhgrNFX59TpZvCV9M4rSDCIHqoFDFRnsCphC6IUw%3D%22%7D&prevSearchId=1765686709859674781&loginPromo=1
681,"Nhân viên rất thân thiện. Cảnh quan đẹp, đồ ăn ngon",SOL by Melia Phu Quoc,https://www.traveloka.com/en-vn/hotel/detail?spec=13-05-2023.14-05-2023.1.1.HOTEL.1000000626112.SOL%20by%20Melia%20Phu%20Quoc.1&contexts=%7B%22inventoryRateKey%22%3A%22povEwB3ZzsU2C6pd%2B6MdU13LUNuufACdbU0usK5vg0dM0tKsNUio4Rxug1zOzHJilcvZa8YdqqIySdppe7dolTIewZlxfjiOGz6oXLTucMvN0%2BgQ3yZPvZcoHwUFNN%2BZpcr%2F%2FNa8o9ElfN8zOYhzzZeg0X586laFpeUViPi9rxBmwBdHcCHNVGYbHYVgpznVIvEWeildVo7nbHxIWcXPVNGysXwP9P%2F6jQTjnyKeTv%2ByqYmxSenRKFEfSHS0XO3kZfZPEEhT4qTyZ4NnGlioFk6ay4RXlsebEjOdYqJCyZZxlxUTHNffO2l8jiZZrGWd1F5yTZNH82d3Ski2hEsRD2fxa3MY%2Bk28ILHsNwZ6G%2FNGOtaiV%2Bgh4YG%2FkiP9POwHR1hgSE9JVGuYmbD4FB8l0LkkIBHgoTM4X0fNS81%2BA6f4zV6DxmQzI9dGh%2BP9eA6j%2B%2BfNqDfMsi4qyKjapz8T4qQ%2BjgAtJSRmIL7WdsmYhVjSQb5voiknUxgKT%2Fom%2FJJYAUyxf%2BoM7B5yfJewzeVoU2%2FtVYQKI1lMuX%2BRaPNcBUAvSnVpp3982X8ufymNCG%2Bvqv3rBuUa%2BDAlSlNPC7rHF8TsYmOTADU69%2B%2B%2Fol8yLJTHHQhvr%2Bf5O5wjhPZDddaEMD1lhgrNFX59TpZvCV9M4rSDCIHqoFDFRnsCphC6IUw%3D%22%7D&prevSearchId=1765686709859674781&loginPromo=1
682,"Cảnh đẹp, phòng đẹp, sạch sẽ. Khu vực di chuyển sân bay hoặc khu trung tâm đều tiện.",SOL by Melia Phu Quoc,https://www.traveloka.com/en-vn/hotel/detail?spec=13-05-2023.14-05-2023.1.1.HOTEL.1000000626112.SOL%20by%20Melia%20Phu%20Quoc.1&contexts=%7B%22inventoryRateKey%22%3A%22povEwB3ZzsU2C6pd%2B6MdU13LUNuufACdbU0usK5vg0dM0tKsNUio4Rxug1zOzHJilcvZa8YdqqIySdppe7dolTIewZlxfjiOGz6oXLTucMvN0%2BgQ3yZPvZcoHwUFNN%2BZpcr%2F%2FNa8o9ElfN8zOYhzzZeg0X586laFpeUViPi9rxBmwBdHcCHNVGYbHYVgpznVIvEWeildVo7nbHxIWcXPVNGysXwP9P%2F6jQTjnyKeTv%2ByqYmxSenRKFEfSHS0XO3kZfZPEEhT4qTyZ4NnGlioFk6ay4RXlsebEjOdYqJCyZZxlxUTHNffO2l8jiZZrGWd1F5yTZNH82d3Ski2hEsRD2fxa3MY%2Bk28ILHsNwZ6G%2FNGOtaiV%2Bgh4YG%2FkiP9POwHR1hgSE9JVGuYmbD4FB8l0LkkIBHgoTM4X0fNS81%2BA6f4zV6DxmQzI9dGh%2BP9eA6j%2B%2BfNqDfMsi4qyKjapz8T4qQ%2BjgAtJSRmIL7WdsmYhVjSQb5voiknUxgKT%2Fom%2FJJYAUyxf%2BoM7B5yfJewzeVoU2%2FtVYQKI1lMuX%2BRaPNcBUAvSnVpp3982X8ufymNCG%2Bvqv3rBuUa%2BDAlSlNPC7rHF8TsYmOTADU69%2B%2B%2Fol8yLJTHHQhvr%2Bf5O5wjhPZDddaEMD1lhgrNFX59TpZvCV9M4rSDCIHqoFDFRnsCphC6IUw%3D%22%7D&prevSearchId=1765686709859674781&loginPromo=1
683,,SOL by Melia Phu Quoc,https://www.traveloka.com/en-vn/hotel/detail?spec=13-05-2023.14-05-2023.1.1.HOTEL.1000000626112.SOL%20by%20Melia%20Phu%20Quoc.1&contexts=%7B%22inventoryRateKey%22%3A%22povEwB3ZzsU2C6pd%2B6MdU13LUNuufACdbU0usK5vg0dM0tKsNUio4Rxug1zOzHJilcvZa8YdqqIySdppe7dolTIewZlxfjiOGz6oXLTucMvN0%2BgQ3yZPvZcoHwUFNN%2BZpcr%2F%2FNa8o9ElfN8zOYhzzZeg0X586laFpeUViPi9rxBmwBdHcCHNVGYbHYVgpznVIvEWeildVo7nbHxIWcXPVNGysXwP9P%2F6jQTjnyKeTv%2ByqYmxSenRKFEfSHS0XO3kZfZPEEhT4qTyZ4NnGlioFk6ay4RXlsebEjOdYqJCyZZxlxUTHNffO2l8jiZZrGWd1F5yTZNH82d3Ski2hEsRD2fxa3MY%2Bk28ILHsNwZ6G%2FNGOtaiV%2Bgh4YG%2FkiP9POwHR1hgSE9JVGuYmbD4FB8l0LkkIBHgoTM4X0fNS81%2BA6f4zV6DxmQzI9dGh%2BP9eA6j%2B%2BfNqDfMsi4qyKjapz8T4qQ%2BjgAtJSRmIL7WdsmYhVjSQb5voiknUxgKT%2Fom%2FJJYAUyxf%2BoM7B5yfJewzeVoU2%2FtVYQKI1lMuX%2BRaPNcBUAvSnVpp3982X8ufymNCG%2Bvqv3rBuUa%2BDAlSlNPC7rHF8TsYmOTADU69%2B%2B%2Fol8yLJTHHQhvr%2Bf5O5wjhPZDddaEMD1lhgrNFX59TpZvCV9M4rSDCIHqoFDFRnsCphC6IUw%3D%22%7D&prevSearchId=1765686709859674781&loginPromo=1
684,"Cảm ơn Sol vì tuần trăng mật trọn vẹn. Nhân viên rất thân thiện và nhiệt tình, view đẹp, mỗi tội tối hơi nhiều muỗi nên không đi dạo bãi biển đc. Đồ ăn sáng không đa dạng lắm. Phòng đẹp, sạch sẽ. Nhìn chung là ổn",SOL by Melia Phu Quoc,https://www.traveloka.com/en-vn/hotel/detail?spec=13-05-2023.14-05-2023.1.1.HOTEL.1000000626112.SOL%20by%20Melia%20Phu%20Quoc.1&contexts=%7B%22inventoryRateKey%22%3A%22povEwB3ZzsU2C6pd%2B6MdU13LUNuufACdbU0usK5vg0dM0tKsNUio4Rxug1zOzHJilcvZa8YdqqIySdppe7dolTIewZlxfjiOGz6oXLTucMvN0%2BgQ3yZPvZcoHwUFNN%2BZpcr%2F%2FNa8o9ElfN8zOYhzzZeg0X586laFpeUViPi9rxBmwBdHcCHNVGYbHYVgpznVIvEWeildVo7nbHxIWcXPVNGysXwP9P%2F6jQTjnyKeTv%2ByqYmxSenRKFEfSHS0XO3kZfZPEEhT4qTyZ4NnGlioFk6ay4RXlsebEjOdYqJCyZZxlxUTHNffO2l8jiZZrGWd1F5yTZNH82d3Ski2hEsRD2fxa3MY%2Bk28ILHsNwZ6G%2FNGOtaiV%2Bgh4YG%2FkiP9POwHR1hgSE9JVGuYmbD4FB8l0LkkIBHgoTM4X0fNS81%2BA6f4zV6DxmQzI9dGh%2BP9eA6j%2B%2BfNqDfMsi4qyKjapz8T4qQ%2BjgAtJSRmIL7WdsmYhVjSQb5voiknUxgKT%2Fom%2FJJYAUyxf%2BoM7B5yfJewzeVoU2%2FtVYQKI1lMuX%2BRaPNcBUAvSnVpp3982X8ufymNCG%2Bvqv3rBuUa%2BDAlSlNPC7rHF8TsYmOTADU69%2B%2B%2Fol8yLJTHHQhvr%2Bf5O5wjhPZDddaEMD1lhgrNFX59TpZvCV9M4rSDCIHqoFDFRnsCphC6IUw%3D%22%7D&prevSearchId=1765686709859674781&loginPromo=1
685,"Không gian phòng ốc sạch sẽ & dịch vụ thì the best luôn. Gần sân bay & có dịch vụ đưa đón sân bay nữa. Các bạn nhân viên đều rất nhiệt tình, có vấn đề call 1 cái là có mặt liền luôn, giải quyết nhẹ nhàng chu đáo. Resort rất rộng rãi nè, cây xanh hồ bơi sạch có trình diễn cooking vào chiều thứ 7. Nói chung là sẽ trở lại 😘",SOL by Melia Phu Quoc,https://www.traveloka.com/en-vn/hotel/detail?spec=13-05-2023.14-05-2023.1.1.HOTEL.1000000626112.SOL%20by%20Melia%20Phu%20Quoc.1&contexts=%7B%22inventoryRateKey%22%3A%22povEwB3ZzsU2C6pd%2B6MdU13LUNuufACdbU0usK5vg0dM0tKsNUio4Rxug1zOzHJilcvZa8YdqqIySdppe7dolTIewZlxfjiOGz6oXLTucMvN0%2BgQ3yZPvZcoHwUFNN%2BZpcr%2F%2FNa8o9ElfN8zOYhzzZeg0X586laFpeUViPi9rxBmwBdHcCHNVGYbHYVgpznVIvEWeildVo7nbHxIWcXPVNGysXwP9P%2F6jQTjnyKeTv%2ByqYmxSenRKFEfSHS0XO3kZfZPEEhT4qTyZ4NnGlioFk6ay4RXlsebEjOdYqJCyZZxlxUTHNffO2l8jiZZrGWd1F5yTZNH82d3Ski2hEsRD2fxa3MY%2Bk28ILHsNwZ6G%2FNGOtaiV%2Bgh4YG%2FkiP9POwHR1hgSE9JVGuYmbD4FB8l0LkkIBHgoTM4X0fNS81%2BA6f4zV6DxmQzI9dGh%2BP9eA6j%2B%2BfNqDfMsi4qyKjapz8T4qQ%2BjgAtJSRmIL7WdsmYhVjSQb5voiknUxgKT%2Fom%2FJJYAUyxf%2BoM7B5yfJewzeVoU2%2FtVYQKI1lMuX%2BRaPNcBUAvSnVpp3982X8ufymNCG%2Bvqv3rBuUa%2BDAlSlNPC7rHF8TsYmOTADU69%2B%2B%2Fol8yLJTHHQhvr%2Bf5O5wjhPZDddaEMD1lhgrNFX59TpZvCV9M4rSDCIHqoFDFRnsCphC6IUw%3D%22%7D&prevSearchId=1765686709859674781&loginPromo=1
686,"Mọi thứ rất xinh xẻo, service tốt, phòng ốc sạch sẽ, nhân viên thân thiện nhiệt tình chu đáo. Có xe đưa đón sân bay theo khung giờ. Buffet sáng phong cách Âu chưa hợp khẩu vị của người mình lắm. Mình chắc chắn sẽ còn quay lại đây. Cảm ơn Sol đã cho mình trải nghiệm tuyệt vời, thích mê chữ ê kéo dài 😘",SOL by Melia Phu Quoc,https://www.traveloka.com/en-vn/hotel/detail?spec=13-05-2023.14-05-2023.1.1.HOTEL.1000000626112.SOL%20by%20Melia%20Phu%20Quoc.1&contexts=%7B%22inventoryRateKey%22%3A%22povEwB3ZzsU2C6pd%2B6MdU13LUNuufACdbU0usK5vg0dM0tKsNUio4Rxug1zOzHJilcvZa8YdqqIySdppe7dolTIewZlxfjiOGz6oXLTucMvN0%2BgQ3yZPvZcoHwUFNN%2BZpcr%2F%2FNa8o9ElfN8zOYhzzZeg0X586laFpeUViPi9rxBmwBdHcCHNVGYbHYVgpznVIvEWeildVo7nbHxIWcXPVNGysXwP9P%2F6jQTjnyKeTv%2ByqYmxSenRKFEfSHS0XO3kZfZPEEhT4qTyZ4NnGlioFk6ay4RXlsebEjOdYqJCyZZxlxUTHNffO2l8jiZZrGWd1F5yTZNH82d3Ski2hEsRD2fxa3MY%2Bk28ILHsNwZ6G%2FNGOtaiV%2Bgh4YG%2FkiP9POwHR1hgSE9JVGuYmbD4FB8l0LkkIBHgoTM4X0fNS81%2BA6f4zV6DxmQzI9dGh%2BP9eA6j%2B%2BfNqDfMsi4qyKjapz8T4qQ%2BjgAtJSRmIL7WdsmYhVjSQb5voiknUxgKT%2Fom%2FJJYAUyxf%2BoM7B5yfJewzeVoU2%2FtVYQKI1lMuX%2BRaPNcBUAvSnVpp3982X8ufymNCG%2Bvqv3rBuUa%2BDAlSlNPC7rHF8TsYmOTADU69%2B%2B%2Fol8yLJTHHQhvr%2Bf5O5wjhPZDddaEMD1lhgrNFX59TpZvCV9M4rSDCIHqoFDFRnsCphC6IUw%3D%22%7D&prevSearchId=1765686709859674781&loginPromo=1
687,,SOL by Melia Phu Quoc,https://www.traveloka.com/en-vn/hotel/detail?spec=13-05-2023.14-05-2023.1.1.HOTEL.1000000626112.SOL%20by%20Melia%20Phu%20Quoc.1&contexts=%7B%22inventoryRateKey%22%3A%22povEwB3ZzsU2C6pd%2B6MdU13LUNuufACdbU0usK5vg0dM0tKsNUio4Rxug1zOzHJilcvZa8YdqqIySdppe7dolTIewZlxfjiOGz6oXLTucMvN0%2BgQ3yZPvZcoHwUFNN%2BZpcr%2F%2FNa8o9ElfN8zOYhzzZeg0X586laFpeUViPi9rxBmwBdHcCHNVGYbHYVgpznVIvEWeildVo7nbHxIWcXPVNGysXwP9P%2F6jQTjnyKeTv%2ByqYmxSenRKFEfSHS0XO3kZfZPEEhT4qTyZ4NnGlioFk6ay4RXlsebEjOdYqJCyZZxlxUTHNffO2l8jiZZrGWd1F5yTZNH82d3Ski2hEsRD2fxa3MY%2Bk28ILHsNwZ6G%2FNGOtaiV%2Bgh4YG%2FkiP9POwHR1hgSE9JVGuYmbD4FB8l0LkkIBHgoTM4X0fNS81%2BA6f4zV6DxmQzI9dGh%2BP9eA6j%2B%2BfNqDfMsi4qyKjapz8T4qQ%2BjgAtJSRmIL7WdsmYhVjSQb5voiknUxgKT%2Fom%2FJJYAUyxf%2BoM7B5yfJewzeVoU2%2FtVYQKI1lMuX%2BRaPNcBUAvSnVpp3982X8ufymNCG%2Bvqv3rBuUa%2BDAlSlNPC7rHF8TsYmOTADU69%2B%2B%2Fol8yLJTHHQhvr%2Bf5O5wjhPZDddaEMD1lhgrNFX59TpZvCV9M4rSDCIHqoFDFRnsCphC6IUw%3D%22%7D&prevSearchId=1765686709859674781&loginPromo=1
688,Rất tuyệt vời đáng trải nghiệm,SOL by Melia Phu Quoc,https://www.traveloka.com/en-vn/hotel/detail?spec=13-05-2023.14-05-2023.1.1.HOTEL.1000000626112.SOL%20by%20Melia%20Phu%20Quoc.1&contexts=%7B%22inventoryRateKey%22%3A%22povEwB3ZzsU2C6pd%2B6MdU13LUNuufACdbU0usK5vg0dM0tKsNUio4Rxug1zOzHJilcvZa8YdqqIySdppe7dolTIewZlxfjiOGz6oXLTucMvN0%2BgQ3yZPvZcoHwUFNN%2BZpcr%2F%2FNa8o9ElfN8zOYhzzZeg0X586laFpeUViPi9rxBmwBdHcCHNVGYbHYVgpznVIvEWeildVo7nbHxIWcXPVNGysXwP9P%2F6jQTjnyKeTv%2ByqYmxSenRKFEfSHS0XO3kZfZPEEhT4qTyZ4NnGlioFk6ay4RXlsebEjOdYqJCyZZxlxUTHNffO2l8jiZZrGWd1F5yTZNH82d3Ski2hEsRD2fxa3MY%2Bk28ILHsNwZ6G%2FNGOtaiV%2Bgh4YG%2FkiP9POwHR1hgSE9JVGuYmbD4FB8l0LkkIBHgoTM4X0fNS81%2BA6f4zV6DxmQzI9dGh%2BP9eA6j%2B%2BfNqDfMsi4qyKjapz8T4qQ%2BjgAtJSRmIL7WdsmYhVjSQb5voiknUxgKT%2Fom%2FJJYAUyxf%2BoM7B5yfJewzeVoU2%2FtVYQKI1lMuX%2BRaPNcBUAvSnVpp3982X8ufymNCG%2Bvqv3rBuUa%2BDAlSlNPC7rHF8TsYmOTADU69%2B%2B%2Fol8yLJTHHQhvr%2Bf5O5wjhPZDddaEMD1lhgrNFX59TpZvCV9M4rSDCIHqoFDFRnsCphC6IUw%3D%22%7D&prevSearchId=1765686709859674781&loginPromo=1
689,"Rất hài lòng về SOL: - Lễ tân: Phục vụ rất chu đáo và nhiệt tình. - Về phòng: Rộng, đẹp, sạch sẽ, tiện nghi,.... - Về bãi biển: Khá riêng tư, có ghế, giường trên bãi biển rất thoải mái. - Về ăn sáng: Thiếu phong phú, không hấp dẫn.",SOL by Melia Phu Quoc,https://www.traveloka.com/en-vn/hotel/detail?spec=13-05-2023.14-05-2023.1.1.HOTEL.1000000626112.SOL%20by%20Melia%20Phu%20Quoc.1&contexts=%7B%22inventoryRateKey%22%3A%22povEwB3ZzsU2C6pd%2B6MdU13LUNuufACdbU0usK5vg0dM0tKsNUio4Rxug1zOzHJilcvZa8YdqqIySdppe7dolTIewZlxfjiOGz6oXLTucMvN0%2BgQ3yZPvZcoHwUFNN%2BZpcr%2F%2FNa8o9ElfN8zOYhzzZeg0X586laFpeUViPi9rxBmwBdHcCHNVGYbHYVgpznVIvEWeildVo7nbHxIWcXPVNGysXwP9P%2F6jQTjnyKeTv%2ByqYmxSenRKFEfSHS0XO3kZfZPEEhT4qTyZ4NnGlioFk6ay4RXlsebEjOdYqJCyZZxlxUTHNffO2l8jiZZrGWd1F5yTZNH82d3Ski2hEsRD2fxa3MY%2Bk28ILHsNwZ6G%2FNGOtaiV%2Bgh4YG%2FkiP9POwHR1hgSE9JVGuYmbD4FB8l0LkkIBHgoTM4X0fNS81%2BA6f4zV6DxmQzI9dGh%2BP9eA6j%2B%2BfNqDfMsi4qyKjapz8T4qQ%2BjgAtJSRmIL7WdsmYhVjSQb5voiknUxgKT%2Fom%2FJJYAUyxf%2BoM7B5yfJewzeVoU2%2FtVYQKI1lMuX%2BRaPNcBUAvSnVpp3982X8ufymNCG%2Bvqv3rBuUa%2BDAlSlNPC7rHF8TsYmOTADU69%2B%2B%2Fol8yLJTHHQhvr%2Bf5O5wjhPZDddaEMD1lhgrNFX59TpZvCV9M4rSDCIHqoFDFRnsCphC6IUw%3D%22%7D&prevSearchId=1765686709859674781&loginPromo=1
690,Toi da co 1 ky nghi tuyet voi tai day. Cam on Sol By Melia rat nhieu. Hi vong se gap lai nhau vao 1 ngay khong xa.,SOL by Melia Phu Quoc,https://www.traveloka.com/en-vn/hotel/detail?spec=13-05-2023.14-05-2023.1.1.HOTEL.1000000626112.SOL%20by%20Melia%20Phu%20Quoc.1&contexts=%7B%22inventoryRateKey%22%3A%22povEwB3ZzsU2C6pd%2B6MdU13LUNuufACdbU0usK5vg0dM0tKsNUio4Rxug1zOzHJilcvZa8YdqqIySdppe7dolTIewZlxfjiOGz6oXLTucMvN0%2BgQ3yZPvZcoHwUFNN%2BZpcr%2F%2FNa8o9ElfN8zOYhzzZeg0X586laFpeUViPi9rxBmwBdHcCHNVGYbHYVgpznVIvEWeildVo7nbHxIWcXPVNGysXwP9P%2F6jQTjnyKeTv%2ByqYmxSenRKFEfSHS0XO3kZfZPEEhT4qTyZ4NnGlioFk6ay4RXlsebEjOdYqJCyZZxlxUTHNffO2l8jiZZrGWd1F5yTZNH82d3Ski2hEsRD2fxa3MY%2Bk28ILHsNwZ6G%2FNGOtaiV%2Bgh4YG%2FkiP9POwHR1hgSE9JVGuYmbD4FB8l0LkkIBHgoTM4X0fNS81%2BA6f4zV6DxmQzI9dGh%2BP9eA6j%2B%2BfNqDfMsi4qyKjapz8T4qQ%2BjgAtJSRmIL7WdsmYhVjSQb5voiknUxgKT%2Fom%2FJJYAUyxf%2BoM7B5yfJewzeVoU2%2FtVYQKI1lMuX%2BRaPNcBUAvSnVpp3982X8ufymNCG%2Bvqv3rBuUa%2BDAlSlNPC7rHF8TsYmOTADU69%2B%2B%2Fol8yLJTHHQhvr%2Bf5O5wjhPZDddaEMD1lhgrNFX59TpZvCV9M4rSDCIHqoFDFRnsCphC6IUw%3D%22%7D&prevSearchId=1765686709859674781&loginPromo=1
691,Cảm ơn Melia đã cho tôi có kỳ nghỉ tuyệt vời này nhé. Xuất sắc luôn ạ. Không chê vào đâu được,SOL by Melia Phu Quoc,https://www.traveloka.com/en-vn/hotel/detail?spec=13-05-2023.14-05-2023.1.1.HOTEL.1000000626112.SOL%20by%20Melia%20Phu%20Quoc.1&contexts=%7B%22inventoryRateKey%22%3A%22povEwB3ZzsU2C6pd%2B6MdU13LUNuufACdbU0usK5vg0dM0tKsNUio4Rxug1zOzHJilcvZa8YdqqIySdppe7dolTIewZlxfjiOGz6oXLTucMvN0%2BgQ3yZPvZcoHwUFNN%2BZpcr%2F%2FNa8o9ElfN8zOYhzzZeg0X586laFpeUViPi9rxBmwBdHcCHNVGYbHYVgpznVIvEWeildVo7nbHxIWcXPVNGysXwP9P%2F6jQTjnyKeTv%2ByqYmxSenRKFEfSHS0XO3kZfZPEEhT4qTyZ4NnGlioFk6ay4RXlsebEjOdYqJCyZZxlxUTHNffO2l8jiZZrGWd1F5yTZNH82d3Ski2hEsRD2fxa3MY%2Bk28ILHsNwZ6G%2FNGOtaiV%2Bgh4YG%2FkiP9POwHR1hgSE9JVGuYmbD4FB8l0LkkIBHgoTM4X0fNS81%2BA6f4zV6DxmQzI9dGh%2BP9eA6j%2B%2BfNqDfMsi4qyKjapz8T4qQ%2BjgAtJSRmIL7WdsmYhVjSQb5voiknUxgKT%2Fom%2FJJYAUyxf%2BoM7B5yfJewzeVoU2%2FtVYQKI1lMuX%2BRaPNcBUAvSnVpp3982X8ufymNCG%2Bvqv3rBuUa%2BDAlSlNPC7rHF8TsYmOTADU69%2B%2B%2Fol8yLJTHHQhvr%2Bf5O5wjhPZDddaEMD1lhgrNFX59TpZvCV9M4rSDCIHqoFDFRnsCphC6IUw%3D%22%7D&prevSearchId=1765686709859674781&loginPromo=1
692,"khách sạn dịch vụ tốt, nhân viên thân thiện, đưa đón sân bay cố định theo giờ mặc dù sát bên sân bay tầm 10p xe hơi. có yêu cầu đón ở sân bay bạn nên chủ động gọi số khách sạn để họ sắp xếp. tối hơi vắng vẻ và rất thiếu ánh sáng, từ ngoài đường vô tới khách sạn đều tối om. đi xe máy từ đây vô thị trấn chơi tầm 20p xe máy, phù hợp nghĩ dưỡng yên tĩnh hơi bất tiện đi lại nếu cần ăn hàng quán nhiều hoặc đi tới đi lui chứ không phải nằm một chỗ, nên cân nhắc",SOL by Melia Phu Quoc,https://www.traveloka.com/en-vn/hotel/detail?spec=13-05-2023.14-05-2023.1.1.HOTEL.1000000626112.SOL%20by%20Melia%20Phu%20Quoc.1&contexts=%7B%22inventoryRateKey%22%3A%22povEwB3ZzsU2C6pd%2B6MdU13LUNuufACdbU0usK5vg0dM0tKsNUio4Rxug1zOzHJilcvZa8YdqqIySdppe7dolTIewZlxfjiOGz6oXLTucMvN0%2BgQ3yZPvZcoHwUFNN%2BZpcr%2F%2FNa8o9ElfN8zOYhzzZeg0X586laFpeUViPi9rxBmwBdHcCHNVGYbHYVgpznVIvEWeildVo7nbHxIWcXPVNGysXwP9P%2F6jQTjnyKeTv%2ByqYmxSenRKFEfSHS0XO3kZfZPEEhT4qTyZ4NnGlioFk6ay4RXlsebEjOdYqJCyZZxlxUTHNffO2l8jiZZrGWd1F5yTZNH82d3Ski2hEsRD2fxa3MY%2Bk28ILHsNwZ6G%2FNGOtaiV%2Bgh4YG%2FkiP9POwHR1hgSE9JVGuYmbD4FB8l0LkkIBHgoTM4X0fNS81%2BA6f4zV6DxmQzI9dGh%2BP9eA6j%2B%2BfNqDfMsi4qyKjapz8T4qQ%2BjgAtJSRmIL7WdsmYhVjSQb5voiknUxgKT%2Fom%2FJJYAUyxf%2BoM7B5yfJewzeVoU2%2FtVYQKI1lMuX%2BRaPNcBUAvSnVpp3982X8ufymNCG%2Bvqv3rBuUa%2BDAlSlNPC7rHF8TsYmOTADU69%2B%2B%2Fol8yLJTHHQhvr%2Bf5O5wjhPZDddaEMD1lhgrNFX59TpZvCV9M4rSDCIHqoFDFRnsCphC6IUw%3D%22%7D&prevSearchId=1765686709859674781&loginPromo=1
693,"2 vợ chồng mình rất hài lòng khi chọn Sol là nơi nghỉ dưỡng trong kỳ honeymoon. Ngoài trừ đồ ăn sáng không đa dạng thì mọi thứ còn lại đều rất hài lòng, từ phòng, nhân viên, không gian,...",SOL by Melia Phu Quoc,https://www.traveloka.com/en-vn/hotel/detail?spec=13-05-2023.14-05-2023.1.1.HOTEL.1000000626112.SOL%20by%20Melia%20Phu%20Quoc.1&contexts=%7B%22inventoryRateKey%22%3A%22povEwB3ZzsU2C6pd%2B6MdU13LUNuufACdbU0usK5vg0dM0tKsNUio4Rxug1zOzHJilcvZa8YdqqIySdppe7dolTIewZlxfjiOGz6oXLTucMvN0%2BgQ3yZPvZcoHwUFNN%2BZpcr%2F%2FNa8o9ElfN8zOYhzzZeg0X586laFpeUViPi9rxBmwBdHcCHNVGYbHYVgpznVIvEWeildVo7nbHxIWcXPVNGysXwP9P%2F6jQTjnyKeTv%2ByqYmxSenRKFEfSHS0XO3kZfZPEEhT4qTyZ4NnGlioFk6ay4RXlsebEjOdYqJCyZZxlxUTHNffO2l8jiZZrGWd1F5yTZNH82d3Ski2hEsRD2fxa3MY%2Bk28ILHsNwZ6G%2FNGOtaiV%2Bgh4YG%2FkiP9POwHR1hgSE9JVGuYmbD4FB8l0LkkIBHgoTM4X0fNS81%2BA6f4zV6DxmQzI9dGh%2BP9eA6j%2B%2BfNqDfMsi4qyKjapz8T4qQ%2BjgAtJSRmIL7WdsmYhVjSQb5voiknUxgKT%2Fom%2FJJYAUyxf%2BoM7B5yfJewzeVoU2%2FtVYQKI1lMuX%2BRaPNcBUAvSnVpp3982X8ufymNCG%2Bvqv3rBuUa%2BDAlSlNPC7rHF8TsYmOTADU69%2B%2B%2Fol8yLJTHHQhvr%2Bf5O5wjhPZDddaEMD1lhgrNFX59TpZvCV9M4rSDCIHqoFDFRnsCphC6IUw%3D%22%7D&prevSearchId=1765686709859674781&loginPromo=1
694,"Cảm ơn Sol! Vợ chồng mình đã có một kỳ nghỉ tuyệt vời, đáng nhớ. Được các bạn upgrade miễn phí lên hạng phòng cao, được tư vấn cơ bản nhiệt tình, phục vụ có thai độ phù hợp, hiếu khách, vui vẻ. Phòng ốc sạch sẽ, các chị housekepping làm việc chuyên nghiệp, đúng giờ. Chất lượng phòng có chút đi xuống như cửa (phần khoá) phải đẩy thật mạnh mới mở được",SOL by Melia Phu Quoc,https://www.traveloka.com/en-vn/hotel/detail?spec=13-05-2023.14-05-2023.1.1.HOTEL.1000000626112.SOL%20by%20Melia%20Phu%20Quoc.1&contexts=%7B%22inventoryRateKey%22%3A%22povEwB3ZzsU2C6pd%2B6MdU13LUNuufACdbU0usK5vg0dM0tKsNUio4Rxug1zOzHJilcvZa8YdqqIySdppe7dolTIewZlxfjiOGz6oXLTucMvN0%2BgQ3yZPvZcoHwUFNN%2BZpcr%2F%2FNa8o9ElfN8zOYhzzZeg0X586laFpeUViPi9rxBmwBdHcCHNVGYbHYVgpznVIvEWeildVo7nbHxIWcXPVNGysXwP9P%2F6jQTjnyKeTv%2ByqYmxSenRKFEfSHS0XO3kZfZPEEhT4qTyZ4NnGlioFk6ay4RXlsebEjOdYqJCyZZxlxUTHNffO2l8jiZZrGWd1F5yTZNH82d3Ski2hEsRD2fxa3MY%2Bk28ILHsNwZ6G%2FNGOtaiV%2Bgh4YG%2FkiP9POwHR1hgSE9JVGuYmbD4FB8l0LkkIBHgoTM4X0fNS81%2BA6f4zV6DxmQzI9dGh%2BP9eA6j%2B%2BfNqDfMsi4qyKjapz8T4qQ%2BjgAtJSRmIL7WdsmYhVjSQb5voiknUxgKT%2Fom%2FJJYAUyxf%2BoM7B5yfJewzeVoU2%2FtVYQKI1lMuX%2BRaPNcBUAvSnVpp3982X8ufymNCG%2Bvqv3rBuUa%2BDAlSlNPC7rHF8TsYmOTADU69%2B%2B%2Fol8yLJTHHQhvr%2Bf5O5wjhPZDddaEMD1lhgrNFX59TpZvCV9M4rSDCIHqoFDFRnsCphC6IUw%3D%22%7D&prevSearchId=1765686709859674781&loginPromo=1
695,"Cảm ơn Sol! Vợ chồng mình đã có một kỳ nghỉ tuyệt vời, đáng nhớ. Được các bạn upgrade miễn phí lên hạng phòng cao, được tư vấn cơ bản nhiệt tình, phục vụ có thai độ phù hợp, hiếu khách, vui vẻ. Phòng ốc sạch sẽ, các chị housekepping làm việc chuyên nghiệp, đúng giờ. Chất lượng phòng có chút đi xuống như cửa (phần khoá) phải đẩy thật mạnh mới mở được",SOL by Melia Phu Quoc,https://www.traveloka.com/en-vn/hotel/detail?spec=13-05-2023.14-05-2023.1.1.HOTEL.1000000626112.SOL%20by%20Melia%20Phu%20Quoc.1&contexts=%7B%22inventoryRateKey%22%3A%22povEwB3ZzsU2C6pd%2B6MdU13LUNuufACdbU0usK5vg0dM0tKsNUio4Rxug1zOzHJilcvZa8YdqqIySdppe7dolTIewZlxfjiOGz6oXLTucMvN0%2BgQ3yZPvZcoHwUFNN%2BZpcr%2F%2FNa8o9ElfN8zOYhzzZeg0X586laFpeUViPi9rxBmwBdHcCHNVGYbHYVgpznVIvEWeildVo7nbHxIWcXPVNGysXwP9P%2F6jQTjnyKeTv%2ByqYmxSenRKFEfSHS0XO3kZfZPEEhT4qTyZ4NnGlioFk6ay4RXlsebEjOdYqJCyZZxlxUTHNffO2l8jiZZrGWd1F5yTZNH82d3Ski2hEsRD2fxa3MY%2Bk28ILHsNwZ6G%2FNGOtaiV%2Bgh4YG%2FkiP9POwHR1hgSE9JVGuYmbD4FB8l0LkkIBHgoTM4X0fNS81%2BA6f4zV6DxmQzI9dGh%2BP9eA6j%2B%2BfNqDfMsi4qyKjapz8T4qQ%2BjgAtJSRmIL7WdsmYhVjSQb5voiknUxgKT%2Fom%2FJJYAUyxf%2BoM7B5yfJewzeVoU2%2FtVYQKI1lMuX%2BRaPNcBUAvSnVpp3982X8ufymNCG%2Bvqv3rBuUa%2BDAlSlNPC7rHF8TsYmOTADU69%2B%2B%2Fol8yLJTHHQhvr%2Bf5O5wjhPZDddaEMD1lhgrNFX59TpZvCV9M4rSDCIHqoFDFRnsCphC6IUw%3D%22%7D&prevSearchId=1765686709859674781&loginPromo=1
696,"Quá nhiều muỗi, khách sạn nên bố trí thêm tinh dầu sả đốt trong phòng hoặc thường xuyên phun thuốc muỗi. Bên ngoài có thể trồng sả thay cho cây cảnh để giảm muỗi và côn trùng",SOL by Melia Phu Quoc,https://www.traveloka.com/en-vn/hotel/detail?spec=13-05-2023.14-05-2023.1.1.HOTEL.1000000626112.SOL%20by%20Melia%20Phu%20Quoc.1&contexts=%7B%22inventoryRateKey%22%3A%22povEwB3ZzsU2C6pd%2B6MdU13LUNuufACdbU0usK5vg0dM0tKsNUio4Rxug1zOzHJilcvZa8YdqqIySdppe7dolTIewZlxfjiOGz6oXLTucMvN0%2BgQ3yZPvZcoHwUFNN%2BZpcr%2F%2FNa8o9ElfN8zOYhzzZeg0X586laFpeUViPi9rxBmwBdHcCHNVGYbHYVgpznVIvEWeildVo7nbHxIWcXPVNGysXwP9P%2F6jQTjnyKeTv%2ByqYmxSenRKFEfSHS0XO3kZfZPEEhT4qTyZ4NnGlioFk6ay4RXlsebEjOdYqJCyZZxlxUTHNffO2l8jiZZrGWd1F5yTZNH82d3Ski2hEsRD2fxa3MY%2Bk28ILHsNwZ6G%2FNGOtaiV%2Bgh4YG%2FkiP9POwHR1hgSE9JVGuYmbD4FB8l0LkkIBHgoTM4X0fNS81%2BA6f4zV6DxmQzI9dGh%2BP9eA6j%2B%2BfNqDfMsi4qyKjapz8T4qQ%2BjgAtJSRmIL7WdsmYhVjSQb5voiknUxgKT%2Fom%2FJJYAUyxf%2BoM7B5yfJewzeVoU2%2FtVYQKI1lMuX%2BRaPNcBUAvSnVpp3982X8ufymNCG%2Bvqv3rBuUa%2BDAlSlNPC7rHF8TsYmOTADU69%2B%2B%2Fol8yLJTHHQhvr%2Bf5O5wjhPZDddaEMD1lhgrNFX59TpZvCV9M4rSDCIHqoFDFRnsCphC6IUw%3D%22%7D&prevSearchId=1765686709859674781&loginPromo=1
697,View đẹp nhân viên thân thiện phòng ốc sạch sẽ,SOL by Melia Phu Quoc,https://www.traveloka.com/en-vn/hotel/detail?spec=13-05-2023.14-05-2023.1.1.HOTEL.1000000626112.SOL%20by%20Melia%20Phu%20Quoc.1&contexts=%7B%22inventoryRateKey%22%3A%22povEwB3ZzsU2C6pd%2B6MdU13LUNuufACdbU0usK5vg0dM0tKsNUio4Rxug1zOzHJilcvZa8YdqqIySdppe7dolTIewZlxfjiOGz6oXLTucMvN0%2BgQ3yZPvZcoHwUFNN%2BZpcr%2F%2FNa8o9ElfN8zOYhzzZeg0X586laFpeUViPi9rxBmwBdHcCHNVGYbHYVgpznVIvEWeildVo7nbHxIWcXPVNGysXwP9P%2F6jQTjnyKeTv%2ByqYmxSenRKFEfSHS0XO3kZfZPEEhT4qTyZ4NnGlioFk6ay4RXlsebEjOdYqJCyZZxlxUTHNffO2l8jiZZrGWd1F5yTZNH82d3Ski2hEsRD2fxa3MY%2Bk28ILHsNwZ6G%2FNGOtaiV%2Bgh4YG%2FkiP9POwHR1hgSE9JVGuYmbD4FB8l0LkkIBHgoTM4X0fNS81%2BA6f4zV6DxmQzI9dGh%2BP9eA6j%2B%2BfNqDfMsi4qyKjapz8T4qQ%2BjgAtJSRmIL7WdsmYhVjSQb5voiknUxgKT%2Fom%2FJJYAUyxf%2BoM7B5yfJewzeVoU2%2FtVYQKI1lMuX%2BRaPNcBUAvSnVpp3982X8ufymNCG%2Bvqv3rBuUa%2BDAlSlNPC7rHF8TsYmOTADU69%2B%2B%2Fol8yLJTHHQhvr%2Bf5O5wjhPZDddaEMD1lhgrNFX59TpZvCV9M4rSDCIHqoFDFRnsCphC6IUw%3D%22%7D&prevSearchId=1765686709859674781&loginPromo=1
698,,SOL by Melia Phu Quoc,https://www.traveloka.com/en-vn/hotel/detail?spec=13-05-2023.14-05-2023.1.1.HOTEL.1000000626112.SOL%20by%20Melia%20Phu%20Quoc.1&contexts=%7B%22inventoryRateKey%22%3A%22povEwB3ZzsU2C6pd%2B6MdU13LUNuufACdbU0usK5vg0dM0tKsNUio4Rxug1zOzHJilcvZa8YdqqIySdppe7dolTIewZlxfjiOGz6oXLTucMvN0%2BgQ3yZPvZcoHwUFNN%2BZpcr%2F%2FNa8o9ElfN8zOYhzzZeg0X586laFpeUViPi9rxBmwBdHcCHNVGYbHYVgpznVIvEWeildVo7nbHxIWcXPVNGysXwP9P%2F6jQTjnyKeTv%2ByqYmxSenRKFEfSHS0XO3kZfZPEEhT4qTyZ4NnGlioFk6ay4RXlsebEjOdYqJCyZZxlxUTHNffO2l8jiZZrGWd1F5yTZNH82d3Ski2hEsRD2fxa3MY%2Bk28ILHsNwZ6G%2FNGOtaiV%2Bgh4YG%2FkiP9POwHR1hgSE9JVGuYmbD4FB8l0LkkIBHgoTM4X0fNS81%2BA6f4zV6DxmQzI9dGh%2BP9eA6j%2B%2BfNqDfMsi4qyKjapz8T4qQ%2BjgAtJSRmIL7WdsmYhVjSQb5voiknUxgKT%2Fom%2FJJYAUyxf%2BoM7B5yfJewzeVoU2%2FtVYQKI1lMuX%2BRaPNcBUAvSnVpp3982X8ufymNCG%2Bvqv3rBuUa%2BDAlSlNPC7rHF8TsYmOTADU69%2B%2B%2Fol8yLJTHHQhvr%2Bf5O5wjhPZDddaEMD1lhgrNFX59TpZvCV9M4rSDCIHqoFDFRnsCphC6IUw%3D%22%7D&prevSearchId=1765686709859674781&loginPromo=1
699,"Khách sạn tiện nghi, sang trọng!",SOL by Melia Phu Quoc,https://www.traveloka.com/en-vn/hotel/detail?spec=13-05-2023.14-05-2023.1.1.HOTEL.1000000626112.SOL%20by%20Melia%20Phu%20Quoc.1&contexts=%7B%22inventoryRateKey%22%3A%22povEwB3ZzsU2C6pd%2B6MdU13LUNuufACdbU0usK5vg0dM0tKsNUio4Rxug1zOzHJilcvZa8YdqqIySdppe7dolTIewZlxfjiOGz6oXLTucMvN0%2BgQ3yZPvZcoHwUFNN%2BZpcr%2F%2FNa8o9ElfN8zOYhzzZeg0X586laFpeUViPi9rxBmwBdHcCHNVGYbHYVgpznVIvEWeildVo7nbHxIWcXPVNGysXwP9P%2F6jQTjnyKeTv%2ByqYmxSenRKFEfSHS0XO3kZfZPEEhT4qTyZ4NnGlioFk6ay4RXlsebEjOdYqJCyZZxlxUTHNffO2l8jiZZrGWd1F5yTZNH82d3Ski2hEsRD2fxa3MY%2Bk28ILHsNwZ6G%2FNGOtaiV%2Bgh4YG%2FkiP9POwHR1hgSE9JVGuYmbD4FB8l0LkkIBHgoTM4X0fNS81%2BA6f4zV6DxmQzI9dGh%2BP9eA6j%2B%2BfNqDfMsi4qyKjapz8T4qQ%2BjgAtJSRmIL7WdsmYhVjSQb5voiknUxgKT%2Fom%2FJJYAUyxf%2BoM7B5yfJewzeVoU2%2FtVYQKI1lMuX%2BRaPNcBUAvSnVpp3982X8ufymNCG%2Bvqv3rBuUa%2BDAlSlNPC7rHF8TsYmOTADU69%2B%2B%2Fol8yLJTHHQhvr%2Bf5O5wjhPZDddaEMD1lhgrNFX59TpZvCV9M4rSDCIHqoFDFRnsCphC6IUw%3D%22%7D&prevSearchId=1765686709859674781&loginPromo=1
700,,SOL by Melia Phu Quoc,https://www.traveloka.com/en-vn/hotel/detail?spec=13-05-2023.14-05-2023.1.1.HOTEL.1000000626112.SOL%20by%20Melia%20Phu%20Quoc.1&contexts=%7B%22inventoryRateKey%22%3A%22povEwB3ZzsU2C6pd%2B6MdU13LUNuufACdbU0usK5vg0dM0tKsNUio4Rxug1zOzHJilcvZa8YdqqIySdppe7dolTIewZlxfjiOGz6oXLTucMvN0%2BgQ3yZPvZcoHwUFNN%2BZpcr%2F%2FNa8o9ElfN8zOYhzzZeg0X586laFpeUViPi9rxBmwBdHcCHNVGYbHYVgpznVIvEWeildVo7nbHxIWcXPVNGysXwP9P%2F6jQTjnyKeTv%2ByqYmxSenRKFEfSHS0XO3kZfZPEEhT4qTyZ4NnGlioFk6ay4RXlsebEjOdYqJCyZZxlxUTHNffO2l8jiZZrGWd1F5yTZNH82d3Ski2hEsRD2fxa3MY%2Bk28ILHsNwZ6G%2FNGOtaiV%2Bgh4YG%2FkiP9POwHR1hgSE9JVGuYmbD4FB8l0LkkIBHgoTM4X0fNS81%2BA6f4zV6DxmQzI9dGh%2BP9eA6j%2B%2BfNqDfMsi4qyKjapz8T4qQ%2BjgAtJSRmIL7WdsmYhVjSQb5voiknUxgKT%2Fom%2FJJYAUyxf%2BoM7B5yfJewzeVoU2%2FtVYQKI1lMuX%2BRaPNcBUAvSnVpp3982X8ufymNCG%2Bvqv3rBuUa%2BDAlSlNPC7rHF8TsYmOTADU69%2B%2B%2Fol8yLJTHHQhvr%2Bf5O5wjhPZDddaEMD1lhgrNFX59TpZvCV9M4rSDCIHqoFDFRnsCphC6IUw%3D%22%7D&prevSearchId=1765686709859674781&loginPromo=1
701,"Buffet sáng không phù hợp với giá tiền cũng như đẳng cấp của resort. Cũng có nhiều khách chứ không có ít mà làm nguyên 3 nồi trứng cuộn, trứng chiên, trứng đảo, còn lại toàn rau củ luộc, đút lò và đồ tinh bột... Quá kém xa so với các resort cùng đẳng cấp mà mình từng đi. Ngoài ra còn thêm vấn đề quy định check in 15h (Rất may các bạn nhân viên cũng hỗ trợ để mình nhận phòng sớm ) và đặt cọc 1tr 1 đêm dù đã thanh toán trước đủ (Lỡ mình thuê 10 đêm cũng phải chuẩn bị đống tiền mặt luôn quá). Nhân viên rất tốt và cảnh đẹp nhưng vì vài vấn đề như đã nói nên mình sẽ không chọn sol là điểm đến nghỉ dưỡng lý tưởng cho lần sau.",SOL by Melia Phu Quoc,https://www.traveloka.com/en-vn/hotel/detail?spec=13-05-2023.14-05-2023.1.1.HOTEL.1000000626112.SOL%20by%20Melia%20Phu%20Quoc.1&contexts=%7B%22inventoryRateKey%22%3A%22povEwB3ZzsU2C6pd%2B6MdU13LUNuufACdbU0usK5vg0dM0tKsNUio4Rxug1zOzHJilcvZa8YdqqIySdppe7dolTIewZlxfjiOGz6oXLTucMvN0%2BgQ3yZPvZcoHwUFNN%2BZpcr%2F%2FNa8o9ElfN8zOYhzzZeg0X586laFpeUViPi9rxBmwBdHcCHNVGYbHYVgpznVIvEWeildVo7nbHxIWcXPVNGysXwP9P%2F6jQTjnyKeTv%2ByqYmxSenRKFEfSHS0XO3kZfZPEEhT4qTyZ4NnGlioFk6ay4RXlsebEjOdYqJCyZZxlxUTHNffO2l8jiZZrGWd1F5yTZNH82d3Ski2hEsRD2fxa3MY%2Bk28ILHsNwZ6G%2FNGOtaiV%2Bgh4YG%2FkiP9POwHR1hgSE9JVGuYmbD4FB8l0LkkIBHgoTM4X0fNS81%2BA6f4zV6DxmQzI9dGh%2BP9eA6j%2B%2BfNqDfMsi4qyKjapz8T4qQ%2BjgAtJSRmIL7WdsmYhVjSQb5voiknUxgKT%2Fom%2FJJYAUyxf%2BoM7B5yfJewzeVoU2%2FtVYQKI1lMuX%2BRaPNcBUAvSnVpp3982X8ufymNCG%2Bvqv3rBuUa%2BDAlSlNPC7rHF8TsYmOTADU69%2B%2B%2Fol8yLJTHHQhvr%2Bf5O5wjhPZDddaEMD1lhgrNFX59TpZvCV9M4rSDCIHqoFDFRnsCphC6IUw%3D%22%7D&prevSearchId=1765686709859674781&loginPromo=1
702,"Bữa ăn sáng và hồ bơi nhìn ra phía biển là 2 điểm nổi trội của khách sạn này. Dù thiết kế không quá đặc sắc và vị trí cũng không gần trung tâm, nhưng nhân viên rất thân thiện và nhiệt tình giúp đỡ khách, hồ bơi rộng và nhìn ra phía biển Tây nên là một điểm ngắm hoàng hôn cực kỳ đắt giá. Bữa sáng cũng là một điểm cộng vì món ăn cực kỳ phong phú và món nào cũng ngon xuất sắc.",SOL by Melia Phu Quoc,https://www.traveloka.com/en-vn/hotel/detail?spec=13-05-2023.14-05-2023.1.1.HOTEL.1000000626112.SOL%20by%20Melia%20Phu%20Quoc.1&contexts=%7B%22inventoryRateKey%22%3A%22povEwB3ZzsU2C6pd%2B6MdU13LUNuufACdbU0usK5vg0dM0tKsNUio4Rxug1zOzHJilcvZa8YdqqIySdppe7dolTIewZlxfjiOGz6oXLTucMvN0%2BgQ3yZPvZcoHwUFNN%2BZpcr%2F%2FNa8o9ElfN8zOYhzzZeg0X586laFpeUViPi9rxBmwBdHcCHNVGYbHYVgpznVIvEWeildVo7nbHxIWcXPVNGysXwP9P%2F6jQTjnyKeTv%2ByqYmxSenRKFEfSHS0XO3kZfZPEEhT4qTyZ4NnGlioFk6ay4RXlsebEjOdYqJCyZZxlxUTHNffO2l8jiZZrGWd1F5yTZNH82d3Ski2hEsRD2fxa3MY%2Bk28ILHsNwZ6G%2FNGOtaiV%2Bgh4YG%2FkiP9POwHR1hgSE9JVGuYmbD4FB8l0LkkIBHgoTM4X0fNS81%2BA6f4zV6DxmQzI9dGh%2BP9eA6j%2B%2BfNqDfMsi4qyKjapz8T4qQ%2BjgAtJSRmIL7WdsmYhVjSQb5voiknUxgKT%2Fom%2FJJYAUyxf%2BoM7B5yfJewzeVoU2%2FtVYQKI1lMuX%2BRaPNcBUAvSnVpp3982X8ufymNCG%2Bvqv3rBuUa%2BDAlSlNPC7rHF8TsYmOTADU69%2B%2B%2Fol8yLJTHHQhvr%2Bf5O5wjhPZDddaEMD1lhgrNFX59TpZvCV9M4rSDCIHqoFDFRnsCphC6IUw%3D%22%7D&prevSearchId=1765686709859674781&loginPromo=1
703,Điều hoà quá lạnh không điều chỉnh được,SOL by Melia Phu Quoc,https://www.traveloka.com/en-vn/hotel/detail?spec=13-05-2023.14-05-2023.1.1.HOTEL.1000000626112.SOL%20by%20Melia%20Phu%20Quoc.1&contexts=%7B%22inventoryRateKey%22%3A%22povEwB3ZzsU2C6pd%2B6MdU13LUNuufACdbU0usK5vg0dM0tKsNUio4Rxug1zOzHJilcvZa8YdqqIySdppe7dolTIewZlxfjiOGz6oXLTucMvN0%2BgQ3yZPvZcoHwUFNN%2BZpcr%2F%2FNa8o9ElfN8zOYhzzZeg0X586laFpeUViPi9rxBmwBdHcCHNVGYbHYVgpznVIvEWeildVo7nbHxIWcXPVNGysXwP9P%2F6jQTjnyKeTv%2ByqYmxSenRKFEfSHS0XO3kZfZPEEhT4qTyZ4NnGlioFk6ay4RXlsebEjOdYqJCyZZxlxUTHNffO2l8jiZZrGWd1F5yTZNH82d3Ski2hEsRD2fxa3MY%2Bk28ILHsNwZ6G%2FNGOtaiV%2Bgh4YG%2FkiP9POwHR1hgSE9JVGuYmbD4FB8l0LkkIBHgoTM4X0fNS81%2BA6f4zV6DxmQzI9dGh%2BP9eA6j%2B%2BfNqDfMsi4qyKjapz8T4qQ%2BjgAtJSRmIL7WdsmYhVjSQb5voiknUxgKT%2Fom%2FJJYAUyxf%2BoM7B5yfJewzeVoU2%2FtVYQKI1lMuX%2BRaPNcBUAvSnVpp3982X8ufymNCG%2Bvqv3rBuUa%2BDAlSlNPC7rHF8TsYmOTADU69%2B%2B%2Fol8yLJTHHQhvr%2Bf5O5wjhPZDddaEMD1lhgrNFX59TpZvCV9M4rSDCIHqoFDFRnsCphC6IUw%3D%22%7D&prevSearchId=1765686709859674781&loginPromo=1
704,"Thái độ và cách phục vụ của nhân viên cực kì tệ. Cách giải quyết vấn đề của bên khách sạn không thật sự chuyên nghiệp, chỉ biết đổ lỗi đại cho 1 lí do nào đó. Bãi biển dơ, rất nhiều rác. Không có cửa phòng tắm, bất tiện cho bạn bè hoặc gia đình có trẻ nhỏ Nội thất một vài nơi xuống cấp, cánh cửa quá nặng, không tự khoá khi đóng lại. Không xứng đáng với 1 resort tầm cỡ 5*",SOL by Melia Phu Quoc,https://www.traveloka.com/en-vn/hotel/detail?spec=13-05-2023.14-05-2023.1.1.HOTEL.1000000626112.SOL%20by%20Melia%20Phu%20Quoc.1&contexts=%7B%22inventoryRateKey%22%3A%22povEwB3ZzsU2C6pd%2B6MdU13LUNuufACdbU0usK5vg0dM0tKsNUio4Rxug1zOzHJilcvZa8YdqqIySdppe7dolTIewZlxfjiOGz6oXLTucMvN0%2BgQ3yZPvZcoHwUFNN%2BZpcr%2F%2FNa8o9ElfN8zOYhzzZeg0X586laFpeUViPi9rxBmwBdHcCHNVGYbHYVgpznVIvEWeildVo7nbHxIWcXPVNGysXwP9P%2F6jQTjnyKeTv%2ByqYmxSenRKFEfSHS0XO3kZfZPEEhT4qTyZ4NnGlioFk6ay4RXlsebEjOdYqJCyZZxlxUTHNffO2l8jiZZrGWd1F5yTZNH82d3Ski2hEsRD2fxa3MY%2Bk28ILHsNwZ6G%2FNGOtaiV%2Bgh4YG%2FkiP9POwHR1hgSE9JVGuYmbD4FB8l0LkkIBHgoTM4X0fNS81%2BA6f4zV6DxmQzI9dGh%2BP9eA6j%2B%2BfNqDfMsi4qyKjapz8T4qQ%2BjgAtJSRmIL7WdsmYhVjSQb5voiknUxgKT%2Fom%2FJJYAUyxf%2BoM7B5yfJewzeVoU2%2FtVYQKI1lMuX%2BRaPNcBUAvSnVpp3982X8ufymNCG%2Bvqv3rBuUa%2BDAlSlNPC7rHF8TsYmOTADU69%2B%2B%2Fol8yLJTHHQhvr%2Bf5O5wjhPZDddaEMD1lhgrNFX59TpZvCV9M4rSDCIHqoFDFRnsCphC6IUw%3D%22%7D&prevSearchId=1765686709859674781&loginPromo=1
705,"Phòng rộng, sạch sẽ, giường rộng, view đẹp. Nhà Hàng Sol set đồ ăn ngon, nhạc hay, view đẹp, cách bầy biện đồ ăn đẹp mắt, nhân viên phục vụ quan tâm đên khách. Bartender làm đồ uống ngon, có thể làm đồ uống không có trong menu. Nhưng quán the Kitchen thì tệ hơn chút, đồ ăn không vừa miệng lắm, có thể do đang mùa dịch nên đồ ăn làm hơi quá lửa tạo ra cháy trong đồ ăn. Bãi biển khá đẹp, đường ra phía biển nhiều hoa rất thơm, hợp với check in chụp ảnh thả dáng.",SOL by Melia Phu Quoc,https://www.traveloka.com/en-vn/hotel/detail?spec=13-05-2023.14-05-2023.1.1.HOTEL.1000000626112.SOL%20by%20Melia%20Phu%20Quoc.1&contexts=%7B%22inventoryRateKey%22%3A%22povEwB3ZzsU2C6pd%2B6MdU13LUNuufACdbU0usK5vg0dM0tKsNUio4Rxug1zOzHJilcvZa8YdqqIySdppe7dolTIewZlxfjiOGz6oXLTucMvN0%2BgQ3yZPvZcoHwUFNN%2BZpcr%2F%2FNa8o9ElfN8zOYhzzZeg0X586laFpeUViPi9rxBmwBdHcCHNVGYbHYVgpznVIvEWeildVo7nbHxIWcXPVNGysXwP9P%2F6jQTjnyKeTv%2ByqYmxSenRKFEfSHS0XO3kZfZPEEhT4qTyZ4NnGlioFk6ay4RXlsebEjOdYqJCyZZxlxUTHNffO2l8jiZZrGWd1F5yTZNH82d3Ski2hEsRD2fxa3MY%2Bk28ILHsNwZ6G%2FNGOtaiV%2Bgh4YG%2FkiP9POwHR1hgSE9JVGuYmbD4FB8l0LkkIBHgoTM4X0fNS81%2BA6f4zV6DxmQzI9dGh%2BP9eA6j%2B%2BfNqDfMsi4qyKjapz8T4qQ%2BjgAtJSRmIL7WdsmYhVjSQb5voiknUxgKT%2Fom%2FJJYAUyxf%2BoM7B5yfJewzeVoU2%2FtVYQKI1lMuX%2BRaPNcBUAvSnVpp3982X8ufymNCG%2Bvqv3rBuUa%2BDAlSlNPC7rHF8TsYmOTADU69%2B%2B%2Fol8yLJTHHQhvr%2Bf5O5wjhPZDddaEMD1lhgrNFX59TpZvCV9M4rSDCIHqoFDFRnsCphC6IUw%3D%22%7D&prevSearchId=1765686709859674781&loginPromo=1
706,"Như khách sạn 5 sao, Sẽ trở lại và giới thiệu nhiều người cùng đến",SOL by Melia Phu Quoc,https://www.traveloka.com/en-vn/hotel/detail?spec=13-05-2023.14-05-2023.1.1.HOTEL.1000000626112.SOL%20by%20Melia%20Phu%20Quoc.1&contexts=%7B%22inventoryRateKey%22%3A%22povEwB3ZzsU2C6pd%2B6MdU13LUNuufACdbU0usK5vg0dM0tKsNUio4Rxug1zOzHJilcvZa8YdqqIySdppe7dolTIewZlxfjiOGz6oXLTucMvN0%2BgQ3yZPvZcoHwUFNN%2BZpcr%2F%2FNa8o9ElfN8zOYhzzZeg0X586laFpeUViPi9rxBmwBdHcCHNVGYbHYVgpznVIvEWeildVo7nbHxIWcXPVNGysXwP9P%2F6jQTjnyKeTv%2ByqYmxSenRKFEfSHS0XO3kZfZPEEhT4qTyZ4NnGlioFk6ay4RXlsebEjOdYqJCyZZxlxUTHNffO2l8jiZZrGWd1F5yTZNH82d3Ski2hEsRD2fxa3MY%2Bk28ILHsNwZ6G%2FNGOtaiV%2Bgh4YG%2FkiP9POwHR1hgSE9JVGuYmbD4FB8l0LkkIBHgoTM4X0fNS81%2BA6f4zV6DxmQzI9dGh%2BP9eA6j%2B%2BfNqDfMsi4qyKjapz8T4qQ%2BjgAtJSRmIL7WdsmYhVjSQb5voiknUxgKT%2Fom%2FJJYAUyxf%2BoM7B5yfJewzeVoU2%2FtVYQKI1lMuX%2BRaPNcBUAvSnVpp3982X8ufymNCG%2Bvqv3rBuUa%2BDAlSlNPC7rHF8TsYmOTADU69%2B%2B%2Fol8yLJTHHQhvr%2Bf5O5wjhPZDddaEMD1lhgrNFX59TpZvCV9M4rSDCIHqoFDFRnsCphC6IUw%3D%22%7D&prevSearchId=1765686709859674781&loginPromo=1
707,"Bữa sáng quá ít món, không ngon Dọn phòng trễ, đầu giờ chiều mới dọn đang ngủ Nước để bình lớn không sang trọng Nhà tắm không có móc để đồ Không có khăn giấy trong phòng Hành lang bung gạch nhiều, không sửa chữa, giống bình dân Đánh giá chung: 3 sao",SOL by Melia Phu Quoc,https://www.traveloka.com/en-vn/hotel/detail?spec=13-05-2023.14-05-2023.1.1.HOTEL.1000000626112.SOL%20by%20Melia%20Phu%20Quoc.1&contexts=%7B%22inventoryRateKey%22%3A%22povEwB3ZzsU2C6pd%2B6MdU13LUNuufACdbU0usK5vg0dM0tKsNUio4Rxug1zOzHJilcvZa8YdqqIySdppe7dolTIewZlxfjiOGz6oXLTucMvN0%2BgQ3yZPvZcoHwUFNN%2BZpcr%2F%2FNa8o9ElfN8zOYhzzZeg0X586laFpeUViPi9rxBmwBdHcCHNVGYbHYVgpznVIvEWeildVo7nbHxIWcXPVNGysXwP9P%2F6jQTjnyKeTv%2ByqYmxSenRKFEfSHS0XO3kZfZPEEhT4qTyZ4NnGlioFk6ay4RXlsebEjOdYqJCyZZxlxUTHNffO2l8jiZZrGWd1F5yTZNH82d3Ski2hEsRD2fxa3MY%2Bk28ILHsNwZ6G%2FNGOtaiV%2Bgh4YG%2FkiP9POwHR1hgSE9JVGuYmbD4FB8l0LkkIBHgoTM4X0fNS81%2BA6f4zV6DxmQzI9dGh%2BP9eA6j%2B%2BfNqDfMsi4qyKjapz8T4qQ%2BjgAtJSRmIL7WdsmYhVjSQb5voiknUxgKT%2Fom%2FJJYAUyxf%2BoM7B5yfJewzeVoU2%2FtVYQKI1lMuX%2BRaPNcBUAvSnVpp3982X8ufymNCG%2Bvqv3rBuUa%2BDAlSlNPC7rHF8TsYmOTADU69%2B%2B%2Fol8yLJTHHQhvr%2Bf5O5wjhPZDddaEMD1lhgrNFX59TpZvCV9M4rSDCIHqoFDFRnsCphC6IUw%3D%22%7D&prevSearchId=1765686709859674781&loginPromo=1
708,,SOL by Melia Phu Quoc,https://www.traveloka.com/en-vn/hotel/detail?spec=13-05-2023.14-05-2023.1.1.HOTEL.1000000626112.SOL%20by%20Melia%20Phu%20Quoc.1&contexts=%7B%22inventoryRateKey%22%3A%22povEwB3ZzsU2C6pd%2B6MdU13LUNuufACdbU0usK5vg0dM0tKsNUio4Rxug1zOzHJilcvZa8YdqqIySdppe7dolTIewZlxfjiOGz6oXLTucMvN0%2BgQ3yZPvZcoHwUFNN%2BZpcr%2F%2FNa8o9ElfN8zOYhzzZeg0X586laFpeUViPi9rxBmwBdHcCHNVGYbHYVgpznVIvEWeildVo7nbHxIWcXPVNGysXwP9P%2F6jQTjnyKeTv%2ByqYmxSenRKFEfSHS0XO3kZfZPEEhT4qTyZ4NnGlioFk6ay4RXlsebEjOdYqJCyZZxlxUTHNffO2l8jiZZrGWd1F5yTZNH82d3Ski2hEsRD2fxa3MY%2Bk28ILHsNwZ6G%2FNGOtaiV%2Bgh4YG%2FkiP9POwHR1hgSE9JVGuYmbD4FB8l0LkkIBHgoTM4X0fNS81%2BA6f4zV6DxmQzI9dGh%2BP9eA6j%2B%2BfNqDfMsi4qyKjapz8T4qQ%2BjgAtJSRmIL7WdsmYhVjSQb5voiknUxgKT%2Fom%2FJJYAUyxf%2BoM7B5yfJewzeVoU2%2FtVYQKI1lMuX%2BRaPNcBUAvSnVpp3982X8ufymNCG%2Bvqv3rBuUa%2BDAlSlNPC7rHF8TsYmOTADU69%2B%2B%2Fol8yLJTHHQhvr%2Bf5O5wjhPZDddaEMD1lhgrNFX59TpZvCV9M4rSDCIHqoFDFRnsCphC6IUw%3D%22%7D&prevSearchId=1765686709859674781&loginPromo=1
709,,SOL by Melia Phu Quoc,https://www.traveloka.com/en-vn/hotel/detail?spec=13-05-2023.14-05-2023.1.1.HOTEL.1000000626112.SOL%20by%20Melia%20Phu%20Quoc.1&contexts=%7B%22inventoryRateKey%22%3A%22povEwB3ZzsU2C6pd%2B6MdU13LUNuufACdbU0usK5vg0dM0tKsNUio4Rxug1zOzHJilcvZa8YdqqIySdppe7dolTIewZlxfjiOGz6oXLTucMvN0%2BgQ3yZPvZcoHwUFNN%2BZpcr%2F%2FNa8o9ElfN8zOYhzzZeg0X586laFpeUViPi9rxBmwBdHcCHNVGYbHYVgpznVIvEWeildVo7nbHxIWcXPVNGysXwP9P%2F6jQTjnyKeTv%2ByqYmxSenRKFEfSHS0XO3kZfZPEEhT4qTyZ4NnGlioFk6ay4RXlsebEjOdYqJCyZZxlxUTHNffO2l8jiZZrGWd1F5yTZNH82d3Ski2hEsRD2fxa3MY%2Bk28ILHsNwZ6G%2FNGOtaiV%2Bgh4YG%2FkiP9POwHR1hgSE9JVGuYmbD4FB8l0LkkIBHgoTM4X0fNS81%2BA6f4zV6DxmQzI9dGh%2BP9eA6j%2B%2BfNqDfMsi4qyKjapz8T4qQ%2BjgAtJSRmIL7WdsmYhVjSQb5voiknUxgKT%2Fom%2FJJYAUyxf%2BoM7B5yfJewzeVoU2%2FtVYQKI1lMuX%2BRaPNcBUAvSnVpp3982X8ufymNCG%2Bvqv3rBuUa%2BDAlSlNPC7rHF8TsYmOTADU69%2B%2B%2Fol8yLJTHHQhvr%2Bf5O5wjhPZDddaEMD1lhgrNFX59TpZvCV9M4rSDCIHqoFDFRnsCphC6IUw%3D%22%7D&prevSearchId=1765686709859674781&loginPromo=1
710,,SOL by Melia Phu Quoc,https://www.traveloka.com/en-vn/hotel/detail?spec=13-05-2023.14-05-2023.1.1.HOTEL.1000000626112.SOL%20by%20Melia%20Phu%20Quoc.1&contexts=%7B%22inventoryRateKey%22%3A%22povEwB3ZzsU2C6pd%2B6MdU13LUNuufACdbU0usK5vg0dM0tKsNUio4Rxug1zOzHJilcvZa8YdqqIySdppe7dolTIewZlxfjiOGz6oXLTucMvN0%2BgQ3yZPvZcoHwUFNN%2BZpcr%2F%2FNa8o9ElfN8zOYhzzZeg0X586laFpeUViPi9rxBmwBdHcCHNVGYbHYVgpznVIvEWeildVo7nbHxIWcXPVNGysXwP9P%2F6jQTjnyKeTv%2ByqYmxSenRKFEfSHS0XO3kZfZPEEhT4qTyZ4NnGlioFk6ay4RXlsebEjOdYqJCyZZxlxUTHNffO2l8jiZZrGWd1F5yTZNH82d3Ski2hEsRD2fxa3MY%2Bk28ILHsNwZ6G%2FNGOtaiV%2Bgh4YG%2FkiP9POwHR1hgSE9JVGuYmbD4FB8l0LkkIBHgoTM4X0fNS81%2BA6f4zV6DxmQzI9dGh%2BP9eA6j%2B%2BfNqDfMsi4qyKjapz8T4qQ%2BjgAtJSRmIL7WdsmYhVjSQb5voiknUxgKT%2Fom%2FJJYAUyxf%2BoM7B5yfJewzeVoU2%2FtVYQKI1lMuX%2BRaPNcBUAvSnVpp3982X8ufymNCG%2Bvqv3rBuUa%2BDAlSlNPC7rHF8TsYmOTADU69%2B%2B%2Fol8yLJTHHQhvr%2Bf5O5wjhPZDddaEMD1lhgrNFX59TpZvCV9M4rSDCIHqoFDFRnsCphC6IUw%3D%22%7D&prevSearchId=1765686709859674781&loginPromo=1
711,"khách sạn có ăn sáng đa dạng, hồ bơi đẹp, sạch !! phòng rất đẹp mỗi tội check in 3h",SOL by Melia Phu Quoc,https://www.traveloka.com/en-vn/hotel/detail?spec=13-05-2023.14-05-2023.1.1.HOTEL.1000000626112.SOL%20by%20Melia%20Phu%20Quoc.1&contexts=%7B%22inventoryRateKey%22%3A%22povEwB3ZzsU2C6pd%2B6MdU13LUNuufACdbU0usK5vg0dM0tKsNUio4Rxug1zOzHJilcvZa8YdqqIySdppe7dolTIewZlxfjiOGz6oXLTucMvN0%2BgQ3yZPvZcoHwUFNN%2BZpcr%2F%2FNa8o9ElfN8zOYhzzZeg0X586laFpeUViPi9rxBmwBdHcCHNVGYbHYVgpznVIvEWeildVo7nbHxIWcXPVNGysXwP9P%2F6jQTjnyKeTv%2ByqYmxSenRKFEfSHS0XO3kZfZPEEhT4qTyZ4NnGlioFk6ay4RXlsebEjOdYqJCyZZxlxUTHNffO2l8jiZZrGWd1F5yTZNH82d3Ski2hEsRD2fxa3MY%2Bk28ILHsNwZ6G%2FNGOtaiV%2Bgh4YG%2FkiP9POwHR1hgSE9JVGuYmbD4FB8l0LkkIBHgoTM4X0fNS81%2BA6f4zV6DxmQzI9dGh%2BP9eA6j%2B%2BfNqDfMsi4qyKjapz8T4qQ%2BjgAtJSRmIL7WdsmYhVjSQb5voiknUxgKT%2Fom%2FJJYAUyxf%2BoM7B5yfJewzeVoU2%2FtVYQKI1lMuX%2BRaPNcBUAvSnVpp3982X8ufymNCG%2Bvqv3rBuUa%2BDAlSlNPC7rHF8TsYmOTADU69%2B%2B%2Fol8yLJTHHQhvr%2Bf5O5wjhPZDddaEMD1lhgrNFX59TpZvCV9M4rSDCIHqoFDFRnsCphC6IUw%3D%22%7D&prevSearchId=1765686709859674781&loginPromo=1
712,"Nhân viên phục vụ nhiệt tình, thái độ tốt, dịch vụ tốt, bãi biển đẹp thậc sự. Phòng sạch sẽ, tiện nghi, đồ ăn ngon, lần sau 1000000% sẽ quay lại Melia (anhqlydyeu)",SOL by Melia Phu Quoc,https://www.traveloka.com/en-vn/hotel/detail?spec=13-05-2023.14-05-2023.1.1.HOTEL.1000000626112.SOL%20by%20Melia%20Phu%20Quoc.1&contexts=%7B%22inventoryRateKey%22%3A%22povEwB3ZzsU2C6pd%2B6MdU13LUNuufACdbU0usK5vg0dM0tKsNUio4Rxug1zOzHJilcvZa8YdqqIySdppe7dolTIewZlxfjiOGz6oXLTucMvN0%2BgQ3yZPvZcoHwUFNN%2BZpcr%2F%2FNa8o9ElfN8zOYhzzZeg0X586laFpeUViPi9rxBmwBdHcCHNVGYbHYVgpznVIvEWeildVo7nbHxIWcXPVNGysXwP9P%2F6jQTjnyKeTv%2ByqYmxSenRKFEfSHS0XO3kZfZPEEhT4qTyZ4NnGlioFk6ay4RXlsebEjOdYqJCyZZxlxUTHNffO2l8jiZZrGWd1F5yTZNH82d3Ski2hEsRD2fxa3MY%2Bk28ILHsNwZ6G%2FNGOtaiV%2Bgh4YG%2FkiP9POwHR1hgSE9JVGuYmbD4FB8l0LkkIBHgoTM4X0fNS81%2BA6f4zV6DxmQzI9dGh%2BP9eA6j%2B%2BfNqDfMsi4qyKjapz8T4qQ%2BjgAtJSRmIL7WdsmYhVjSQb5voiknUxgKT%2Fom%2FJJYAUyxf%2BoM7B5yfJewzeVoU2%2FtVYQKI1lMuX%2BRaPNcBUAvSnVpp3982X8ufymNCG%2Bvqv3rBuUa%2BDAlSlNPC7rHF8TsYmOTADU69%2B%2B%2Fol8yLJTHHQhvr%2Bf5O5wjhPZDddaEMD1lhgrNFX59TpZvCV9M4rSDCIHqoFDFRnsCphC6IUw%3D%22%7D&prevSearchId=1765686709859674781&loginPromo=1
713,,SOL by Melia Phu Quoc,https://www.traveloka.com/en-vn/hotel/detail?spec=13-05-2023.14-05-2023.1.1.HOTEL.1000000626112.SOL%20by%20Melia%20Phu%20Quoc.1&contexts=%7B%22inventoryRateKey%22%3A%22povEwB3ZzsU2C6pd%2B6MdU13LUNuufACdbU0usK5vg0dM0tKsNUio4Rxug1zOzHJilcvZa8YdqqIySdppe7dolTIewZlxfjiOGz6oXLTucMvN0%2BgQ3yZPvZcoHwUFNN%2BZpcr%2F%2FNa8o9ElfN8zOYhzzZeg0X586laFpeUViPi9rxBmwBdHcCHNVGYbHYVgpznVIvEWeildVo7nbHxIWcXPVNGysXwP9P%2F6jQTjnyKeTv%2ByqYmxSenRKFEfSHS0XO3kZfZPEEhT4qTyZ4NnGlioFk6ay4RXlsebEjOdYqJCyZZxlxUTHNffO2l8jiZZrGWd1F5yTZNH82d3Ski2hEsRD2fxa3MY%2Bk28ILHsNwZ6G%2FNGOtaiV%2Bgh4YG%2FkiP9POwHR1hgSE9JVGuYmbD4FB8l0LkkIBHgoTM4X0fNS81%2BA6f4zV6DxmQzI9dGh%2BP9eA6j%2B%2BfNqDfMsi4qyKjapz8T4qQ%2BjgAtJSRmIL7WdsmYhVjSQb5voiknUxgKT%2Fom%2FJJYAUyxf%2BoM7B5yfJewzeVoU2%2FtVYQKI1lMuX%2BRaPNcBUAvSnVpp3982X8ufymNCG%2Bvqv3rBuUa%2BDAlSlNPC7rHF8TsYmOTADU69%2B%2B%2Fol8yLJTHHQhvr%2Bf5O5wjhPZDddaEMD1lhgrNFX59TpZvCV9M4rSDCIHqoFDFRnsCphC6IUw%3D%22%7D&prevSearchId=1765686709859674781&loginPromo=1
714,"Phòng giống hình, chất lượng tuyệt vời",SOL by Melia Phu Quoc,https://www.traveloka.com/en-vn/hotel/detail?spec=13-05-2023.14-05-2023.1.1.HOTEL.1000000626112.SOL%20by%20Melia%20Phu%20Quoc.1&contexts=%7B%22inventoryRateKey%22%3A%22povEwB3ZzsU2C6pd%2B6MdU13LUNuufACdbU0usK5vg0dM0tKsNUio4Rxug1zOzHJilcvZa8YdqqIySdppe7dolTIewZlxfjiOGz6oXLTucMvN0%2BgQ3yZPvZcoHwUFNN%2BZpcr%2F%2FNa8o9ElfN8zOYhzzZeg0X586laFpeUViPi9rxBmwBdHcCHNVGYbHYVgpznVIvEWeildVo7nbHxIWcXPVNGysXwP9P%2F6jQTjnyKeTv%2ByqYmxSenRKFEfSHS0XO3kZfZPEEhT4qTyZ4NnGlioFk6ay4RXlsebEjOdYqJCyZZxlxUTHNffO2l8jiZZrGWd1F5yTZNH82d3Ski2hEsRD2fxa3MY%2Bk28ILHsNwZ6G%2FNGOtaiV%2Bgh4YG%2FkiP9POwHR1hgSE9JVGuYmbD4FB8l0LkkIBHgoTM4X0fNS81%2BA6f4zV6DxmQzI9dGh%2BP9eA6j%2B%2BfNqDfMsi4qyKjapz8T4qQ%2BjgAtJSRmIL7WdsmYhVjSQb5voiknUxgKT%2Fom%2FJJYAUyxf%2BoM7B5yfJewzeVoU2%2FtVYQKI1lMuX%2BRaPNcBUAvSnVpp3982X8ufymNCG%2Bvqv3rBuUa%2BDAlSlNPC7rHF8TsYmOTADU69%2B%2B%2Fol8yLJTHHQhvr%2Bf5O5wjhPZDddaEMD1lhgrNFX59TpZvCV9M4rSDCIHqoFDFRnsCphC6IUw%3D%22%7D&prevSearchId=1765686709859674781&loginPromo=1
715,"Cũng được, đi để nghỉ ngơi thì phù hợp chứ đi sang các điểm du lịch và ăn uống chợ chiếc là quá xa :v",SOL by Melia Phu Quoc,https://www.traveloka.com/en-vn/hotel/detail?spec=13-05-2023.14-05-2023.1.1.HOTEL.1000000626112.SOL%20by%20Melia%20Phu%20Quoc.1&contexts=%7B%22inventoryRateKey%22%3A%22povEwB3ZzsU2C6pd%2B6MdU13LUNuufACdbU0usK5vg0dM0tKsNUio4Rxug1zOzHJilcvZa8YdqqIySdppe7dolTIewZlxfjiOGz6oXLTucMvN0%2BgQ3yZPvZcoHwUFNN%2BZpcr%2F%2FNa8o9ElfN8zOYhzzZeg0X586laFpeUViPi9rxBmwBdHcCHNVGYbHYVgpznVIvEWeildVo7nbHxIWcXPVNGysXwP9P%2F6jQTjnyKeTv%2ByqYmxSenRKFEfSHS0XO3kZfZPEEhT4qTyZ4NnGlioFk6ay4RXlsebEjOdYqJCyZZxlxUTHNffO2l8jiZZrGWd1F5yTZNH82d3Ski2hEsRD2fxa3MY%2Bk28ILHsNwZ6G%2FNGOtaiV%2Bgh4YG%2FkiP9POwHR1hgSE9JVGuYmbD4FB8l0LkkIBHgoTM4X0fNS81%2BA6f4zV6DxmQzI9dGh%2BP9eA6j%2B%2BfNqDfMsi4qyKjapz8T4qQ%2BjgAtJSRmIL7WdsmYhVjSQb5voiknUxgKT%2Fom%2FJJYAUyxf%2BoM7B5yfJewzeVoU2%2FtVYQKI1lMuX%2BRaPNcBUAvSnVpp3982X8ufymNCG%2Bvqv3rBuUa%2BDAlSlNPC7rHF8TsYmOTADU69%2B%2B%2Fol8yLJTHHQhvr%2Bf5O5wjhPZDddaEMD1lhgrNFX59TpZvCV9M4rSDCIHqoFDFRnsCphC6IUw%3D%22%7D&prevSearchId=1765686709859674781&loginPromo=1
716,"Một kỳ nghỉ tuyệt vời tại Sol, phục vụ phòng nhanh, bải biển sạch. Chỉ có điều bữa sáng không hợp khẩu vị gia đình mình.",SOL by Melia Phu Quoc,https://www.traveloka.com/en-vn/hotel/detail?spec=13-05-2023.14-05-2023.1.1.HOTEL.1000000626112.SOL%20by%20Melia%20Phu%20Quoc.1&contexts=%7B%22inventoryRateKey%22%3A%22povEwB3ZzsU2C6pd%2B6MdU13LUNuufACdbU0usK5vg0dM0tKsNUio4Rxug1zOzHJilcvZa8YdqqIySdppe7dolTIewZlxfjiOGz6oXLTucMvN0%2BgQ3yZPvZcoHwUFNN%2BZpcr%2F%2FNa8o9ElfN8zOYhzzZeg0X586laFpeUViPi9rxBmwBdHcCHNVGYbHYVgpznVIvEWeildVo7nbHxIWcXPVNGysXwP9P%2F6jQTjnyKeTv%2ByqYmxSenRKFEfSHS0XO3kZfZPEEhT4qTyZ4NnGlioFk6ay4RXlsebEjOdYqJCyZZxlxUTHNffO2l8jiZZrGWd1F5yTZNH82d3Ski2hEsRD2fxa3MY%2Bk28ILHsNwZ6G%2FNGOtaiV%2Bgh4YG%2FkiP9POwHR1hgSE9JVGuYmbD4FB8l0LkkIBHgoTM4X0fNS81%2BA6f4zV6DxmQzI9dGh%2BP9eA6j%2B%2BfNqDfMsi4qyKjapz8T4qQ%2BjgAtJSRmIL7WdsmYhVjSQb5voiknUxgKT%2Fom%2FJJYAUyxf%2BoM7B5yfJewzeVoU2%2FtVYQKI1lMuX%2BRaPNcBUAvSnVpp3982X8ufymNCG%2Bvqv3rBuUa%2BDAlSlNPC7rHF8TsYmOTADU69%2B%2B%2Fol8yLJTHHQhvr%2Bf5O5wjhPZDddaEMD1lhgrNFX59TpZvCV9M4rSDCIHqoFDFRnsCphC6IUw%3D%22%7D&prevSearchId=1765686709859674781&loginPromo=1
717,,SOL by Melia Phu Quoc,https://www.traveloka.com/en-vn/hotel/detail?spec=13-05-2023.14-05-2023.1.1.HOTEL.1000000626112.SOL%20by%20Melia%20Phu%20Quoc.1&contexts=%7B%22inventoryRateKey%22%3A%22povEwB3ZzsU2C6pd%2B6MdU13LUNuufACdbU0usK5vg0dM0tKsNUio4Rxug1zOzHJilcvZa8YdqqIySdppe7dolTIewZlxfjiOGz6oXLTucMvN0%2BgQ3yZPvZcoHwUFNN%2BZpcr%2F%2FNa8o9ElfN8zOYhzzZeg0X586laFpeUViPi9rxBmwBdHcCHNVGYbHYVgpznVIvEWeildVo7nbHxIWcXPVNGysXwP9P%2F6jQTjnyKeTv%2ByqYmxSenRKFEfSHS0XO3kZfZPEEhT4qTyZ4NnGlioFk6ay4RXlsebEjOdYqJCyZZxlxUTHNffO2l8jiZZrGWd1F5yTZNH82d3Ski2hEsRD2fxa3MY%2Bk28ILHsNwZ6G%2FNGOtaiV%2Bgh4YG%2FkiP9POwHR1hgSE9JVGuYmbD4FB8l0LkkIBHgoTM4X0fNS81%2BA6f4zV6DxmQzI9dGh%2BP9eA6j%2B%2BfNqDfMsi4qyKjapz8T4qQ%2BjgAtJSRmIL7WdsmYhVjSQb5voiknUxgKT%2Fom%2FJJYAUyxf%2BoM7B5yfJewzeVoU2%2FtVYQKI1lMuX%2BRaPNcBUAvSnVpp3982X8ufymNCG%2Bvqv3rBuUa%2BDAlSlNPC7rHF8TsYmOTADU69%2B%2B%2Fol8yLJTHHQhvr%2Bf5O5wjhPZDddaEMD1lhgrNFX59TpZvCV9M4rSDCIHqoFDFRnsCphC6IUw%3D%22%7D&prevSearchId=1765686709859674781&loginPromo=1
718,"Được phòng ốc, phong cảnh đẹp. Nhưng ăn sáng đơn điệu, không đổi mới, ngày nào cũng ăn có nhiêu đó món. Ở 3 ngày là ăn giống nhau 3 ngày. Món ăn không xứng với resort 4 sao",SOL by Melia Phu Quoc,https://www.traveloka.com/en-vn/hotel/detail?spec=13-05-2023.14-05-2023.1.1.HOTEL.1000000626112.SOL%20by%20Melia%20Phu%20Quoc.1&contexts=%7B%22inventoryRateKey%22%3A%22povEwB3ZzsU2C6pd%2B6MdU13LUNuufACdbU0usK5vg0dM0tKsNUio4Rxug1zOzHJilcvZa8YdqqIySdppe7dolTIewZlxfjiOGz6oXLTucMvN0%2BgQ3yZPvZcoHwUFNN%2BZpcr%2F%2FNa8o9ElfN8zOYhzzZeg0X586laFpeUViPi9rxBmwBdHcCHNVGYbHYVgpznVIvEWeildVo7nbHxIWcXPVNGysXwP9P%2F6jQTjnyKeTv%2ByqYmxSenRKFEfSHS0XO3kZfZPEEhT4qTyZ4NnGlioFk6ay4RXlsebEjOdYqJCyZZxlxUTHNffO2l8jiZZrGWd1F5yTZNH82d3Ski2hEsRD2fxa3MY%2Bk28ILHsNwZ6G%2FNGOtaiV%2Bgh4YG%2FkiP9POwHR1hgSE9JVGuYmbD4FB8l0LkkIBHgoTM4X0fNS81%2BA6f4zV6DxmQzI9dGh%2BP9eA6j%2B%2BfNqDfMsi4qyKjapz8T4qQ%2BjgAtJSRmIL7WdsmYhVjSQb5voiknUxgKT%2Fom%2FJJYAUyxf%2BoM7B5yfJewzeVoU2%2FtVYQKI1lMuX%2BRaPNcBUAvSnVpp3982X8ufymNCG%2Bvqv3rBuUa%2BDAlSlNPC7rHF8TsYmOTADU69%2B%2B%2Fol8yLJTHHQhvr%2Bf5O5wjhPZDddaEMD1lhgrNFX59TpZvCV9M4rSDCIHqoFDFRnsCphC6IUw%3D%22%7D&prevSearchId=1765686709859674781&loginPromo=1
719,,SOL by Melia Phu Quoc,https://www.traveloka.com/en-vn/hotel/detail?spec=13-05-2023.14-05-2023.1.1.HOTEL.1000000626112.SOL%20by%20Melia%20Phu%20Quoc.1&contexts=%7B%22inventoryRateKey%22%3A%22povEwB3ZzsU2C6pd%2B6MdU13LUNuufACdbU0usK5vg0dM0tKsNUio4Rxug1zOzHJilcvZa8YdqqIySdppe7dolTIewZlxfjiOGz6oXLTucMvN0%2BgQ3yZPvZcoHwUFNN%2BZpcr%2F%2FNa8o9ElfN8zOYhzzZeg0X586laFpeUViPi9rxBmwBdHcCHNVGYbHYVgpznVIvEWeildVo7nbHxIWcXPVNGysXwP9P%2F6jQTjnyKeTv%2ByqYmxSenRKFEfSHS0XO3kZfZPEEhT4qTyZ4NnGlioFk6ay4RXlsebEjOdYqJCyZZxlxUTHNffO2l8jiZZrGWd1F5yTZNH82d3Ski2hEsRD2fxa3MY%2Bk28ILHsNwZ6G%2FNGOtaiV%2Bgh4YG%2FkiP9POwHR1hgSE9JVGuYmbD4FB8l0LkkIBHgoTM4X0fNS81%2BA6f4zV6DxmQzI9dGh%2BP9eA6j%2B%2BfNqDfMsi4qyKjapz8T4qQ%2BjgAtJSRmIL7WdsmYhVjSQb5voiknUxgKT%2Fom%2FJJYAUyxf%2BoM7B5yfJewzeVoU2%2FtVYQKI1lMuX%2BRaPNcBUAvSnVpp3982X8ufymNCG%2Bvqv3rBuUa%2BDAlSlNPC7rHF8TsYmOTADU69%2B%2B%2Fol8yLJTHHQhvr%2Bf5O5wjhPZDddaEMD1lhgrNFX59TpZvCV9M4rSDCIHqoFDFRnsCphC6IUw%3D%22%7D&prevSearchId=1765686709859674781&loginPromo=1
720,"Khách sạn sạch sẽ, nhân viên thân thiện",SOL by Melia Phu Quoc,https://www.traveloka.com/en-vn/hotel/detail?spec=13-05-2023.14-05-2023.1.1.HOTEL.1000000626112.SOL%20by%20Melia%20Phu%20Quoc.1&contexts=%7B%22inventoryRateKey%22%3A%22povEwB3ZzsU2C6pd%2B6MdU13LUNuufACdbU0usK5vg0dM0tKsNUio4Rxug1zOzHJilcvZa8YdqqIySdppe7dolTIewZlxfjiOGz6oXLTucMvN0%2BgQ3yZPvZcoHwUFNN%2BZpcr%2F%2FNa8o9ElfN8zOYhzzZeg0X586laFpeUViPi9rxBmwBdHcCHNVGYbHYVgpznVIvEWeildVo7nbHxIWcXPVNGysXwP9P%2F6jQTjnyKeTv%2ByqYmxSenRKFEfSHS0XO3kZfZPEEhT4qTyZ4NnGlioFk6ay4RXlsebEjOdYqJCyZZxlxUTHNffO2l8jiZZrGWd1F5yTZNH82d3Ski2hEsRD2fxa3MY%2Bk28ILHsNwZ6G%2FNGOtaiV%2Bgh4YG%2FkiP9POwHR1hgSE9JVGuYmbD4FB8l0LkkIBHgoTM4X0fNS81%2BA6f4zV6DxmQzI9dGh%2BP9eA6j%2B%2BfNqDfMsi4qyKjapz8T4qQ%2BjgAtJSRmIL7WdsmYhVjSQb5voiknUxgKT%2Fom%2FJJYAUyxf%2BoM7B5yfJewzeVoU2%2FtVYQKI1lMuX%2BRaPNcBUAvSnVpp3982X8ufymNCG%2Bvqv3rBuUa%2BDAlSlNPC7rHF8TsYmOTADU69%2B%2B%2Fol8yLJTHHQhvr%2Bf5O5wjhPZDddaEMD1lhgrNFX59TpZvCV9M4rSDCIHqoFDFRnsCphC6IUw%3D%22%7D&prevSearchId=1765686709859674781&loginPromo=1
721,,SOL by Melia Phu Quoc,https://www.traveloka.com/en-vn/hotel/detail?spec=13-05-2023.14-05-2023.1.1.HOTEL.1000000626112.SOL%20by%20Melia%20Phu%20Quoc.1&contexts=%7B%22inventoryRateKey%22%3A%22povEwB3ZzsU2C6pd%2B6MdU13LUNuufACdbU0usK5vg0dM0tKsNUio4Rxug1zOzHJilcvZa8YdqqIySdppe7dolTIewZlxfjiOGz6oXLTucMvN0%2BgQ3yZPvZcoHwUFNN%2BZpcr%2F%2FNa8o9ElfN8zOYhzzZeg0X586laFpeUViPi9rxBmwBdHcCHNVGYbHYVgpznVIvEWeildVo7nbHxIWcXPVNGysXwP9P%2F6jQTjnyKeTv%2ByqYmxSenRKFEfSHS0XO3kZfZPEEhT4qTyZ4NnGlioFk6ay4RXlsebEjOdYqJCyZZxlxUTHNffO2l8jiZZrGWd1F5yTZNH82d3Ski2hEsRD2fxa3MY%2Bk28ILHsNwZ6G%2FNGOtaiV%2Bgh4YG%2FkiP9POwHR1hgSE9JVGuYmbD4FB8l0LkkIBHgoTM4X0fNS81%2BA6f4zV6DxmQzI9dGh%2BP9eA6j%2B%2BfNqDfMsi4qyKjapz8T4qQ%2BjgAtJSRmIL7WdsmYhVjSQb5voiknUxgKT%2Fom%2FJJYAUyxf%2BoM7B5yfJewzeVoU2%2FtVYQKI1lMuX%2BRaPNcBUAvSnVpp3982X8ufymNCG%2Bvqv3rBuUa%2BDAlSlNPC7rHF8TsYmOTADU69%2B%2B%2Fol8yLJTHHQhvr%2Bf5O5wjhPZDddaEMD1lhgrNFX59TpZvCV9M4rSDCIHqoFDFRnsCphC6IUw%3D%22%7D&prevSearchId=1765686709859674781&loginPromo=1
722,Khách sạn rất đẹp. Điểm trừ duy nhất là buffet sáng không phong phú,SOL by Melia Phu Quoc,https://www.traveloka.com/en-vn/hotel/detail?spec=13-05-2023.14-05-2023.1.1.HOTEL.1000000626112.SOL%20by%20Melia%20Phu%20Quoc.1&contexts=%7B%22inventoryRateKey%22%3A%22povEwB3ZzsU2C6pd%2B6MdU13LUNuufACdbU0usK5vg0dM0tKsNUio4Rxug1zOzHJilcvZa8YdqqIySdppe7dolTIewZlxfjiOGz6oXLTucMvN0%2BgQ3yZPvZcoHwUFNN%2BZpcr%2F%2FNa8o9ElfN8zOYhzzZeg0X586laFpeUViPi9rxBmwBdHcCHNVGYbHYVgpznVIvEWeildVo7nbHxIWcXPVNGysXwP9P%2F6jQTjnyKeTv%2ByqYmxSenRKFEfSHS0XO3kZfZPEEhT4qTyZ4NnGlioFk6ay4RXlsebEjOdYqJCyZZxlxUTHNffO2l8jiZZrGWd1F5yTZNH82d3Ski2hEsRD2fxa3MY%2Bk28ILHsNwZ6G%2FNGOtaiV%2Bgh4YG%2FkiP9POwHR1hgSE9JVGuYmbD4FB8l0LkkIBHgoTM4X0fNS81%2BA6f4zV6DxmQzI9dGh%2BP9eA6j%2B%2BfNqDfMsi4qyKjapz8T4qQ%2BjgAtJSRmIL7WdsmYhVjSQb5voiknUxgKT%2Fom%2FJJYAUyxf%2BoM7B5yfJewzeVoU2%2FtVYQKI1lMuX%2BRaPNcBUAvSnVpp3982X8ufymNCG%2Bvqv3rBuUa%2BDAlSlNPC7rHF8TsYmOTADU69%2B%2B%2Fol8yLJTHHQhvr%2Bf5O5wjhPZDddaEMD1lhgrNFX59TpZvCV9M4rSDCIHqoFDFRnsCphC6IUw%3D%22%7D&prevSearchId=1765686709859674781&loginPromo=1
723,"Khách sạn không xứng đáng 5 sao, chỉ được 4 sao thôi. Vì quầy bar trên hồ bơi đóng cửa sớm, ăn sáng không có gì đặc biệt, thậm chí là không bằng khách sạn 3 sao.",SOL by Melia Phu Quoc,https://www.traveloka.com/en-vn/hotel/detail?spec=13-05-2023.14-05-2023.1.1.HOTEL.1000000626112.SOL%20by%20Melia%20Phu%20Quoc.1&contexts=%7B%22inventoryRateKey%22%3A%22povEwB3ZzsU2C6pd%2B6MdU13LUNuufACdbU0usK5vg0dM0tKsNUio4Rxug1zOzHJilcvZa8YdqqIySdppe7dolTIewZlxfjiOGz6oXLTucMvN0%2BgQ3yZPvZcoHwUFNN%2BZpcr%2F%2FNa8o9ElfN8zOYhzzZeg0X586laFpeUViPi9rxBmwBdHcCHNVGYbHYVgpznVIvEWeildVo7nbHxIWcXPVNGysXwP9P%2F6jQTjnyKeTv%2ByqYmxSenRKFEfSHS0XO3kZfZPEEhT4qTyZ4NnGlioFk6ay4RXlsebEjOdYqJCyZZxlxUTHNffO2l8jiZZrGWd1F5yTZNH82d3Ski2hEsRD2fxa3MY%2Bk28ILHsNwZ6G%2FNGOtaiV%2Bgh4YG%2FkiP9POwHR1hgSE9JVGuYmbD4FB8l0LkkIBHgoTM4X0fNS81%2BA6f4zV6DxmQzI9dGh%2BP9eA6j%2B%2BfNqDfMsi4qyKjapz8T4qQ%2BjgAtJSRmIL7WdsmYhVjSQb5voiknUxgKT%2Fom%2FJJYAUyxf%2BoM7B5yfJewzeVoU2%2FtVYQKI1lMuX%2BRaPNcBUAvSnVpp3982X8ufymNCG%2Bvqv3rBuUa%2BDAlSlNPC7rHF8TsYmOTADU69%2B%2B%2Fol8yLJTHHQhvr%2Bf5O5wjhPZDddaEMD1lhgrNFX59TpZvCV9M4rSDCIHqoFDFRnsCphC6IUw%3D%22%7D&prevSearchId=1765686709859674781&loginPromo=1
724,,SOL by Melia Phu Quoc,https://www.traveloka.com/en-vn/hotel/detail?spec=13-05-2023.14-05-2023.1.1.HOTEL.1000000626112.SOL%20by%20Melia%20Phu%20Quoc.1&contexts=%7B%22inventoryRateKey%22%3A%22povEwB3ZzsU2C6pd%2B6MdU13LUNuufACdbU0usK5vg0dM0tKsNUio4Rxug1zOzHJilcvZa8YdqqIySdppe7dolTIewZlxfjiOGz6oXLTucMvN0%2BgQ3yZPvZcoHwUFNN%2BZpcr%2F%2FNa8o9ElfN8zOYhzzZeg0X586laFpeUViPi9rxBmwBdHcCHNVGYbHYVgpznVIvEWeildVo7nbHxIWcXPVNGysXwP9P%2F6jQTjnyKeTv%2ByqYmxSenRKFEfSHS0XO3kZfZPEEhT4qTyZ4NnGlioFk6ay4RXlsebEjOdYqJCyZZxlxUTHNffO2l8jiZZrGWd1F5yTZNH82d3Ski2hEsRD2fxa3MY%2Bk28ILHsNwZ6G%2FNGOtaiV%2Bgh4YG%2FkiP9POwHR1hgSE9JVGuYmbD4FB8l0LkkIBHgoTM4X0fNS81%2BA6f4zV6DxmQzI9dGh%2BP9eA6j%2B%2BfNqDfMsi4qyKjapz8T4qQ%2BjgAtJSRmIL7WdsmYhVjSQb5voiknUxgKT%2Fom%2FJJYAUyxf%2BoM7B5yfJewzeVoU2%2FtVYQKI1lMuX%2BRaPNcBUAvSnVpp3982X8ufymNCG%2Bvqv3rBuUa%2BDAlSlNPC7rHF8TsYmOTADU69%2B%2B%2Fol8yLJTHHQhvr%2Bf5O5wjhPZDddaEMD1lhgrNFX59TpZvCV9M4rSDCIHqoFDFRnsCphC6IUw%3D%22%7D&prevSearchId=1765686709859674781&loginPromo=1
725,Cám ơn Sol Beach đã cho vợ chồng mình 1 kỳ honney moon tuyệt vời,SOL by Melia Phu Quoc,https://www.traveloka.com/en-vn/hotel/detail?spec=13-05-2023.14-05-2023.1.1.HOTEL.1000000626112.SOL%20by%20Melia%20Phu%20Quoc.1&contexts=%7B%22inventoryRateKey%22%3A%22povEwB3ZzsU2C6pd%2B6MdU13LUNuufACdbU0usK5vg0dM0tKsNUio4Rxug1zOzHJilcvZa8YdqqIySdppe7dolTIewZlxfjiOGz6oXLTucMvN0%2BgQ3yZPvZcoHwUFNN%2BZpcr%2F%2FNa8o9ElfN8zOYhzzZeg0X586laFpeUViPi9rxBmwBdHcCHNVGYbHYVgpznVIvEWeildVo7nbHxIWcXPVNGysXwP9P%2F6jQTjnyKeTv%2ByqYmxSenRKFEfSHS0XO3kZfZPEEhT4qTyZ4NnGlioFk6ay4RXlsebEjOdYqJCyZZxlxUTHNffO2l8jiZZrGWd1F5yTZNH82d3Ski2hEsRD2fxa3MY%2Bk28ILHsNwZ6G%2FNGOtaiV%2Bgh4YG%2FkiP9POwHR1hgSE9JVGuYmbD4FB8l0LkkIBHgoTM4X0fNS81%2BA6f4zV6DxmQzI9dGh%2BP9eA6j%2B%2BfNqDfMsi4qyKjapz8T4qQ%2BjgAtJSRmIL7WdsmYhVjSQb5voiknUxgKT%2Fom%2FJJYAUyxf%2BoM7B5yfJewzeVoU2%2FtVYQKI1lMuX%2BRaPNcBUAvSnVpp3982X8ufymNCG%2Bvqv3rBuUa%2BDAlSlNPC7rHF8TsYmOTADU69%2B%2B%2Fol8yLJTHHQhvr%2Bf5O5wjhPZDddaEMD1lhgrNFX59TpZvCV9M4rSDCIHqoFDFRnsCphC6IUw%3D%22%7D&prevSearchId=1765686709859674781&loginPromo=1
726,"Thiết kế khá đẹp, tiện nghi trong phòng đầy đủ nhưng phục vụ vẫn chưa được tới mức 5 sao, dịch vụ vẫn còn thiếu 1 chút tinh tế.",SOL by Melia Phu Quoc,https://www.traveloka.com/en-vn/hotel/detail?spec=13-05-2023.14-05-2023.1.1.HOTEL.1000000626112.SOL%20by%20Melia%20Phu%20Quoc.1&contexts=%7B%22inventoryRateKey%22%3A%22povEwB3ZzsU2C6pd%2B6MdU13LUNuufACdbU0usK5vg0dM0tKsNUio4Rxug1zOzHJilcvZa8YdqqIySdppe7dolTIewZlxfjiOGz6oXLTucMvN0%2BgQ3yZPvZcoHwUFNN%2BZpcr%2F%2FNa8o9ElfN8zOYhzzZeg0X586laFpeUViPi9rxBmwBdHcCHNVGYbHYVgpznVIvEWeildVo7nbHxIWcXPVNGysXwP9P%2F6jQTjnyKeTv%2ByqYmxSenRKFEfSHS0XO3kZfZPEEhT4qTyZ4NnGlioFk6ay4RXlsebEjOdYqJCyZZxlxUTHNffO2l8jiZZrGWd1F5yTZNH82d3Ski2hEsRD2fxa3MY%2Bk28ILHsNwZ6G%2FNGOtaiV%2Bgh4YG%2FkiP9POwHR1hgSE9JVGuYmbD4FB8l0LkkIBHgoTM4X0fNS81%2BA6f4zV6DxmQzI9dGh%2BP9eA6j%2B%2BfNqDfMsi4qyKjapz8T4qQ%2BjgAtJSRmIL7WdsmYhVjSQb5voiknUxgKT%2Fom%2FJJYAUyxf%2BoM7B5yfJewzeVoU2%2FtVYQKI1lMuX%2BRaPNcBUAvSnVpp3982X8ufymNCG%2Bvqv3rBuUa%2BDAlSlNPC7rHF8TsYmOTADU69%2B%2B%2Fol8yLJTHHQhvr%2Bf5O5wjhPZDddaEMD1lhgrNFX59TpZvCV9M4rSDCIHqoFDFRnsCphC6IUw%3D%22%7D&prevSearchId=1765686709859674781&loginPromo=1
727,,SOL by Melia Phu Quoc,https://www.traveloka.com/en-vn/hotel/detail?spec=13-05-2023.14-05-2023.1.1.HOTEL.1000000626112.SOL%20by%20Melia%20Phu%20Quoc.1&contexts=%7B%22inventoryRateKey%22%3A%22povEwB3ZzsU2C6pd%2B6MdU13LUNuufACdbU0usK5vg0dM0tKsNUio4Rxug1zOzHJilcvZa8YdqqIySdppe7dolTIewZlxfjiOGz6oXLTucMvN0%2BgQ3yZPvZcoHwUFNN%2BZpcr%2F%2FNa8o9ElfN8zOYhzzZeg0X586laFpeUViPi9rxBmwBdHcCHNVGYbHYVgpznVIvEWeildVo7nbHxIWcXPVNGysXwP9P%2F6jQTjnyKeTv%2ByqYmxSenRKFEfSHS0XO3kZfZPEEhT4qTyZ4NnGlioFk6ay4RXlsebEjOdYqJCyZZxlxUTHNffO2l8jiZZrGWd1F5yTZNH82d3Ski2hEsRD2fxa3MY%2Bk28ILHsNwZ6G%2FNGOtaiV%2Bgh4YG%2FkiP9POwHR1hgSE9JVGuYmbD4FB8l0LkkIBHgoTM4X0fNS81%2BA6f4zV6DxmQzI9dGh%2BP9eA6j%2B%2BfNqDfMsi4qyKjapz8T4qQ%2BjgAtJSRmIL7WdsmYhVjSQb5voiknUxgKT%2Fom%2FJJYAUyxf%2BoM7B5yfJewzeVoU2%2FtVYQKI1lMuX%2BRaPNcBUAvSnVpp3982X8ufymNCG%2Bvqv3rBuUa%2BDAlSlNPC7rHF8TsYmOTADU69%2B%2B%2Fol8yLJTHHQhvr%2Bf5O5wjhPZDddaEMD1lhgrNFX59TpZvCV9M4rSDCIHqoFDFRnsCphC6IUw%3D%22%7D&prevSearchId=1765686709859674781&loginPromo=1
728,"Thủ tục check in nhanh, nhân viên niềm nở và giúp đỡ khách tốt. Khuôn viên resort thì không rộng như mình tưởng tượng nhưng cũng rất đẹp, nhiều cây xanh, thoáng mát. Bãi biển riêng không sạch lắm nhưng mình đến chủ yếu ngắm cảnh thôi nên cũng không ảnh hưởng gì nhiều, view ngắm hoàng hôn đẹp. Hồ bơi rộng và có nhiều giường, ghế cho khách nghỉ, bài trí đẹp. Nội thất phòng mới, decor theo phong cách biển nên rất thoải mái. Tuy nhiên điểm trừ là phòng tắm không riêng tư, chỉ có lớp kính trong suốt ở ngoài. Buổi tối mình có ăn ở nhà hàng trong resort, thức ăn ngon và giá cũng hợp lí, nhân viên thái độ phục vụ tốt nhưng lại không rõ menu để tư vấn cho khách. Tổng thể thì resort vẫn rất tốt và mình sẽ quay lại nếu có cơ hội 🥰",SOL by Melia Phu Quoc,https://www.traveloka.com/en-vn/hotel/detail?spec=13-05-2023.14-05-2023.1.1.HOTEL.1000000626112.SOL%20by%20Melia%20Phu%20Quoc.1&contexts=%7B%22inventoryRateKey%22%3A%22povEwB3ZzsU2C6pd%2B6MdU13LUNuufACdbU0usK5vg0dM0tKsNUio4Rxug1zOzHJilcvZa8YdqqIySdppe7dolTIewZlxfjiOGz6oXLTucMvN0%2BgQ3yZPvZcoHwUFNN%2BZpcr%2F%2FNa8o9ElfN8zOYhzzZeg0X586laFpeUViPi9rxBmwBdHcCHNVGYbHYVgpznVIvEWeildVo7nbHxIWcXPVNGysXwP9P%2F6jQTjnyKeTv%2ByqYmxSenRKFEfSHS0XO3kZfZPEEhT4qTyZ4NnGlioFk6ay4RXlsebEjOdYqJCyZZxlxUTHNffO2l8jiZZrGWd1F5yTZNH82d3Ski2hEsRD2fxa3MY%2Bk28ILHsNwZ6G%2FNGOtaiV%2Bgh4YG%2FkiP9POwHR1hgSE9JVGuYmbD4FB8l0LkkIBHgoTM4X0fNS81%2BA6f4zV6DxmQzI9dGh%2BP9eA6j%2B%2BfNqDfMsi4qyKjapz8T4qQ%2BjgAtJSRmIL7WdsmYhVjSQb5voiknUxgKT%2Fom%2FJJYAUyxf%2BoM7B5yfJewzeVoU2%2FtVYQKI1lMuX%2BRaPNcBUAvSnVpp3982X8ufymNCG%2Bvqv3rBuUa%2BDAlSlNPC7rHF8TsYmOTADU69%2B%2B%2Fol8yLJTHHQhvr%2Bf5O5wjhPZDddaEMD1lhgrNFX59TpZvCV9M4rSDCIHqoFDFRnsCphC6IUw%3D%22%7D&prevSearchId=1765686709859674781&loginPromo=1
729,Tất cả điều tốt. Ngắm hoàng hôn ở đây củng rất tuyệt,SOL by Melia Phu Quoc,https://www.traveloka.com/en-vn/hotel/detail?spec=13-05-2023.14-05-2023.1.1.HOTEL.1000000626112.SOL%20by%20Melia%20Phu%20Quoc.1&contexts=%7B%22inventoryRateKey%22%3A%22povEwB3ZzsU2C6pd%2B6MdU13LUNuufACdbU0usK5vg0dM0tKsNUio4Rxug1zOzHJilcvZa8YdqqIySdppe7dolTIewZlxfjiOGz6oXLTucMvN0%2BgQ3yZPvZcoHwUFNN%2BZpcr%2F%2FNa8o9ElfN8zOYhzzZeg0X586laFpeUViPi9rxBmwBdHcCHNVGYbHYVgpznVIvEWeildVo7nbHxIWcXPVNGysXwP9P%2F6jQTjnyKeTv%2ByqYmxSenRKFEfSHS0XO3kZfZPEEhT4qTyZ4NnGlioFk6ay4RXlsebEjOdYqJCyZZxlxUTHNffO2l8jiZZrGWd1F5yTZNH82d3Ski2hEsRD2fxa3MY%2Bk28ILHsNwZ6G%2FNGOtaiV%2Bgh4YG%2FkiP9POwHR1hgSE9JVGuYmbD4FB8l0LkkIBHgoTM4X0fNS81%2BA6f4zV6DxmQzI9dGh%2BP9eA6j%2B%2BfNqDfMsi4qyKjapz8T4qQ%2BjgAtJSRmIL7WdsmYhVjSQb5voiknUxgKT%2Fom%2FJJYAUyxf%2BoM7B5yfJewzeVoU2%2FtVYQKI1lMuX%2BRaPNcBUAvSnVpp3982X8ufymNCG%2Bvqv3rBuUa%2BDAlSlNPC7rHF8TsYmOTADU69%2B%2B%2Fol8yLJTHHQhvr%2Bf5O5wjhPZDddaEMD1lhgrNFX59TpZvCV9M4rSDCIHqoFDFRnsCphC6IUw%3D%22%7D&prevSearchId=1765686709859674781&loginPromo=1
730,"View khách sạn đẹp, chỉ có việc muổi hơi nhiều, mọi thứ thì ok hết",SOL by Melia Phu Quoc,https://www.traveloka.com/en-vn/hotel/detail?spec=13-05-2023.14-05-2023.1.1.HOTEL.1000000626112.SOL%20by%20Melia%20Phu%20Quoc.1&contexts=%7B%22inventoryRateKey%22%3A%22povEwB3ZzsU2C6pd%2B6MdU13LUNuufACdbU0usK5vg0dM0tKsNUio4Rxug1zOzHJilcvZa8YdqqIySdppe7dolTIewZlxfjiOGz6oXLTucMvN0%2BgQ3yZPvZcoHwUFNN%2BZpcr%2F%2FNa8o9ElfN8zOYhzzZeg0X586laFpeUViPi9rxBmwBdHcCHNVGYbHYVgpznVIvEWeildVo7nbHxIWcXPVNGysXwP9P%2F6jQTjnyKeTv%2ByqYmxSenRKFEfSHS0XO3kZfZPEEhT4qTyZ4NnGlioFk6ay4RXlsebEjOdYqJCyZZxlxUTHNffO2l8jiZZrGWd1F5yTZNH82d3Ski2hEsRD2fxa3MY%2Bk28ILHsNwZ6G%2FNGOtaiV%2Bgh4YG%2FkiP9POwHR1hgSE9JVGuYmbD4FB8l0LkkIBHgoTM4X0fNS81%2BA6f4zV6DxmQzI9dGh%2BP9eA6j%2B%2BfNqDfMsi4qyKjapz8T4qQ%2BjgAtJSRmIL7WdsmYhVjSQb5voiknUxgKT%2Fom%2FJJYAUyxf%2BoM7B5yfJewzeVoU2%2FtVYQKI1lMuX%2BRaPNcBUAvSnVpp3982X8ufymNCG%2Bvqv3rBuUa%2BDAlSlNPC7rHF8TsYmOTADU69%2B%2B%2Fol8yLJTHHQhvr%2Bf5O5wjhPZDddaEMD1lhgrNFX59TpZvCV9M4rSDCIHqoFDFRnsCphC6IUw%3D%22%7D&prevSearchId=1765686709859674781&loginPromo=1
731,Khuôn viên đẹp nhưng thủ tục check in hơi lâu,SOL by Melia Phu Quoc,https://www.traveloka.com/en-vn/hotel/detail?spec=13-05-2023.14-05-2023.1.1.HOTEL.1000000626112.SOL%20by%20Melia%20Phu%20Quoc.1&contexts=%7B%22inventoryRateKey%22%3A%22povEwB3ZzsU2C6pd%2B6MdU13LUNuufACdbU0usK5vg0dM0tKsNUio4Rxug1zOzHJilcvZa8YdqqIySdppe7dolTIewZlxfjiOGz6oXLTucMvN0%2BgQ3yZPvZcoHwUFNN%2BZpcr%2F%2FNa8o9ElfN8zOYhzzZeg0X586laFpeUViPi9rxBmwBdHcCHNVGYbHYVgpznVIvEWeildVo7nbHxIWcXPVNGysXwP9P%2F6jQTjnyKeTv%2ByqYmxSenRKFEfSHS0XO3kZfZPEEhT4qTyZ4NnGlioFk6ay4RXlsebEjOdYqJCyZZxlxUTHNffO2l8jiZZrGWd1F5yTZNH82d3Ski2hEsRD2fxa3MY%2Bk28ILHsNwZ6G%2FNGOtaiV%2Bgh4YG%2FkiP9POwHR1hgSE9JVGuYmbD4FB8l0LkkIBHgoTM4X0fNS81%2BA6f4zV6DxmQzI9dGh%2BP9eA6j%2B%2BfNqDfMsi4qyKjapz8T4qQ%2BjgAtJSRmIL7WdsmYhVjSQb5voiknUxgKT%2Fom%2FJJYAUyxf%2BoM7B5yfJewzeVoU2%2FtVYQKI1lMuX%2BRaPNcBUAvSnVpp3982X8ufymNCG%2Bvqv3rBuUa%2BDAlSlNPC7rHF8TsYmOTADU69%2B%2B%2Fol8yLJTHHQhvr%2Bf5O5wjhPZDddaEMD1lhgrNFX59TpZvCV9M4rSDCIHqoFDFRnsCphC6IUw%3D%22%7D&prevSearchId=1765686709859674781&loginPromo=1
732,Cảm ơn khách sạn đã tạo cho em kì nghĩ kỉ niệm yêu 10 năm 1 cách thật tuyệt. Cảm ơn chiếc bánh và những lời chúc cho 2 đứa em ạ,SOL by Melia Phu Quoc,https://www.traveloka.com/en-vn/hotel/detail?spec=13-05-2023.14-05-2023.1.1.HOTEL.1000000626112.SOL%20by%20Melia%20Phu%20Quoc.1&contexts=%7B%22inventoryRateKey%22%3A%22povEwB3ZzsU2C6pd%2B6MdU13LUNuufACdbU0usK5vg0dM0tKsNUio4Rxug1zOzHJilcvZa8YdqqIySdppe7dolTIewZlxfjiOGz6oXLTucMvN0%2BgQ3yZPvZcoHwUFNN%2BZpcr%2F%2FNa8o9ElfN8zOYhzzZeg0X586laFpeUViPi9rxBmwBdHcCHNVGYbHYVgpznVIvEWeildVo7nbHxIWcXPVNGysXwP9P%2F6jQTjnyKeTv%2ByqYmxSenRKFEfSHS0XO3kZfZPEEhT4qTyZ4NnGlioFk6ay4RXlsebEjOdYqJCyZZxlxUTHNffO2l8jiZZrGWd1F5yTZNH82d3Ski2hEsRD2fxa3MY%2Bk28ILHsNwZ6G%2FNGOtaiV%2Bgh4YG%2FkiP9POwHR1hgSE9JVGuYmbD4FB8l0LkkIBHgoTM4X0fNS81%2BA6f4zV6DxmQzI9dGh%2BP9eA6j%2B%2BfNqDfMsi4qyKjapz8T4qQ%2BjgAtJSRmIL7WdsmYhVjSQb5voiknUxgKT%2Fom%2FJJYAUyxf%2BoM7B5yfJewzeVoU2%2FtVYQKI1lMuX%2BRaPNcBUAvSnVpp3982X8ufymNCG%2Bvqv3rBuUa%2BDAlSlNPC7rHF8TsYmOTADU69%2B%2B%2Fol8yLJTHHQhvr%2Bf5O5wjhPZDddaEMD1lhgrNFX59TpZvCV9M4rSDCIHqoFDFRnsCphC6IUw%3D%22%7D&prevSearchId=1765686709859674781&loginPromo=1
733,,SOL by Melia Phu Quoc,https://www.traveloka.com/en-vn/hotel/detail?spec=13-05-2023.14-05-2023.1.1.HOTEL.1000000626112.SOL%20by%20Melia%20Phu%20Quoc.1&contexts=%7B%22inventoryRateKey%22%3A%22povEwB3ZzsU2C6pd%2B6MdU13LUNuufACdbU0usK5vg0dM0tKsNUio4Rxug1zOzHJilcvZa8YdqqIySdppe7dolTIewZlxfjiOGz6oXLTucMvN0%2BgQ3yZPvZcoHwUFNN%2BZpcr%2F%2FNa8o9ElfN8zOYhzzZeg0X586laFpeUViPi9rxBmwBdHcCHNVGYbHYVgpznVIvEWeildVo7nbHxIWcXPVNGysXwP9P%2F6jQTjnyKeTv%2ByqYmxSenRKFEfSHS0XO3kZfZPEEhT4qTyZ4NnGlioFk6ay4RXlsebEjOdYqJCyZZxlxUTHNffO2l8jiZZrGWd1F5yTZNH82d3Ski2hEsRD2fxa3MY%2Bk28ILHsNwZ6G%2FNGOtaiV%2Bgh4YG%2FkiP9POwHR1hgSE9JVGuYmbD4FB8l0LkkIBHgoTM4X0fNS81%2BA6f4zV6DxmQzI9dGh%2BP9eA6j%2B%2BfNqDfMsi4qyKjapz8T4qQ%2BjgAtJSRmIL7WdsmYhVjSQb5voiknUxgKT%2Fom%2FJJYAUyxf%2BoM7B5yfJewzeVoU2%2FtVYQKI1lMuX%2BRaPNcBUAvSnVpp3982X8ufymNCG%2Bvqv3rBuUa%2BDAlSlNPC7rHF8TsYmOTADU69%2B%2B%2Fol8yLJTHHQhvr%2Bf5O5wjhPZDddaEMD1lhgrNFX59TpZvCV9M4rSDCIHqoFDFRnsCphC6IUw%3D%22%7D&prevSearchId=1765686709859674781&loginPromo=1
734,"Nhân viên không niềm nở. Gặp khách nước ngoài thì chào hỏi, gặp người Việt thì lơ lơ. Nói chuyện thì cộc lốc. Không xứng tầm 4***. Cho dưới điểm trung bình",SOL by Melia Phu Quoc,https://www.traveloka.com/en-vn/hotel/detail?spec=13-05-2023.14-05-2023.1.1.HOTEL.1000000626112.SOL%20by%20Melia%20Phu%20Quoc.1&contexts=%7B%22inventoryRateKey%22%3A%22povEwB3ZzsU2C6pd%2B6MdU13LUNuufACdbU0usK5vg0dM0tKsNUio4Rxug1zOzHJilcvZa8YdqqIySdppe7dolTIewZlxfjiOGz6oXLTucMvN0%2BgQ3yZPvZcoHwUFNN%2BZpcr%2F%2FNa8o9ElfN8zOYhzzZeg0X586laFpeUViPi9rxBmwBdHcCHNVGYbHYVgpznVIvEWeildVo7nbHxIWcXPVNGysXwP9P%2F6jQTjnyKeTv%2ByqYmxSenRKFEfSHS0XO3kZfZPEEhT4qTyZ4NnGlioFk6ay4RXlsebEjOdYqJCyZZxlxUTHNffO2l8jiZZrGWd1F5yTZNH82d3Ski2hEsRD2fxa3MY%2Bk28ILHsNwZ6G%2FNGOtaiV%2Bgh4YG%2FkiP9POwHR1hgSE9JVGuYmbD4FB8l0LkkIBHgoTM4X0fNS81%2BA6f4zV6DxmQzI9dGh%2BP9eA6j%2B%2BfNqDfMsi4qyKjapz8T4qQ%2BjgAtJSRmIL7WdsmYhVjSQb5voiknUxgKT%2Fom%2FJJYAUyxf%2BoM7B5yfJewzeVoU2%2FtVYQKI1lMuX%2BRaPNcBUAvSnVpp3982X8ufymNCG%2Bvqv3rBuUa%2BDAlSlNPC7rHF8TsYmOTADU69%2B%2B%2Fol8yLJTHHQhvr%2Bf5O5wjhPZDddaEMD1lhgrNFX59TpZvCV9M4rSDCIHqoFDFRnsCphC6IUw%3D%22%7D&prevSearchId=1765686709859674781&loginPromo=1
735,"Tong the khach san rat dep, nhieu tien ich. ",SOL by Melia Phu Quoc,https://www.traveloka.com/en-vn/hotel/detail?spec=13-05-2023.14-05-2023.1.1.HOTEL.1000000626112.SOL%20by%20Melia%20Phu%20Quoc.1&contexts=%7B%22inventoryRateKey%22%3A%22povEwB3ZzsU2C6pd%2B6MdU13LUNuufACdbU0usK5vg0dM0tKsNUio4Rxug1zOzHJilcvZa8YdqqIySdppe7dolTIewZlxfjiOGz6oXLTucMvN0%2BgQ3yZPvZcoHwUFNN%2BZpcr%2F%2FNa8o9ElfN8zOYhzzZeg0X586laFpeUViPi9rxBmwBdHcCHNVGYbHYVgpznVIvEWeildVo7nbHxIWcXPVNGysXwP9P%2F6jQTjnyKeTv%2ByqYmxSenRKFEfSHS0XO3kZfZPEEhT4qTyZ4NnGlioFk6ay4RXlsebEjOdYqJCyZZxlxUTHNffO2l8jiZZrGWd1F5yTZNH82d3Ski2hEsRD2fxa3MY%2Bk28ILHsNwZ6G%2FNGOtaiV%2Bgh4YG%2FkiP9POwHR1hgSE9JVGuYmbD4FB8l0LkkIBHgoTM4X0fNS81%2BA6f4zV6DxmQzI9dGh%2BP9eA6j%2B%2BfNqDfMsi4qyKjapz8T4qQ%2BjgAtJSRmIL7WdsmYhVjSQb5voiknUxgKT%2Fom%2FJJYAUyxf%2BoM7B5yfJewzeVoU2%2FtVYQKI1lMuX%2BRaPNcBUAvSnVpp3982X8ufymNCG%2Bvqv3rBuUa%2BDAlSlNPC7rHF8TsYmOTADU69%2B%2B%2Fol8yLJTHHQhvr%2Bf5O5wjhPZDddaEMD1lhgrNFX59TpZvCV9M4rSDCIHqoFDFRnsCphC6IUw%3D%22%7D&prevSearchId=1765686709859674781&loginPromo=1
736,"Vợ chồng tôi đã có 1 đêm tại đây. Tôi rất ấn tượng với nơi này. Nội thất được trang trí tông màu biển cả nhẹ nhàng hiện đại, rất dễ chịu từ sảnh đến phòng . Khuôn viên resort với bãi biển tràn bờ mênh mông và những hàng dừa, cây cối xanh rì...rất relax Đặc biệt, nhân viên tươi cười niềm nở mọi nơi. Cảm ơn bạn Trang lễ tân đã support mình, nụ cười tươi, giọng nói dễ thương và gương mặt sáng ngời, rất hợp với ngành nghề dịch vụ. Vì tất cả ở trên, tôi rất hài lòng, tôi chắc chắn sẽ quay lại. ❤️",SOL by Melia Phu Quoc,https://www.traveloka.com/en-vn/hotel/detail?spec=13-05-2023.14-05-2023.1.1.HOTEL.1000000626112.SOL%20by%20Melia%20Phu%20Quoc.1&contexts=%7B%22inventoryRateKey%22%3A%22povEwB3ZzsU2C6pd%2B6MdU13LUNuufACdbU0usK5vg0dM0tKsNUio4Rxug1zOzHJilcvZa8YdqqIySdppe7dolTIewZlxfjiOGz6oXLTucMvN0%2BgQ3yZPvZcoHwUFNN%2BZpcr%2F%2FNa8o9ElfN8zOYhzzZeg0X586laFpeUViPi9rxBmwBdHcCHNVGYbHYVgpznVIvEWeildVo7nbHxIWcXPVNGysXwP9P%2F6jQTjnyKeTv%2ByqYmxSenRKFEfSHS0XO3kZfZPEEhT4qTyZ4NnGlioFk6ay4RXlsebEjOdYqJCyZZxlxUTHNffO2l8jiZZrGWd1F5yTZNH82d3Ski2hEsRD2fxa3MY%2Bk28ILHsNwZ6G%2FNGOtaiV%2Bgh4YG%2FkiP9POwHR1hgSE9JVGuYmbD4FB8l0LkkIBHgoTM4X0fNS81%2BA6f4zV6DxmQzI9dGh%2BP9eA6j%2B%2BfNqDfMsi4qyKjapz8T4qQ%2BjgAtJSRmIL7WdsmYhVjSQb5voiknUxgKT%2Fom%2FJJYAUyxf%2BoM7B5yfJewzeVoU2%2FtVYQKI1lMuX%2BRaPNcBUAvSnVpp3982X8ufymNCG%2Bvqv3rBuUa%2BDAlSlNPC7rHF8TsYmOTADU69%2B%2B%2Fol8yLJTHHQhvr%2Bf5O5wjhPZDddaEMD1lhgrNFX59TpZvCV9M4rSDCIHqoFDFRnsCphC6IUw%3D%22%7D&prevSearchId=1765686709859674781&loginPromo=1
737,"Rất hài lòng khi ở đây, không có điểm trừ nào.",SOL by Melia Phu Quoc,https://www.traveloka.com/en-vn/hotel/detail?spec=13-05-2023.14-05-2023.1.1.HOTEL.1000000626112.SOL%20by%20Melia%20Phu%20Quoc.1&contexts=%7B%22inventoryRateKey%22%3A%22povEwB3ZzsU2C6pd%2B6MdU13LUNuufACdbU0usK5vg0dM0tKsNUio4Rxug1zOzHJilcvZa8YdqqIySdppe7dolTIewZlxfjiOGz6oXLTucMvN0%2BgQ3yZPvZcoHwUFNN%2BZpcr%2F%2FNa8o9ElfN8zOYhzzZeg0X586laFpeUViPi9rxBmwBdHcCHNVGYbHYVgpznVIvEWeildVo7nbHxIWcXPVNGysXwP9P%2F6jQTjnyKeTv%2ByqYmxSenRKFEfSHS0XO3kZfZPEEhT4qTyZ4NnGlioFk6ay4RXlsebEjOdYqJCyZZxlxUTHNffO2l8jiZZrGWd1F5yTZNH82d3Ski2hEsRD2fxa3MY%2Bk28ILHsNwZ6G%2FNGOtaiV%2Bgh4YG%2FkiP9POwHR1hgSE9JVGuYmbD4FB8l0LkkIBHgoTM4X0fNS81%2BA6f4zV6DxmQzI9dGh%2BP9eA6j%2B%2BfNqDfMsi4qyKjapz8T4qQ%2BjgAtJSRmIL7WdsmYhVjSQb5voiknUxgKT%2Fom%2FJJYAUyxf%2BoM7B5yfJewzeVoU2%2FtVYQKI1lMuX%2BRaPNcBUAvSnVpp3982X8ufymNCG%2Bvqv3rBuUa%2BDAlSlNPC7rHF8TsYmOTADU69%2B%2B%2Fol8yLJTHHQhvr%2Bf5O5wjhPZDddaEMD1lhgrNFX59TpZvCV9M4rSDCIHqoFDFRnsCphC6IUw%3D%22%7D&prevSearchId=1765686709859674781&loginPromo=1
738,"phòng khách sạn dọn không sạch, minibar không có gì bên trong cả, tủ lạnh dọn cũng không sạch, sàn còn đầy cát, hôm sau tôi còn phát hiện cả một nùi tóc trắng của khách Tây rớt lại trước cửa phòng tắm. có 1 hạt dưa lưới/dưa bở rớt trên ga trải giường màu nâu nhưng không được thay.trong phòng không có dép đi ra biển, khi gọi hỏi lễ tân thì nhân viên vô phòng kiểm tra lại tủ trước khi đưa dép. điểm cộng: hồ bơi đẹp, buffet sáng ok.",SOL by Melia Phu Quoc,https://www.traveloka.com/en-vn/hotel/detail?spec=13-05-2023.14-05-2023.1.1.HOTEL.1000000626112.SOL%20by%20Melia%20Phu%20Quoc.1&contexts=%7B%22inventoryRateKey%22%3A%22povEwB3ZzsU2C6pd%2B6MdU13LUNuufACdbU0usK5vg0dM0tKsNUio4Rxug1zOzHJilcvZa8YdqqIySdppe7dolTIewZlxfjiOGz6oXLTucMvN0%2BgQ3yZPvZcoHwUFNN%2BZpcr%2F%2FNa8o9ElfN8zOYhzzZeg0X586laFpeUViPi9rxBmwBdHcCHNVGYbHYVgpznVIvEWeildVo7nbHxIWcXPVNGysXwP9P%2F6jQTjnyKeTv%2ByqYmxSenRKFEfSHS0XO3kZfZPEEhT4qTyZ4NnGlioFk6ay4RXlsebEjOdYqJCyZZxlxUTHNffO2l8jiZZrGWd1F5yTZNH82d3Ski2hEsRD2fxa3MY%2Bk28ILHsNwZ6G%2FNGOtaiV%2Bgh4YG%2FkiP9POwHR1hgSE9JVGuYmbD4FB8l0LkkIBHgoTM4X0fNS81%2BA6f4zV6DxmQzI9dGh%2BP9eA6j%2B%2BfNqDfMsi4qyKjapz8T4qQ%2BjgAtJSRmIL7WdsmYhVjSQb5voiknUxgKT%2Fom%2FJJYAUyxf%2BoM7B5yfJewzeVoU2%2FtVYQKI1lMuX%2BRaPNcBUAvSnVpp3982X8ufymNCG%2Bvqv3rBuUa%2BDAlSlNPC7rHF8TsYmOTADU69%2B%2B%2Fol8yLJTHHQhvr%2Bf5O5wjhPZDddaEMD1lhgrNFX59TpZvCV9M4rSDCIHqoFDFRnsCphC6IUw%3D%22%7D&prevSearchId=1765686709859674781&loginPromo=1
739,Đồ ăn nghèo nàn không đa dạng chủ yếu là bánh mỳ,SOL by Melia Phu Quoc,https://www.traveloka.com/en-vn/hotel/detail?spec=13-05-2023.14-05-2023.1.1.HOTEL.1000000626112.SOL%20by%20Melia%20Phu%20Quoc.1&contexts=%7B%22inventoryRateKey%22%3A%22povEwB3ZzsU2C6pd%2B6MdU13LUNuufACdbU0usK5vg0dM0tKsNUio4Rxug1zOzHJilcvZa8YdqqIySdppe7dolTIewZlxfjiOGz6oXLTucMvN0%2BgQ3yZPvZcoHwUFNN%2BZpcr%2F%2FNa8o9ElfN8zOYhzzZeg0X586laFpeUViPi9rxBmwBdHcCHNVGYbHYVgpznVIvEWeildVo7nbHxIWcXPVNGysXwP9P%2F6jQTjnyKeTv%2ByqYmxSenRKFEfSHS0XO3kZfZPEEhT4qTyZ4NnGlioFk6ay4RXlsebEjOdYqJCyZZxlxUTHNffO2l8jiZZrGWd1F5yTZNH82d3Ski2hEsRD2fxa3MY%2Bk28ILHsNwZ6G%2FNGOtaiV%2Bgh4YG%2FkiP9POwHR1hgSE9JVGuYmbD4FB8l0LkkIBHgoTM4X0fNS81%2BA6f4zV6DxmQzI9dGh%2BP9eA6j%2B%2BfNqDfMsi4qyKjapz8T4qQ%2BjgAtJSRmIL7WdsmYhVjSQb5voiknUxgKT%2Fom%2FJJYAUyxf%2BoM7B5yfJewzeVoU2%2FtVYQKI1lMuX%2BRaPNcBUAvSnVpp3982X8ufymNCG%2Bvqv3rBuUa%2BDAlSlNPC7rHF8TsYmOTADU69%2B%2B%2Fol8yLJTHHQhvr%2Bf5O5wjhPZDddaEMD1lhgrNFX59TpZvCV9M4rSDCIHqoFDFRnsCphC6IUw%3D%22%7D&prevSearchId=1765686709859674781&loginPromo=1
740,"Không gian thoáng đãng, bể bơi khá phù hợp cho trẻ nhỏ. Gia đình tôi cảm thấy thoải mái khi ở đây & vẫn muốn tiếp tục quay lại nơi này",SOL by Melia Phu Quoc,https://www.traveloka.com/en-vn/hotel/detail?spec=13-05-2023.14-05-2023.1.1.HOTEL.1000000626112.SOL%20by%20Melia%20Phu%20Quoc.1&contexts=%7B%22inventoryRateKey%22%3A%22povEwB3ZzsU2C6pd%2B6MdU13LUNuufACdbU0usK5vg0dM0tKsNUio4Rxug1zOzHJilcvZa8YdqqIySdppe7dolTIewZlxfjiOGz6oXLTucMvN0%2BgQ3yZPvZcoHwUFNN%2BZpcr%2F%2FNa8o9ElfN8zOYhzzZeg0X586laFpeUViPi9rxBmwBdHcCHNVGYbHYVgpznVIvEWeildVo7nbHxIWcXPVNGysXwP9P%2F6jQTjnyKeTv%2ByqYmxSenRKFEfSHS0XO3kZfZPEEhT4qTyZ4NnGlioFk6ay4RXlsebEjOdYqJCyZZxlxUTHNffO2l8jiZZrGWd1F5yTZNH82d3Ski2hEsRD2fxa3MY%2Bk28ILHsNwZ6G%2FNGOtaiV%2Bgh4YG%2FkiP9POwHR1hgSE9JVGuYmbD4FB8l0LkkIBHgoTM4X0fNS81%2BA6f4zV6DxmQzI9dGh%2BP9eA6j%2B%2BfNqDfMsi4qyKjapz8T4qQ%2BjgAtJSRmIL7WdsmYhVjSQb5voiknUxgKT%2Fom%2FJJYAUyxf%2BoM7B5yfJewzeVoU2%2FtVYQKI1lMuX%2BRaPNcBUAvSnVpp3982X8ufymNCG%2Bvqv3rBuUa%2BDAlSlNPC7rHF8TsYmOTADU69%2B%2B%2Fol8yLJTHHQhvr%2Bf5O5wjhPZDddaEMD1lhgrNFX59TpZvCV9M4rSDCIHqoFDFRnsCphC6IUw%3D%22%7D&prevSearchId=1765686709859674781&loginPromo=1
741,"Gia đình chúng tôi đang nghỉ tại Sol Beach. Hôm nay là ngày thứ 2 trong kỳ nghỉ 5 ngày tại đây. Mọi thứ thật tuyệt. Bể bơi cực thích, bãi biển sạch sẽ, nhân viên thân thiện. Điểm trừ là ăn sáng 4 bữa như 1, thực đơn không thay đổi món gì và vẫn có muỗi ở khách sạn, bể bơi buổi tối",SOL by Melia Phu Quoc,https://www.traveloka.com/en-vn/hotel/detail?spec=13-05-2023.14-05-2023.1.1.HOTEL.1000000626112.SOL%20by%20Melia%20Phu%20Quoc.1&contexts=%7B%22inventoryRateKey%22%3A%22povEwB3ZzsU2C6pd%2B6MdU13LUNuufACdbU0usK5vg0dM0tKsNUio4Rxug1zOzHJilcvZa8YdqqIySdppe7dolTIewZlxfjiOGz6oXLTucMvN0%2BgQ3yZPvZcoHwUFNN%2BZpcr%2F%2FNa8o9ElfN8zOYhzzZeg0X586laFpeUViPi9rxBmwBdHcCHNVGYbHYVgpznVIvEWeildVo7nbHxIWcXPVNGysXwP9P%2F6jQTjnyKeTv%2ByqYmxSenRKFEfSHS0XO3kZfZPEEhT4qTyZ4NnGlioFk6ay4RXlsebEjOdYqJCyZZxlxUTHNffO2l8jiZZrGWd1F5yTZNH82d3Ski2hEsRD2fxa3MY%2Bk28ILHsNwZ6G%2FNGOtaiV%2Bgh4YG%2FkiP9POwHR1hgSE9JVGuYmbD4FB8l0LkkIBHgoTM4X0fNS81%2BA6f4zV6DxmQzI9dGh%2BP9eA6j%2B%2BfNqDfMsi4qyKjapz8T4qQ%2BjgAtJSRmIL7WdsmYhVjSQb5voiknUxgKT%2Fom%2FJJYAUyxf%2BoM7B5yfJewzeVoU2%2FtVYQKI1lMuX%2BRaPNcBUAvSnVpp3982X8ufymNCG%2Bvqv3rBuUa%2BDAlSlNPC7rHF8TsYmOTADU69%2B%2B%2Fol8yLJTHHQhvr%2Bf5O5wjhPZDddaEMD1lhgrNFX59TpZvCV9M4rSDCIHqoFDFRnsCphC6IUw%3D%22%7D&prevSearchId=1765686709859674781&loginPromo=1
742,"Dịch vụ được, hỏi lễ tân về chi tiết nhà hàng trong khách sạn có những món gì thì cũng không biết. Cảnh đẹp, sạch sẽ. Xa trung tâm, các nhà hàng ít món ăn vào buổi trưa, hầu hết toàn đồ Tây. Buffet so với giá Việt thì hơi đắt, hầu hết thiên về món Tây hơn là đồ Việt. Xe đưa đón vào chợ đêm và sân bay của resort hạn chế về giờ giấc và chỗ ngồi. Cách âm kém, buổi đêm hơi nhiều tiếng ồn riêng tư... well🙄",SOL by Melia Phu Quoc,https://www.traveloka.com/en-vn/hotel/detail?spec=13-05-2023.14-05-2023.1.1.HOTEL.1000000626112.SOL%20by%20Melia%20Phu%20Quoc.1&contexts=%7B%22inventoryRateKey%22%3A%22povEwB3ZzsU2C6pd%2B6MdU13LUNuufACdbU0usK5vg0dM0tKsNUio4Rxug1zOzHJilcvZa8YdqqIySdppe7dolTIewZlxfjiOGz6oXLTucMvN0%2BgQ3yZPvZcoHwUFNN%2BZpcr%2F%2FNa8o9ElfN8zOYhzzZeg0X586laFpeUViPi9rxBmwBdHcCHNVGYbHYVgpznVIvEWeildVo7nbHxIWcXPVNGysXwP9P%2F6jQTjnyKeTv%2ByqYmxSenRKFEfSHS0XO3kZfZPEEhT4qTyZ4NnGlioFk6ay4RXlsebEjOdYqJCyZZxlxUTHNffO2l8jiZZrGWd1F5yTZNH82d3Ski2hEsRD2fxa3MY%2Bk28ILHsNwZ6G%2FNGOtaiV%2Bgh4YG%2FkiP9POwHR1hgSE9JVGuYmbD4FB8l0LkkIBHgoTM4X0fNS81%2BA6f4zV6DxmQzI9dGh%2BP9eA6j%2B%2BfNqDfMsi4qyKjapz8T4qQ%2BjgAtJSRmIL7WdsmYhVjSQb5voiknUxgKT%2Fom%2FJJYAUyxf%2BoM7B5yfJewzeVoU2%2FtVYQKI1lMuX%2BRaPNcBUAvSnVpp3982X8ufymNCG%2Bvqv3rBuUa%2BDAlSlNPC7rHF8TsYmOTADU69%2B%2B%2Fol8yLJTHHQhvr%2Bf5O5wjhPZDddaEMD1lhgrNFX59TpZvCV9M4rSDCIHqoFDFRnsCphC6IUw%3D%22%7D&prevSearchId=1765686709859674781&loginPromo=1
743,"Kì nghỉ tuyệt vời, resort có view ngắm hoàng hôn rất đẹp, service tốt, hồ bơi rộng, bãi biển đẹp",SOL by Melia Phu Quoc,https://www.traveloka.com/en-vn/hotel/detail?spec=13-05-2023.14-05-2023.1.1.HOTEL.1000000626112.SOL%20by%20Melia%20Phu%20Quoc.1&contexts=%7B%22inventoryRateKey%22%3A%22povEwB3ZzsU2C6pd%2B6MdU13LUNuufACdbU0usK5vg0dM0tKsNUio4Rxug1zOzHJilcvZa8YdqqIySdppe7dolTIewZlxfjiOGz6oXLTucMvN0%2BgQ3yZPvZcoHwUFNN%2BZpcr%2F%2FNa8o9ElfN8zOYhzzZeg0X586laFpeUViPi9rxBmwBdHcCHNVGYbHYVgpznVIvEWeildVo7nbHxIWcXPVNGysXwP9P%2F6jQTjnyKeTv%2ByqYmxSenRKFEfSHS0XO3kZfZPEEhT4qTyZ4NnGlioFk6ay4RXlsebEjOdYqJCyZZxlxUTHNffO2l8jiZZrGWd1F5yTZNH82d3Ski2hEsRD2fxa3MY%2Bk28ILHsNwZ6G%2FNGOtaiV%2Bgh4YG%2FkiP9POwHR1hgSE9JVGuYmbD4FB8l0LkkIBHgoTM4X0fNS81%2BA6f4zV6DxmQzI9dGh%2BP9eA6j%2B%2BfNqDfMsi4qyKjapz8T4qQ%2BjgAtJSRmIL7WdsmYhVjSQb5voiknUxgKT%2Fom%2FJJYAUyxf%2BoM7B5yfJewzeVoU2%2FtVYQKI1lMuX%2BRaPNcBUAvSnVpp3982X8ufymNCG%2Bvqv3rBuUa%2BDAlSlNPC7rHF8TsYmOTADU69%2B%2B%2Fol8yLJTHHQhvr%2Bf5O5wjhPZDddaEMD1lhgrNFX59TpZvCV9M4rSDCIHqoFDFRnsCphC6IUw%3D%22%7D&prevSearchId=1765686709859674781&loginPromo=1
744,"Chúng tôi thấy resort khá là đẹp, tất cả mọi thứ ok trừ ăn sáng, thật sự ăn sáng quá chán, thực đơn nghèo nàn, và đồ ăn làm không tới, rất dở, nước uống cũng rất dở. Chúng tôi ở 3n2d mà ăn 2 bữa sáng thất vọng tràn trề so với mức 5 sao đề ra, đề nghị resort thay đầu bếp.",SOL by Melia Phu Quoc,https://www.traveloka.com/en-vn/hotel/detail?spec=13-05-2023.14-05-2023.1.1.HOTEL.1000000626112.SOL%20by%20Melia%20Phu%20Quoc.1&contexts=%7B%22inventoryRateKey%22%3A%22povEwB3ZzsU2C6pd%2B6MdU13LUNuufACdbU0usK5vg0dM0tKsNUio4Rxug1zOzHJilcvZa8YdqqIySdppe7dolTIewZlxfjiOGz6oXLTucMvN0%2BgQ3yZPvZcoHwUFNN%2BZpcr%2F%2FNa8o9ElfN8zOYhzzZeg0X586laFpeUViPi9rxBmwBdHcCHNVGYbHYVgpznVIvEWeildVo7nbHxIWcXPVNGysXwP9P%2F6jQTjnyKeTv%2ByqYmxSenRKFEfSHS0XO3kZfZPEEhT4qTyZ4NnGlioFk6ay4RXlsebEjOdYqJCyZZxlxUTHNffO2l8jiZZrGWd1F5yTZNH82d3Ski2hEsRD2fxa3MY%2Bk28ILHsNwZ6G%2FNGOtaiV%2Bgh4YG%2FkiP9POwHR1hgSE9JVGuYmbD4FB8l0LkkIBHgoTM4X0fNS81%2BA6f4zV6DxmQzI9dGh%2BP9eA6j%2B%2BfNqDfMsi4qyKjapz8T4qQ%2BjgAtJSRmIL7WdsmYhVjSQb5voiknUxgKT%2Fom%2FJJYAUyxf%2BoM7B5yfJewzeVoU2%2FtVYQKI1lMuX%2BRaPNcBUAvSnVpp3982X8ufymNCG%2Bvqv3rBuUa%2BDAlSlNPC7rHF8TsYmOTADU69%2B%2B%2Fol8yLJTHHQhvr%2Bf5O5wjhPZDddaEMD1lhgrNFX59TpZvCV9M4rSDCIHqoFDFRnsCphC6IUw%3D%22%7D&prevSearchId=1765686709859674781&loginPromo=1
745,"Phòng nhìn thì khá sạch nhưng khi đặt tay lên ga giường có thể cảm thấy toàn cát lẫn trên ga. dưới sàn cũng có cát. Đồ ăn không được phong phú lắm, chủ yếu là bánh mì, phô mai, xúc xích, không có món ăn Việt. Nhà hàng Ola cạnh hồ bơi món ăn tạm ổn!",SOL by Melia Phu Quoc,https://www.traveloka.com/en-vn/hotel/detail?spec=13-05-2023.14-05-2023.1.1.HOTEL.1000000626112.SOL%20by%20Melia%20Phu%20Quoc.1&contexts=%7B%22inventoryRateKey%22%3A%22povEwB3ZzsU2C6pd%2B6MdU13LUNuufACdbU0usK5vg0dM0tKsNUio4Rxug1zOzHJilcvZa8YdqqIySdppe7dolTIewZlxfjiOGz6oXLTucMvN0%2BgQ3yZPvZcoHwUFNN%2BZpcr%2F%2FNa8o9ElfN8zOYhzzZeg0X586laFpeUViPi9rxBmwBdHcCHNVGYbHYVgpznVIvEWeildVo7nbHxIWcXPVNGysXwP9P%2F6jQTjnyKeTv%2ByqYmxSenRKFEfSHS0XO3kZfZPEEhT4qTyZ4NnGlioFk6ay4RXlsebEjOdYqJCyZZxlxUTHNffO2l8jiZZrGWd1F5yTZNH82d3Ski2hEsRD2fxa3MY%2Bk28ILHsNwZ6G%2FNGOtaiV%2Bgh4YG%2FkiP9POwHR1hgSE9JVGuYmbD4FB8l0LkkIBHgoTM4X0fNS81%2BA6f4zV6DxmQzI9dGh%2BP9eA6j%2B%2BfNqDfMsi4qyKjapz8T4qQ%2BjgAtJSRmIL7WdsmYhVjSQb5voiknUxgKT%2Fom%2FJJYAUyxf%2BoM7B5yfJewzeVoU2%2FtVYQKI1lMuX%2BRaPNcBUAvSnVpp3982X8ufymNCG%2Bvqv3rBuUa%2BDAlSlNPC7rHF8TsYmOTADU69%2B%2B%2Fol8yLJTHHQhvr%2Bf5O5wjhPZDddaEMD1lhgrNFX59TpZvCV9M4rSDCIHqoFDFRnsCphC6IUw%3D%22%7D&prevSearchId=1765686709859674781&loginPromo=1
746,kỳ nghỉ dễ chịu. Nhạc ở quầy bar khu bể bơi sôi động. mọi thứ tuyệt,SOL by Melia Phu Quoc,https://www.traveloka.com/en-vn/hotel/detail?spec=13-05-2023.14-05-2023.1.1.HOTEL.1000000626112.SOL%20by%20Melia%20Phu%20Quoc.1&contexts=%7B%22inventoryRateKey%22%3A%22povEwB3ZzsU2C6pd%2B6MdU13LUNuufACdbU0usK5vg0dM0tKsNUio4Rxug1zOzHJilcvZa8YdqqIySdppe7dolTIewZlxfjiOGz6oXLTucMvN0%2BgQ3yZPvZcoHwUFNN%2BZpcr%2F%2FNa8o9ElfN8zOYhzzZeg0X586laFpeUViPi9rxBmwBdHcCHNVGYbHYVgpznVIvEWeildVo7nbHxIWcXPVNGysXwP9P%2F6jQTjnyKeTv%2ByqYmxSenRKFEfSHS0XO3kZfZPEEhT4qTyZ4NnGlioFk6ay4RXlsebEjOdYqJCyZZxlxUTHNffO2l8jiZZrGWd1F5yTZNH82d3Ski2hEsRD2fxa3MY%2Bk28ILHsNwZ6G%2FNGOtaiV%2Bgh4YG%2FkiP9POwHR1hgSE9JVGuYmbD4FB8l0LkkIBHgoTM4X0fNS81%2BA6f4zV6DxmQzI9dGh%2BP9eA6j%2B%2BfNqDfMsi4qyKjapz8T4qQ%2BjgAtJSRmIL7WdsmYhVjSQb5voiknUxgKT%2Fom%2FJJYAUyxf%2BoM7B5yfJewzeVoU2%2FtVYQKI1lMuX%2BRaPNcBUAvSnVpp3982X8ufymNCG%2Bvqv3rBuUa%2BDAlSlNPC7rHF8TsYmOTADU69%2B%2B%2Fol8yLJTHHQhvr%2Bf5O5wjhPZDddaEMD1lhgrNFX59TpZvCV9M4rSDCIHqoFDFRnsCphC6IUw%3D%22%7D&prevSearchId=1765686709859674781&loginPromo=1
747,Nhân viên từ lễ tân tạp vụ lao công đều rất thân thiện. Không gian tuyệt vời,SOL by Melia Phu Quoc,https://www.traveloka.com/en-vn/hotel/detail?spec=13-05-2023.14-05-2023.1.1.HOTEL.1000000626112.SOL%20by%20Melia%20Phu%20Quoc.1&contexts=%7B%22inventoryRateKey%22%3A%22povEwB3ZzsU2C6pd%2B6MdU13LUNuufACdbU0usK5vg0dM0tKsNUio4Rxug1zOzHJilcvZa8YdqqIySdppe7dolTIewZlxfjiOGz6oXLTucMvN0%2BgQ3yZPvZcoHwUFNN%2BZpcr%2F%2FNa8o9ElfN8zOYhzzZeg0X586laFpeUViPi9rxBmwBdHcCHNVGYbHYVgpznVIvEWeildVo7nbHxIWcXPVNGysXwP9P%2F6jQTjnyKeTv%2ByqYmxSenRKFEfSHS0XO3kZfZPEEhT4qTyZ4NnGlioFk6ay4RXlsebEjOdYqJCyZZxlxUTHNffO2l8jiZZrGWd1F5yTZNH82d3Ski2hEsRD2fxa3MY%2Bk28ILHsNwZ6G%2FNGOtaiV%2Bgh4YG%2FkiP9POwHR1hgSE9JVGuYmbD4FB8l0LkkIBHgoTM4X0fNS81%2BA6f4zV6DxmQzI9dGh%2BP9eA6j%2B%2BfNqDfMsi4qyKjapz8T4qQ%2BjgAtJSRmIL7WdsmYhVjSQb5voiknUxgKT%2Fom%2FJJYAUyxf%2BoM7B5yfJewzeVoU2%2FtVYQKI1lMuX%2BRaPNcBUAvSnVpp3982X8ufymNCG%2Bvqv3rBuUa%2BDAlSlNPC7rHF8TsYmOTADU69%2B%2B%2Fol8yLJTHHQhvr%2Bf5O5wjhPZDddaEMD1lhgrNFX59TpZvCV9M4rSDCIHqoFDFRnsCphC6IUw%3D%22%7D&prevSearchId=1765686709859674781&loginPromo=1
748,,SOL by Melia Phu Quoc,https://www.traveloka.com/en-vn/hotel/detail?spec=13-05-2023.14-05-2023.1.1.HOTEL.1000000626112.SOL%20by%20Melia%20Phu%20Quoc.1&contexts=%7B%22inventoryRateKey%22%3A%22povEwB3ZzsU2C6pd%2B6MdU13LUNuufACdbU0usK5vg0dM0tKsNUio4Rxug1zOzHJilcvZa8YdqqIySdppe7dolTIewZlxfjiOGz6oXLTucMvN0%2BgQ3yZPvZcoHwUFNN%2BZpcr%2F%2FNa8o9ElfN8zOYhzzZeg0X586laFpeUViPi9rxBmwBdHcCHNVGYbHYVgpznVIvEWeildVo7nbHxIWcXPVNGysXwP9P%2F6jQTjnyKeTv%2ByqYmxSenRKFEfSHS0XO3kZfZPEEhT4qTyZ4NnGlioFk6ay4RXlsebEjOdYqJCyZZxlxUTHNffO2l8jiZZrGWd1F5yTZNH82d3Ski2hEsRD2fxa3MY%2Bk28ILHsNwZ6G%2FNGOtaiV%2Bgh4YG%2FkiP9POwHR1hgSE9JVGuYmbD4FB8l0LkkIBHgoTM4X0fNS81%2BA6f4zV6DxmQzI9dGh%2BP9eA6j%2B%2BfNqDfMsi4qyKjapz8T4qQ%2BjgAtJSRmIL7WdsmYhVjSQb5voiknUxgKT%2Fom%2FJJYAUyxf%2BoM7B5yfJewzeVoU2%2FtVYQKI1lMuX%2BRaPNcBUAvSnVpp3982X8ufymNCG%2Bvqv3rBuUa%2BDAlSlNPC7rHF8TsYmOTADU69%2B%2B%2Fol8yLJTHHQhvr%2Bf5O5wjhPZDddaEMD1lhgrNFX59TpZvCV9M4rSDCIHqoFDFRnsCphC6IUw%3D%22%7D&prevSearchId=1765686709859674781&loginPromo=1
749,Tôi rất hài lòng về khách sạn cũng như dịch vụ ở đây,SOL by Melia Phu Quoc,https://www.traveloka.com/en-vn/hotel/detail?spec=13-05-2023.14-05-2023.1.1.HOTEL.1000000626112.SOL%20by%20Melia%20Phu%20Quoc.1&contexts=%7B%22inventoryRateKey%22%3A%22povEwB3ZzsU2C6pd%2B6MdU13LUNuufACdbU0usK5vg0dM0tKsNUio4Rxug1zOzHJilcvZa8YdqqIySdppe7dolTIewZlxfjiOGz6oXLTucMvN0%2BgQ3yZPvZcoHwUFNN%2BZpcr%2F%2FNa8o9ElfN8zOYhzzZeg0X586laFpeUViPi9rxBmwBdHcCHNVGYbHYVgpznVIvEWeildVo7nbHxIWcXPVNGysXwP9P%2F6jQTjnyKeTv%2ByqYmxSenRKFEfSHS0XO3kZfZPEEhT4qTyZ4NnGlioFk6ay4RXlsebEjOdYqJCyZZxlxUTHNffO2l8jiZZrGWd1F5yTZNH82d3Ski2hEsRD2fxa3MY%2Bk28ILHsNwZ6G%2FNGOtaiV%2Bgh4YG%2FkiP9POwHR1hgSE9JVGuYmbD4FB8l0LkkIBHgoTM4X0fNS81%2BA6f4zV6DxmQzI9dGh%2BP9eA6j%2B%2BfNqDfMsi4qyKjapz8T4qQ%2BjgAtJSRmIL7WdsmYhVjSQb5voiknUxgKT%2Fom%2FJJYAUyxf%2BoM7B5yfJewzeVoU2%2FtVYQKI1lMuX%2BRaPNcBUAvSnVpp3982X8ufymNCG%2Bvqv3rBuUa%2BDAlSlNPC7rHF8TsYmOTADU69%2B%2B%2Fol8yLJTHHQhvr%2Bf5O5wjhPZDddaEMD1lhgrNFX59TpZvCV9M4rSDCIHqoFDFRnsCphC6IUw%3D%22%7D&prevSearchId=1765686709859674781&loginPromo=1
750,Nhân viên nhiệt tình. Phòng xinh và view hoàng hôn rất đẹp Khá xa trung tâm và các quán ăn. Đồ ăn sáng nhiều món nhưng đa phần là các loại bánh mì nên sẽ hợp với khách tây hơn,SOL by Melia Phu Quoc,https://www.traveloka.com/en-vn/hotel/detail?spec=13-05-2023.14-05-2023.1.1.HOTEL.1000000626112.SOL%20by%20Melia%20Phu%20Quoc.1&contexts=%7B%22inventoryRateKey%22%3A%22povEwB3ZzsU2C6pd%2B6MdU13LUNuufACdbU0usK5vg0dM0tKsNUio4Rxug1zOzHJilcvZa8YdqqIySdppe7dolTIewZlxfjiOGz6oXLTucMvN0%2BgQ3yZPvZcoHwUFNN%2BZpcr%2F%2FNa8o9ElfN8zOYhzzZeg0X586laFpeUViPi9rxBmwBdHcCHNVGYbHYVgpznVIvEWeildVo7nbHxIWcXPVNGysXwP9P%2F6jQTjnyKeTv%2ByqYmxSenRKFEfSHS0XO3kZfZPEEhT4qTyZ4NnGlioFk6ay4RXlsebEjOdYqJCyZZxlxUTHNffO2l8jiZZrGWd1F5yTZNH82d3Ski2hEsRD2fxa3MY%2Bk28ILHsNwZ6G%2FNGOtaiV%2Bgh4YG%2FkiP9POwHR1hgSE9JVGuYmbD4FB8l0LkkIBHgoTM4X0fNS81%2BA6f4zV6DxmQzI9dGh%2BP9eA6j%2B%2BfNqDfMsi4qyKjapz8T4qQ%2BjgAtJSRmIL7WdsmYhVjSQb5voiknUxgKT%2Fom%2FJJYAUyxf%2BoM7B5yfJewzeVoU2%2FtVYQKI1lMuX%2BRaPNcBUAvSnVpp3982X8ufymNCG%2Bvqv3rBuUa%2BDAlSlNPC7rHF8TsYmOTADU69%2B%2B%2Fol8yLJTHHQhvr%2Bf5O5wjhPZDddaEMD1lhgrNFX59TpZvCV9M4rSDCIHqoFDFRnsCphC6IUw%3D%22%7D&prevSearchId=1765686709859674781&loginPromo=1
751,Hoàn toàn hài lòng ngoại trừ việc trên hình ảnh là phòng view biển còn thực tế thì không. Nhưng bù lại thì nhân viên nhiệt tình. Phòng ốc sạch sẽ thoải mái,SOL by Melia Phu Quoc,https://www.traveloka.com/en-vn/hotel/detail?spec=13-05-2023.14-05-2023.1.1.HOTEL.1000000626112.SOL%20by%20Melia%20Phu%20Quoc.1&contexts=%7B%22inventoryRateKey%22%3A%22povEwB3ZzsU2C6pd%2B6MdU13LUNuufACdbU0usK5vg0dM0tKsNUio4Rxug1zOzHJilcvZa8YdqqIySdppe7dolTIewZlxfjiOGz6oXLTucMvN0%2BgQ3yZPvZcoHwUFNN%2BZpcr%2F%2FNa8o9ElfN8zOYhzzZeg0X586laFpeUViPi9rxBmwBdHcCHNVGYbHYVgpznVIvEWeildVo7nbHxIWcXPVNGysXwP9P%2F6jQTjnyKeTv%2ByqYmxSenRKFEfSHS0XO3kZfZPEEhT4qTyZ4NnGlioFk6ay4RXlsebEjOdYqJCyZZxlxUTHNffO2l8jiZZrGWd1F5yTZNH82d3Ski2hEsRD2fxa3MY%2Bk28ILHsNwZ6G%2FNGOtaiV%2Bgh4YG%2FkiP9POwHR1hgSE9JVGuYmbD4FB8l0LkkIBHgoTM4X0fNS81%2BA6f4zV6DxmQzI9dGh%2BP9eA6j%2B%2BfNqDfMsi4qyKjapz8T4qQ%2BjgAtJSRmIL7WdsmYhVjSQb5voiknUxgKT%2Fom%2FJJYAUyxf%2BoM7B5yfJewzeVoU2%2FtVYQKI1lMuX%2BRaPNcBUAvSnVpp3982X8ufymNCG%2Bvqv3rBuUa%2BDAlSlNPC7rHF8TsYmOTADU69%2B%2B%2Fol8yLJTHHQhvr%2Bf5O5wjhPZDddaEMD1lhgrNFX59TpZvCV9M4rSDCIHqoFDFRnsCphC6IUw%3D%22%7D&prevSearchId=1765686709859674781&loginPromo=1
752,"Sol Beach House Phu Quoc rất thích hợp cho kỳ nghỉ lãng mạn. Nhân viên thân thiện, hỗ trợ khách hết mình, các bạn quản lý người nước ngoài cũng thường xuyên có mặt để hỗ trợ khách. Rất nhiều góc để sống ảo. Bãi biển riêng nước rất trong và sạch, buổi chiều ngắm hoàng hôn luôn ở đây đỡ phải ra mấy quán bar đông đúc ở trung tâm. Sol Beach cũng có shuttle bus đưa đón sân bay và đi trung tâm vào buổi tối, cũng đỡ được kha khá tiền taxi vì khách sạn khá xa trung tâm. Mình đặt phòng Beach House 29m2 nhưng ngày đến thì full phòng này nên được free up lên Xtra Beach House 42m2. Bữa tối ở nhà hàng OLA Beach Club cũng rất ngon miệng, bạn quản lý còn đi từng bàn cảm ơn và hỏi thăm khách. Vì là khách sạn theo phong cách Tây Ban Nha nên đồ ăn và buffet sáng cũng theo phong cách Tây, món Việt hơi ít, bạn nào không quen thì sẽ hơi khó ăn.",SOL by Melia Phu Quoc,https://www.traveloka.com/en-vn/hotel/detail?spec=13-05-2023.14-05-2023.1.1.HOTEL.1000000626112.SOL%20by%20Melia%20Phu%20Quoc.1&contexts=%7B%22inventoryRateKey%22%3A%22povEwB3ZzsU2C6pd%2B6MdU13LUNuufACdbU0usK5vg0dM0tKsNUio4Rxug1zOzHJilcvZa8YdqqIySdppe7dolTIewZlxfjiOGz6oXLTucMvN0%2BgQ3yZPvZcoHwUFNN%2BZpcr%2F%2FNa8o9ElfN8zOYhzzZeg0X586laFpeUViPi9rxBmwBdHcCHNVGYbHYVgpznVIvEWeildVo7nbHxIWcXPVNGysXwP9P%2F6jQTjnyKeTv%2ByqYmxSenRKFEfSHS0XO3kZfZPEEhT4qTyZ4NnGlioFk6ay4RXlsebEjOdYqJCyZZxlxUTHNffO2l8jiZZrGWd1F5yTZNH82d3Ski2hEsRD2fxa3MY%2Bk28ILHsNwZ6G%2FNGOtaiV%2Bgh4YG%2FkiP9POwHR1hgSE9JVGuYmbD4FB8l0LkkIBHgoTM4X0fNS81%2BA6f4zV6DxmQzI9dGh%2BP9eA6j%2B%2BfNqDfMsi4qyKjapz8T4qQ%2BjgAtJSRmIL7WdsmYhVjSQb5voiknUxgKT%2Fom%2FJJYAUyxf%2BoM7B5yfJewzeVoU2%2FtVYQKI1lMuX%2BRaPNcBUAvSnVpp3982X8ufymNCG%2Bvqv3rBuUa%2BDAlSlNPC7rHF8TsYmOTADU69%2B%2B%2Fol8yLJTHHQhvr%2Bf5O5wjhPZDddaEMD1lhgrNFX59TpZvCV9M4rSDCIHqoFDFRnsCphC6IUw%3D%22%7D&prevSearchId=1765686709859674781&loginPromo=1
753,"đẹp, thân thiên chu đóa, buffet sáng hơi chán",SOL by Melia Phu Quoc,https://www.traveloka.com/en-vn/hotel/detail?spec=13-05-2023.14-05-2023.1.1.HOTEL.1000000626112.SOL%20by%20Melia%20Phu%20Quoc.1&contexts=%7B%22inventoryRateKey%22%3A%22povEwB3ZzsU2C6pd%2B6MdU13LUNuufACdbU0usK5vg0dM0tKsNUio4Rxug1zOzHJilcvZa8YdqqIySdppe7dolTIewZlxfjiOGz6oXLTucMvN0%2BgQ3yZPvZcoHwUFNN%2BZpcr%2F%2FNa8o9ElfN8zOYhzzZeg0X586laFpeUViPi9rxBmwBdHcCHNVGYbHYVgpznVIvEWeildVo7nbHxIWcXPVNGysXwP9P%2F6jQTjnyKeTv%2ByqYmxSenRKFEfSHS0XO3kZfZPEEhT4qTyZ4NnGlioFk6ay4RXlsebEjOdYqJCyZZxlxUTHNffO2l8jiZZrGWd1F5yTZNH82d3Ski2hEsRD2fxa3MY%2Bk28ILHsNwZ6G%2FNGOtaiV%2Bgh4YG%2FkiP9POwHR1hgSE9JVGuYmbD4FB8l0LkkIBHgoTM4X0fNS81%2BA6f4zV6DxmQzI9dGh%2BP9eA6j%2B%2BfNqDfMsi4qyKjapz8T4qQ%2BjgAtJSRmIL7WdsmYhVjSQb5voiknUxgKT%2Fom%2FJJYAUyxf%2BoM7B5yfJewzeVoU2%2FtVYQKI1lMuX%2BRaPNcBUAvSnVpp3982X8ufymNCG%2Bvqv3rBuUa%2BDAlSlNPC7rHF8TsYmOTADU69%2B%2B%2Fol8yLJTHHQhvr%2Bf5O5wjhPZDddaEMD1lhgrNFX59TpZvCV9M4rSDCIHqoFDFRnsCphC6IUw%3D%22%7D&prevSearchId=1765686709859674781&loginPromo=1
754,"Khách sạn thiết kế đẹp, nhân viên. Không nhiệt tình, vẻ mặt cầu có và unhelpful, bữa sáng tạm được",SOL by Melia Phu Quoc,https://www.traveloka.com/en-vn/hotel/detail?spec=13-05-2023.14-05-2023.1.1.HOTEL.1000000626112.SOL%20by%20Melia%20Phu%20Quoc.1&contexts=%7B%22inventoryRateKey%22%3A%22povEwB3ZzsU2C6pd%2B6MdU13LUNuufACdbU0usK5vg0dM0tKsNUio4Rxug1zOzHJilcvZa8YdqqIySdppe7dolTIewZlxfjiOGz6oXLTucMvN0%2BgQ3yZPvZcoHwUFNN%2BZpcr%2F%2FNa8o9ElfN8zOYhzzZeg0X586laFpeUViPi9rxBmwBdHcCHNVGYbHYVgpznVIvEWeildVo7nbHxIWcXPVNGysXwP9P%2F6jQTjnyKeTv%2ByqYmxSenRKFEfSHS0XO3kZfZPEEhT4qTyZ4NnGlioFk6ay4RXlsebEjOdYqJCyZZxlxUTHNffO2l8jiZZrGWd1F5yTZNH82d3Ski2hEsRD2fxa3MY%2Bk28ILHsNwZ6G%2FNGOtaiV%2Bgh4YG%2FkiP9POwHR1hgSE9JVGuYmbD4FB8l0LkkIBHgoTM4X0fNS81%2BA6f4zV6DxmQzI9dGh%2BP9eA6j%2B%2BfNqDfMsi4qyKjapz8T4qQ%2BjgAtJSRmIL7WdsmYhVjSQb5voiknUxgKT%2Fom%2FJJYAUyxf%2BoM7B5yfJewzeVoU2%2FtVYQKI1lMuX%2BRaPNcBUAvSnVpp3982X8ufymNCG%2Bvqv3rBuUa%2BDAlSlNPC7rHF8TsYmOTADU69%2B%2B%2Fol8yLJTHHQhvr%2Bf5O5wjhPZDddaEMD1lhgrNFX59TpZvCV9M4rSDCIHqoFDFRnsCphC6IUw%3D%22%7D&prevSearchId=1765686709859674781&loginPromo=1
755,"Cảnh đẹp - khách sạn sạch sẽ, rộng rãi, nhiều cây xanh - phục vụ tốt, nhiệt tình 👍",SOL by Melia Phu Quoc,https://www.traveloka.com/en-vn/hotel/detail?spec=13-05-2023.14-05-2023.1.1.HOTEL.1000000626112.SOL%20by%20Melia%20Phu%20Quoc.1&contexts=%7B%22inventoryRateKey%22%3A%22povEwB3ZzsU2C6pd%2B6MdU13LUNuufACdbU0usK5vg0dM0tKsNUio4Rxug1zOzHJilcvZa8YdqqIySdppe7dolTIewZlxfjiOGz6oXLTucMvN0%2BgQ3yZPvZcoHwUFNN%2BZpcr%2F%2FNa8o9ElfN8zOYhzzZeg0X586laFpeUViPi9rxBmwBdHcCHNVGYbHYVgpznVIvEWeildVo7nbHxIWcXPVNGysXwP9P%2F6jQTjnyKeTv%2ByqYmxSenRKFEfSHS0XO3kZfZPEEhT4qTyZ4NnGlioFk6ay4RXlsebEjOdYqJCyZZxlxUTHNffO2l8jiZZrGWd1F5yTZNH82d3Ski2hEsRD2fxa3MY%2Bk28ILHsNwZ6G%2FNGOtaiV%2Bgh4YG%2FkiP9POwHR1hgSE9JVGuYmbD4FB8l0LkkIBHgoTM4X0fNS81%2BA6f4zV6DxmQzI9dGh%2BP9eA6j%2B%2BfNqDfMsi4qyKjapz8T4qQ%2BjgAtJSRmIL7WdsmYhVjSQb5voiknUxgKT%2Fom%2FJJYAUyxf%2BoM7B5yfJewzeVoU2%2FtVYQKI1lMuX%2BRaPNcBUAvSnVpp3982X8ufymNCG%2Bvqv3rBuUa%2BDAlSlNPC7rHF8TsYmOTADU69%2B%2B%2Fol8yLJTHHQhvr%2Bf5O5wjhPZDddaEMD1lhgrNFX59TpZvCV9M4rSDCIHqoFDFRnsCphC6IUw%3D%22%7D&prevSearchId=1765686709859674781&loginPromo=1
756,,SOL by Melia Phu Quoc,https://www.traveloka.com/en-vn/hotel/detail?spec=13-05-2023.14-05-2023.1.1.HOTEL.1000000626112.SOL%20by%20Melia%20Phu%20Quoc.1&contexts=%7B%22inventoryRateKey%22%3A%22povEwB3ZzsU2C6pd%2B6MdU13LUNuufACdbU0usK5vg0dM0tKsNUio4Rxug1zOzHJilcvZa8YdqqIySdppe7dolTIewZlxfjiOGz6oXLTucMvN0%2BgQ3yZPvZcoHwUFNN%2BZpcr%2F%2FNa8o9ElfN8zOYhzzZeg0X586laFpeUViPi9rxBmwBdHcCHNVGYbHYVgpznVIvEWeildVo7nbHxIWcXPVNGysXwP9P%2F6jQTjnyKeTv%2ByqYmxSenRKFEfSHS0XO3kZfZPEEhT4qTyZ4NnGlioFk6ay4RXlsebEjOdYqJCyZZxlxUTHNffO2l8jiZZrGWd1F5yTZNH82d3Ski2hEsRD2fxa3MY%2Bk28ILHsNwZ6G%2FNGOtaiV%2Bgh4YG%2FkiP9POwHR1hgSE9JVGuYmbD4FB8l0LkkIBHgoTM4X0fNS81%2BA6f4zV6DxmQzI9dGh%2BP9eA6j%2B%2BfNqDfMsi4qyKjapz8T4qQ%2BjgAtJSRmIL7WdsmYhVjSQb5voiknUxgKT%2Fom%2FJJYAUyxf%2BoM7B5yfJewzeVoU2%2FtVYQKI1lMuX%2BRaPNcBUAvSnVpp3982X8ufymNCG%2Bvqv3rBuUa%2BDAlSlNPC7rHF8TsYmOTADU69%2B%2B%2Fol8yLJTHHQhvr%2Bf5O5wjhPZDddaEMD1lhgrNFX59TpZvCV9M4rSDCIHqoFDFRnsCphC6IUw%3D%22%7D&prevSearchId=1765686709859674781&loginPromo=1
757,"Khách sạn tiện nghi, hồ bơi siêu đẹp, nhân viên thân thiện, nhiệt tình, thời tiết rất chiều lòng người Cảm ơn Sol Beach đã cho gia đình mình một kỳ nghỉ đáng nhớ 💕",SOL by Melia Phu Quoc,https://www.traveloka.com/en-vn/hotel/detail?spec=13-05-2023.14-05-2023.1.1.HOTEL.1000000626112.SOL%20by%20Melia%20Phu%20Quoc.1&contexts=%7B%22inventoryRateKey%22%3A%22povEwB3ZzsU2C6pd%2B6MdU13LUNuufACdbU0usK5vg0dM0tKsNUio4Rxug1zOzHJilcvZa8YdqqIySdppe7dolTIewZlxfjiOGz6oXLTucMvN0%2BgQ3yZPvZcoHwUFNN%2BZpcr%2F%2FNa8o9ElfN8zOYhzzZeg0X586laFpeUViPi9rxBmwBdHcCHNVGYbHYVgpznVIvEWeildVo7nbHxIWcXPVNGysXwP9P%2F6jQTjnyKeTv%2ByqYmxSenRKFEfSHS0XO3kZfZPEEhT4qTyZ4NnGlioFk6ay4RXlsebEjOdYqJCyZZxlxUTHNffO2l8jiZZrGWd1F5yTZNH82d3Ski2hEsRD2fxa3MY%2Bk28ILHsNwZ6G%2FNGOtaiV%2Bgh4YG%2FkiP9POwHR1hgSE9JVGuYmbD4FB8l0LkkIBHgoTM4X0fNS81%2BA6f4zV6DxmQzI9dGh%2BP9eA6j%2B%2BfNqDfMsi4qyKjapz8T4qQ%2BjgAtJSRmIL7WdsmYhVjSQb5voiknUxgKT%2Fom%2FJJYAUyxf%2BoM7B5yfJewzeVoU2%2FtVYQKI1lMuX%2BRaPNcBUAvSnVpp3982X8ufymNCG%2Bvqv3rBuUa%2BDAlSlNPC7rHF8TsYmOTADU69%2B%2B%2Fol8yLJTHHQhvr%2Bf5O5wjhPZDddaEMD1lhgrNFX59TpZvCV9M4rSDCIHqoFDFRnsCphC6IUw%3D%22%7D&prevSearchId=1765686709859674781&loginPromo=1
758,,SOL by Melia Phu Quoc,https://www.traveloka.com/en-vn/hotel/detail?spec=13-05-2023.14-05-2023.1.1.HOTEL.1000000626112.SOL%20by%20Melia%20Phu%20Quoc.1&contexts=%7B%22inventoryRateKey%22%3A%22povEwB3ZzsU2C6pd%2B6MdU13LUNuufACdbU0usK5vg0dM0tKsNUio4Rxug1zOzHJilcvZa8YdqqIySdppe7dolTIewZlxfjiOGz6oXLTucMvN0%2BgQ3yZPvZcoHwUFNN%2BZpcr%2F%2FNa8o9ElfN8zOYhzzZeg0X586laFpeUViPi9rxBmwBdHcCHNVGYbHYVgpznVIvEWeildVo7nbHxIWcXPVNGysXwP9P%2F6jQTjnyKeTv%2ByqYmxSenRKFEfSHS0XO3kZfZPEEhT4qTyZ4NnGlioFk6ay4RXlsebEjOdYqJCyZZxlxUTHNffO2l8jiZZrGWd1F5yTZNH82d3Ski2hEsRD2fxa3MY%2Bk28ILHsNwZ6G%2FNGOtaiV%2Bgh4YG%2FkiP9POwHR1hgSE9JVGuYmbD4FB8l0LkkIBHgoTM4X0fNS81%2BA6f4zV6DxmQzI9dGh%2BP9eA6j%2B%2BfNqDfMsi4qyKjapz8T4qQ%2BjgAtJSRmIL7WdsmYhVjSQb5voiknUxgKT%2Fom%2FJJYAUyxf%2BoM7B5yfJewzeVoU2%2FtVYQKI1lMuX%2BRaPNcBUAvSnVpp3982X8ufymNCG%2Bvqv3rBuUa%2BDAlSlNPC7rHF8TsYmOTADU69%2B%2B%2Fol8yLJTHHQhvr%2Bf5O5wjhPZDddaEMD1lhgrNFX59TpZvCV9M4rSDCIHqoFDFRnsCphC6IUw%3D%22%7D&prevSearchId=1765686709859674781&loginPromo=1
759,"Mình nghỉ chỉ có 1 đêm tuy nhiên dịch vụ khá ổn, do phòng mình đặt hết nên được free upgrade lên suits, thủ tục check in nhanh chóng, ăn sáng khá ổn, hồ bơi đẹp rộng, nhà hàng tương đối",SOL by Melia Phu Quoc,https://www.traveloka.com/en-vn/hotel/detail?spec=13-05-2023.14-05-2023.1.1.HOTEL.1000000626112.SOL%20by%20Melia%20Phu%20Quoc.1&contexts=%7B%22inventoryRateKey%22%3A%22povEwB3ZzsU2C6pd%2B6MdU13LUNuufACdbU0usK5vg0dM0tKsNUio4Rxug1zOzHJilcvZa8YdqqIySdppe7dolTIewZlxfjiOGz6oXLTucMvN0%2BgQ3yZPvZcoHwUFNN%2BZpcr%2F%2FNa8o9ElfN8zOYhzzZeg0X586laFpeUViPi9rxBmwBdHcCHNVGYbHYVgpznVIvEWeildVo7nbHxIWcXPVNGysXwP9P%2F6jQTjnyKeTv%2ByqYmxSenRKFEfSHS0XO3kZfZPEEhT4qTyZ4NnGlioFk6ay4RXlsebEjOdYqJCyZZxlxUTHNffO2l8jiZZrGWd1F5yTZNH82d3Ski2hEsRD2fxa3MY%2Bk28ILHsNwZ6G%2FNGOtaiV%2Bgh4YG%2FkiP9POwHR1hgSE9JVGuYmbD4FB8l0LkkIBHgoTM4X0fNS81%2BA6f4zV6DxmQzI9dGh%2BP9eA6j%2B%2BfNqDfMsi4qyKjapz8T4qQ%2BjgAtJSRmIL7WdsmYhVjSQb5voiknUxgKT%2Fom%2FJJYAUyxf%2BoM7B5yfJewzeVoU2%2FtVYQKI1lMuX%2BRaPNcBUAvSnVpp3982X8ufymNCG%2Bvqv3rBuUa%2BDAlSlNPC7rHF8TsYmOTADU69%2B%2B%2Fol8yLJTHHQhvr%2Bf5O5wjhPZDddaEMD1lhgrNFX59TpZvCV9M4rSDCIHqoFDFRnsCphC6IUw%3D%22%7D&prevSearchId=1765686709859674781&loginPromo=1
760,,SOL by Melia Phu Quoc,https://www.traveloka.com/en-vn/hotel/detail?spec=13-05-2023.14-05-2023.1.1.HOTEL.1000000626112.SOL%20by%20Melia%20Phu%20Quoc.1&contexts=%7B%22inventoryRateKey%22%3A%22povEwB3ZzsU2C6pd%2B6MdU13LUNuufACdbU0usK5vg0dM0tKsNUio4Rxug1zOzHJilcvZa8YdqqIySdppe7dolTIewZlxfjiOGz6oXLTucMvN0%2BgQ3yZPvZcoHwUFNN%2BZpcr%2F%2FNa8o9ElfN8zOYhzzZeg0X586laFpeUViPi9rxBmwBdHcCHNVGYbHYVgpznVIvEWeildVo7nbHxIWcXPVNGysXwP9P%2F6jQTjnyKeTv%2ByqYmxSenRKFEfSHS0XO3kZfZPEEhT4qTyZ4NnGlioFk6ay4RXlsebEjOdYqJCyZZxlxUTHNffO2l8jiZZrGWd1F5yTZNH82d3Ski2hEsRD2fxa3MY%2Bk28ILHsNwZ6G%2FNGOtaiV%2Bgh4YG%2FkiP9POwHR1hgSE9JVGuYmbD4FB8l0LkkIBHgoTM4X0fNS81%2BA6f4zV6DxmQzI9dGh%2BP9eA6j%2B%2BfNqDfMsi4qyKjapz8T4qQ%2BjgAtJSRmIL7WdsmYhVjSQb5voiknUxgKT%2Fom%2FJJYAUyxf%2BoM7B5yfJewzeVoU2%2FtVYQKI1lMuX%2BRaPNcBUAvSnVpp3982X8ufymNCG%2Bvqv3rBuUa%2BDAlSlNPC7rHF8TsYmOTADU69%2B%2B%2Fol8yLJTHHQhvr%2Bf5O5wjhPZDddaEMD1lhgrNFX59TpZvCV9M4rSDCIHqoFDFRnsCphC6IUw%3D%22%7D&prevSearchId=1765686709859674781&loginPromo=1
761,"Mình thuê 2 phòng liên thông cho kỳ nghỉ gia đình ở Sol Beach. Khách sạn đông khách trong và ngoài nước mặc dù không phải mùa cao điểm. Lúc check-in lễ tân yêu cầu đặt cọc 1 triệu/phòng/đêm dù đã thanh toán toàn bộ tiền phòng nên các bạn lưu ý nhé. Mình chỉ đặt 3 triệu/phòng/3 đêm và lễ tân vẫn đồng ý. Hôm đầu tiên nhận phòng có 1 vài trục trặc nhỏ phải gọi lễ tân nhưng nhân viên đều xử lý tốt nên mình thấy không vấn đề gì. Nhân viên phục vụ thái độ nhẹ nhàng, lễ phép. Khách sạn to rộng đẹp nhưng hơi xa trung tâm nên muốn vào trung tâm phải bắt taxi. Khách sạn có xe bus đưa đón sân bay và chở vào khu trung tâm nhưng muốn đi phải đặt trước và chờ đúng lịch trình của xe để đi và về nên muốn chủ động vẫn nên đi taxi :)) Đồ ăn sáng buffet khá ngon, nhiều món và thế mạnh là các loại bánh mỳ và món ngọt, đồ ăn uống khác trong khách sạn khá đắt. Khách sạn vẫn có nhiều muỗi đặc biệt buổi tối, hôm vợ chồng mình uống nước có anh chủ Tây dễ thương đưa remos cho xịt tạm :)) Chỗ hồ bơi khá rộng và thích, bao quanh khu vực ở nhưng chắc do tần suất sử dụng lớn nên khá nhiều chỗ ngồi bị rách, gãy. Hàng dừa sát bãi biển đẹp, thơ mộng nhưng 2 cái xích đu được đặt ở vị trí sát cây thông hơi bị fail, nếu đưa được ra ngoài bãi biển thì đẹp hơn nhìu, hjhj. Nhìn chung cảm giác vẫn là hài lòng và nếu có cơ hội vẫn muốn quay lại Sol Beach 🙂",SOL by Melia Phu Quoc,https://www.traveloka.com/en-vn/hotel/detail?spec=13-05-2023.14-05-2023.1.1.HOTEL.1000000626112.SOL%20by%20Melia%20Phu%20Quoc.1&contexts=%7B%22inventoryRateKey%22%3A%22povEwB3ZzsU2C6pd%2B6MdU13LUNuufACdbU0usK5vg0dM0tKsNUio4Rxug1zOzHJilcvZa8YdqqIySdppe7dolTIewZlxfjiOGz6oXLTucMvN0%2BgQ3yZPvZcoHwUFNN%2BZpcr%2F%2FNa8o9ElfN8zOYhzzZeg0X586laFpeUViPi9rxBmwBdHcCHNVGYbHYVgpznVIvEWeildVo7nbHxIWcXPVNGysXwP9P%2F6jQTjnyKeTv%2ByqYmxSenRKFEfSHS0XO3kZfZPEEhT4qTyZ4NnGlioFk6ay4RXlsebEjOdYqJCyZZxlxUTHNffO2l8jiZZrGWd1F5yTZNH82d3Ski2hEsRD2fxa3MY%2Bk28ILHsNwZ6G%2FNGOtaiV%2Bgh4YG%2FkiP9POwHR1hgSE9JVGuYmbD4FB8l0LkkIBHgoTM4X0fNS81%2BA6f4zV6DxmQzI9dGh%2BP9eA6j%2B%2BfNqDfMsi4qyKjapz8T4qQ%2BjgAtJSRmIL7WdsmYhVjSQb5voiknUxgKT%2Fom%2FJJYAUyxf%2BoM7B5yfJewzeVoU2%2FtVYQKI1lMuX%2BRaPNcBUAvSnVpp3982X8ufymNCG%2Bvqv3rBuUa%2BDAlSlNPC7rHF8TsYmOTADU69%2B%2B%2Fol8yLJTHHQhvr%2Bf5O5wjhPZDddaEMD1lhgrNFX59TpZvCV9M4rSDCIHqoFDFRnsCphC6IUw%3D%22%7D&prevSearchId=1765686709859674781&loginPromo=1
762,"tuyệt vời. chỉ có dịch vụ bus đưa khách ra đông dương thì hết chỗ, không được hài lòng điểm này thui.",SOL by Melia Phu Quoc,https://www.traveloka.com/en-vn/hotel/detail?spec=13-05-2023.14-05-2023.1.1.HOTEL.1000000626112.SOL%20by%20Melia%20Phu%20Quoc.1&contexts=%7B%22inventoryRateKey%22%3A%22povEwB3ZzsU2C6pd%2B6MdU13LUNuufACdbU0usK5vg0dM0tKsNUio4Rxug1zOzHJilcvZa8YdqqIySdppe7dolTIewZlxfjiOGz6oXLTucMvN0%2BgQ3yZPvZcoHwUFNN%2BZpcr%2F%2FNa8o9ElfN8zOYhzzZeg0X586laFpeUViPi9rxBmwBdHcCHNVGYbHYVgpznVIvEWeildVo7nbHxIWcXPVNGysXwP9P%2F6jQTjnyKeTv%2ByqYmxSenRKFEfSHS0XO3kZfZPEEhT4qTyZ4NnGlioFk6ay4RXlsebEjOdYqJCyZZxlxUTHNffO2l8jiZZrGWd1F5yTZNH82d3Ski2hEsRD2fxa3MY%2Bk28ILHsNwZ6G%2FNGOtaiV%2Bgh4YG%2FkiP9POwHR1hgSE9JVGuYmbD4FB8l0LkkIBHgoTM4X0fNS81%2BA6f4zV6DxmQzI9dGh%2BP9eA6j%2B%2BfNqDfMsi4qyKjapz8T4qQ%2BjgAtJSRmIL7WdsmYhVjSQb5voiknUxgKT%2Fom%2FJJYAUyxf%2BoM7B5yfJewzeVoU2%2FtVYQKI1lMuX%2BRaPNcBUAvSnVpp3982X8ufymNCG%2Bvqv3rBuUa%2BDAlSlNPC7rHF8TsYmOTADU69%2B%2B%2Fol8yLJTHHQhvr%2Bf5O5wjhPZDddaEMD1lhgrNFX59TpZvCV9M4rSDCIHqoFDFRnsCphC6IUw%3D%22%7D&prevSearchId=1765686709859674781&loginPromo=1
763,"mình đặt phòng beach house nhưng lại kêu là không note nên không được ở phòng tầng cao? vậy thì là view garden chứ đâu phải sea view như trong mô tả? Nhân viên thái độ nhăn nhó với khách, ở 5 sao mà nhân viên không bằng khách sạn 3 sao. Quá tệ khi vừa mất tiền lại không hài lòng. Sẽ không bao giờ quay lại khách sạn này một lần nào nữa!!!",SOL by Melia Phu Quoc,https://www.traveloka.com/en-vn/hotel/detail?spec=13-05-2023.14-05-2023.1.1.HOTEL.1000000626112.SOL%20by%20Melia%20Phu%20Quoc.1&contexts=%7B%22inventoryRateKey%22%3A%22povEwB3ZzsU2C6pd%2B6MdU13LUNuufACdbU0usK5vg0dM0tKsNUio4Rxug1zOzHJilcvZa8YdqqIySdppe7dolTIewZlxfjiOGz6oXLTucMvN0%2BgQ3yZPvZcoHwUFNN%2BZpcr%2F%2FNa8o9ElfN8zOYhzzZeg0X586laFpeUViPi9rxBmwBdHcCHNVGYbHYVgpznVIvEWeildVo7nbHxIWcXPVNGysXwP9P%2F6jQTjnyKeTv%2ByqYmxSenRKFEfSHS0XO3kZfZPEEhT4qTyZ4NnGlioFk6ay4RXlsebEjOdYqJCyZZxlxUTHNffO2l8jiZZrGWd1F5yTZNH82d3Ski2hEsRD2fxa3MY%2Bk28ILHsNwZ6G%2FNGOtaiV%2Bgh4YG%2FkiP9POwHR1hgSE9JVGuYmbD4FB8l0LkkIBHgoTM4X0fNS81%2BA6f4zV6DxmQzI9dGh%2BP9eA6j%2B%2BfNqDfMsi4qyKjapz8T4qQ%2BjgAtJSRmIL7WdsmYhVjSQb5voiknUxgKT%2Fom%2FJJYAUyxf%2BoM7B5yfJewzeVoU2%2FtVYQKI1lMuX%2BRaPNcBUAvSnVpp3982X8ufymNCG%2Bvqv3rBuUa%2BDAlSlNPC7rHF8TsYmOTADU69%2B%2B%2Fol8yLJTHHQhvr%2Bf5O5wjhPZDddaEMD1lhgrNFX59TpZvCV9M4rSDCIHqoFDFRnsCphC6IUw%3D%22%7D&prevSearchId=1765686709859674781&loginPromo=1
764,,SOL by Melia Phu Quoc,https://www.traveloka.com/en-vn/hotel/detail?spec=13-05-2023.14-05-2023.1.1.HOTEL.1000000626112.SOL%20by%20Melia%20Phu%20Quoc.1&contexts=%7B%22inventoryRateKey%22%3A%22povEwB3ZzsU2C6pd%2B6MdU13LUNuufACdbU0usK5vg0dM0tKsNUio4Rxug1zOzHJilcvZa8YdqqIySdppe7dolTIewZlxfjiOGz6oXLTucMvN0%2BgQ3yZPvZcoHwUFNN%2BZpcr%2F%2FNa8o9ElfN8zOYhzzZeg0X586laFpeUViPi9rxBmwBdHcCHNVGYbHYVgpznVIvEWeildVo7nbHxIWcXPVNGysXwP9P%2F6jQTjnyKeTv%2ByqYmxSenRKFEfSHS0XO3kZfZPEEhT4qTyZ4NnGlioFk6ay4RXlsebEjOdYqJCyZZxlxUTHNffO2l8jiZZrGWd1F5yTZNH82d3Ski2hEsRD2fxa3MY%2Bk28ILHsNwZ6G%2FNGOtaiV%2Bgh4YG%2FkiP9POwHR1hgSE9JVGuYmbD4FB8l0LkkIBHgoTM4X0fNS81%2BA6f4zV6DxmQzI9dGh%2BP9eA6j%2B%2BfNqDfMsi4qyKjapz8T4qQ%2BjgAtJSRmIL7WdsmYhVjSQb5voiknUxgKT%2Fom%2FJJYAUyxf%2BoM7B5yfJewzeVoU2%2FtVYQKI1lMuX%2BRaPNcBUAvSnVpp3982X8ufymNCG%2Bvqv3rBuUa%2BDAlSlNPC7rHF8TsYmOTADU69%2B%2B%2Fol8yLJTHHQhvr%2Bf5O5wjhPZDddaEMD1lhgrNFX59TpZvCV9M4rSDCIHqoFDFRnsCphC6IUw%3D%22%7D&prevSearchId=1765686709859674781&loginPromo=1
765,"Đồ ăn sáng không ngon, nhân viên không nhiệt tình lắm, so với chất lượng 4 sao thì chưa hợp lý",SOL by Melia Phu Quoc,https://www.traveloka.com/en-vn/hotel/detail?spec=13-05-2023.14-05-2023.1.1.HOTEL.1000000626112.SOL%20by%20Melia%20Phu%20Quoc.1&contexts=%7B%22inventoryRateKey%22%3A%22povEwB3ZzsU2C6pd%2B6MdU13LUNuufACdbU0usK5vg0dM0tKsNUio4Rxug1zOzHJilcvZa8YdqqIySdppe7dolTIewZlxfjiOGz6oXLTucMvN0%2BgQ3yZPvZcoHwUFNN%2BZpcr%2F%2FNa8o9ElfN8zOYhzzZeg0X586laFpeUViPi9rxBmwBdHcCHNVGYbHYVgpznVIvEWeildVo7nbHxIWcXPVNGysXwP9P%2F6jQTjnyKeTv%2ByqYmxSenRKFEfSHS0XO3kZfZPEEhT4qTyZ4NnGlioFk6ay4RXlsebEjOdYqJCyZZxlxUTHNffO2l8jiZZrGWd1F5yTZNH82d3Ski2hEsRD2fxa3MY%2Bk28ILHsNwZ6G%2FNGOtaiV%2Bgh4YG%2FkiP9POwHR1hgSE9JVGuYmbD4FB8l0LkkIBHgoTM4X0fNS81%2BA6f4zV6DxmQzI9dGh%2BP9eA6j%2B%2BfNqDfMsi4qyKjapz8T4qQ%2BjgAtJSRmIL7WdsmYhVjSQb5voiknUxgKT%2Fom%2FJJYAUyxf%2BoM7B5yfJewzeVoU2%2FtVYQKI1lMuX%2BRaPNcBUAvSnVpp3982X8ufymNCG%2Bvqv3rBuUa%2BDAlSlNPC7rHF8TsYmOTADU69%2B%2B%2Fol8yLJTHHQhvr%2Bf5O5wjhPZDddaEMD1lhgrNFX59TpZvCV9M4rSDCIHqoFDFRnsCphC6IUw%3D%22%7D&prevSearchId=1765686709859674781&loginPromo=1
766,"Khách sạn đẹp, sạch sẽ, hồ bơi siêu đẹp, nhân viên dễ thương và nhiệt tình, đồ ăn ngon và phong phú",SOL by Melia Phu Quoc,https://www.traveloka.com/en-vn/hotel/detail?spec=13-05-2023.14-05-2023.1.1.HOTEL.1000000626112.SOL%20by%20Melia%20Phu%20Quoc.1&contexts=%7B%22inventoryRateKey%22%3A%22povEwB3ZzsU2C6pd%2B6MdU13LUNuufACdbU0usK5vg0dM0tKsNUio4Rxug1zOzHJilcvZa8YdqqIySdppe7dolTIewZlxfjiOGz6oXLTucMvN0%2BgQ3yZPvZcoHwUFNN%2BZpcr%2F%2FNa8o9ElfN8zOYhzzZeg0X586laFpeUViPi9rxBmwBdHcCHNVGYbHYVgpznVIvEWeildVo7nbHxIWcXPVNGysXwP9P%2F6jQTjnyKeTv%2ByqYmxSenRKFEfSHS0XO3kZfZPEEhT4qTyZ4NnGlioFk6ay4RXlsebEjOdYqJCyZZxlxUTHNffO2l8jiZZrGWd1F5yTZNH82d3Ski2hEsRD2fxa3MY%2Bk28ILHsNwZ6G%2FNGOtaiV%2Bgh4YG%2FkiP9POwHR1hgSE9JVGuYmbD4FB8l0LkkIBHgoTM4X0fNS81%2BA6f4zV6DxmQzI9dGh%2BP9eA6j%2B%2BfNqDfMsi4qyKjapz8T4qQ%2BjgAtJSRmIL7WdsmYhVjSQb5voiknUxgKT%2Fom%2FJJYAUyxf%2BoM7B5yfJewzeVoU2%2FtVYQKI1lMuX%2BRaPNcBUAvSnVpp3982X8ufymNCG%2Bvqv3rBuUa%2BDAlSlNPC7rHF8TsYmOTADU69%2B%2B%2Fol8yLJTHHQhvr%2Bf5O5wjhPZDddaEMD1lhgrNFX59TpZvCV9M4rSDCIHqoFDFRnsCphC6IUw%3D%22%7D&prevSearchId=1765686709859674781&loginPromo=1
767,"Tôi đã có 1 kỳ nghỉ 3N2Đ thật tuyệt vời tại đây. Resort đã cố gắng đáp ứng mọi nhu cầu của gia đình tôi. Dù chỉ là chuyến đi nghỉ dưỡng ngắn ngày nhưng cảm giác như mình đang ở nhà vậy. Buffet sáng ngon nhưng không đa dạng món, bãi biển sạch, nhân viên thân thiện, phòng ở sạch sẽ và thoáng mát, view rất đẹp. Tôi rất muốn giới thiệu Sol Beach House cho tất cả mọi người.",SOL by Melia Phu Quoc,https://www.traveloka.com/en-vn/hotel/detail?spec=13-05-2023.14-05-2023.1.1.HOTEL.1000000626112.SOL%20by%20Melia%20Phu%20Quoc.1&contexts=%7B%22inventoryRateKey%22%3A%22povEwB3ZzsU2C6pd%2B6MdU13LUNuufACdbU0usK5vg0dM0tKsNUio4Rxug1zOzHJilcvZa8YdqqIySdppe7dolTIewZlxfjiOGz6oXLTucMvN0%2BgQ3yZPvZcoHwUFNN%2BZpcr%2F%2FNa8o9ElfN8zOYhzzZeg0X586laFpeUViPi9rxBmwBdHcCHNVGYbHYVgpznVIvEWeildVo7nbHxIWcXPVNGysXwP9P%2F6jQTjnyKeTv%2ByqYmxSenRKFEfSHS0XO3kZfZPEEhT4qTyZ4NnGlioFk6ay4RXlsebEjOdYqJCyZZxlxUTHNffO2l8jiZZrGWd1F5yTZNH82d3Ski2hEsRD2fxa3MY%2Bk28ILHsNwZ6G%2FNGOtaiV%2Bgh4YG%2FkiP9POwHR1hgSE9JVGuYmbD4FB8l0LkkIBHgoTM4X0fNS81%2BA6f4zV6DxmQzI9dGh%2BP9eA6j%2B%2BfNqDfMsi4qyKjapz8T4qQ%2BjgAtJSRmIL7WdsmYhVjSQb5voiknUxgKT%2Fom%2FJJYAUyxf%2BoM7B5yfJewzeVoU2%2FtVYQKI1lMuX%2BRaPNcBUAvSnVpp3982X8ufymNCG%2Bvqv3rBuUa%2BDAlSlNPC7rHF8TsYmOTADU69%2B%2B%2Fol8yLJTHHQhvr%2Bf5O5wjhPZDddaEMD1lhgrNFX59TpZvCV9M4rSDCIHqoFDFRnsCphC6IUw%3D%22%7D&prevSearchId=1765686709859674781&loginPromo=1
768,Đồ ăn hơi hướng tây nên ăn không hợp khẩu vị lắm,SOL by Melia Phu Quoc,https://www.traveloka.com/en-vn/hotel/detail?spec=13-05-2023.14-05-2023.1.1.HOTEL.1000000626112.SOL%20by%20Melia%20Phu%20Quoc.1&contexts=%7B%22inventoryRateKey%22%3A%22povEwB3ZzsU2C6pd%2B6MdU13LUNuufACdbU0usK5vg0dM0tKsNUio4Rxug1zOzHJilcvZa8YdqqIySdppe7dolTIewZlxfjiOGz6oXLTucMvN0%2BgQ3yZPvZcoHwUFNN%2BZpcr%2F%2FNa8o9ElfN8zOYhzzZeg0X586laFpeUViPi9rxBmwBdHcCHNVGYbHYVgpznVIvEWeildVo7nbHxIWcXPVNGysXwP9P%2F6jQTjnyKeTv%2ByqYmxSenRKFEfSHS0XO3kZfZPEEhT4qTyZ4NnGlioFk6ay4RXlsebEjOdYqJCyZZxlxUTHNffO2l8jiZZrGWd1F5yTZNH82d3Ski2hEsRD2fxa3MY%2Bk28ILHsNwZ6G%2FNGOtaiV%2Bgh4YG%2FkiP9POwHR1hgSE9JVGuYmbD4FB8l0LkkIBHgoTM4X0fNS81%2BA6f4zV6DxmQzI9dGh%2BP9eA6j%2B%2BfNqDfMsi4qyKjapz8T4qQ%2BjgAtJSRmIL7WdsmYhVjSQb5voiknUxgKT%2Fom%2FJJYAUyxf%2BoM7B5yfJewzeVoU2%2FtVYQKI1lMuX%2BRaPNcBUAvSnVpp3982X8ufymNCG%2Bvqv3rBuUa%2BDAlSlNPC7rHF8TsYmOTADU69%2B%2B%2Fol8yLJTHHQhvr%2Bf5O5wjhPZDddaEMD1lhgrNFX59TpZvCV9M4rSDCIHqoFDFRnsCphC6IUw%3D%22%7D&prevSearchId=1765686709859674781&loginPromo=1
769,"Khách sạn đẹp, tiện nghi, nhân viên ok. Thích nhất là bể bơi, bể nông nên mình khá thích.",SOL by Melia Phu Quoc,https://www.traveloka.com/en-vn/hotel/detail?spec=13-05-2023.14-05-2023.1.1.HOTEL.1000000626112.SOL%20by%20Melia%20Phu%20Quoc.1&contexts=%7B%22inventoryRateKey%22%3A%22povEwB3ZzsU2C6pd%2B6MdU13LUNuufACdbU0usK5vg0dM0tKsNUio4Rxug1zOzHJilcvZa8YdqqIySdppe7dolTIewZlxfjiOGz6oXLTucMvN0%2BgQ3yZPvZcoHwUFNN%2BZpcr%2F%2FNa8o9ElfN8zOYhzzZeg0X586laFpeUViPi9rxBmwBdHcCHNVGYbHYVgpznVIvEWeildVo7nbHxIWcXPVNGysXwP9P%2F6jQTjnyKeTv%2ByqYmxSenRKFEfSHS0XO3kZfZPEEhT4qTyZ4NnGlioFk6ay4RXlsebEjOdYqJCyZZxlxUTHNffO2l8jiZZrGWd1F5yTZNH82d3Ski2hEsRD2fxa3MY%2Bk28ILHsNwZ6G%2FNGOtaiV%2Bgh4YG%2FkiP9POwHR1hgSE9JVGuYmbD4FB8l0LkkIBHgoTM4X0fNS81%2BA6f4zV6DxmQzI9dGh%2BP9eA6j%2B%2BfNqDfMsi4qyKjapz8T4qQ%2BjgAtJSRmIL7WdsmYhVjSQb5voiknUxgKT%2Fom%2FJJYAUyxf%2BoM7B5yfJewzeVoU2%2FtVYQKI1lMuX%2BRaPNcBUAvSnVpp3982X8ufymNCG%2Bvqv3rBuUa%2BDAlSlNPC7rHF8TsYmOTADU69%2B%2B%2Fol8yLJTHHQhvr%2Bf5O5wjhPZDddaEMD1lhgrNFX59TpZvCV9M4rSDCIHqoFDFRnsCphC6IUw%3D%22%7D&prevSearchId=1765686709859674781&loginPromo=1
770,Bellboy có thái độ xem thường khách người Việt Nam,SOL by Melia Phu Quoc,https://www.traveloka.com/en-vn/hotel/detail?spec=13-05-2023.14-05-2023.1.1.HOTEL.1000000626112.SOL%20by%20Melia%20Phu%20Quoc.1&contexts=%7B%22inventoryRateKey%22%3A%22povEwB3ZzsU2C6pd%2B6MdU13LUNuufACdbU0usK5vg0dM0tKsNUio4Rxug1zOzHJilcvZa8YdqqIySdppe7dolTIewZlxfjiOGz6oXLTucMvN0%2BgQ3yZPvZcoHwUFNN%2BZpcr%2F%2FNa8o9ElfN8zOYhzzZeg0X586laFpeUViPi9rxBmwBdHcCHNVGYbHYVgpznVIvEWeildVo7nbHxIWcXPVNGysXwP9P%2F6jQTjnyKeTv%2ByqYmxSenRKFEfSHS0XO3kZfZPEEhT4qTyZ4NnGlioFk6ay4RXlsebEjOdYqJCyZZxlxUTHNffO2l8jiZZrGWd1F5yTZNH82d3Ski2hEsRD2fxa3MY%2Bk28ILHsNwZ6G%2FNGOtaiV%2Bgh4YG%2FkiP9POwHR1hgSE9JVGuYmbD4FB8l0LkkIBHgoTM4X0fNS81%2BA6f4zV6DxmQzI9dGh%2BP9eA6j%2B%2BfNqDfMsi4qyKjapz8T4qQ%2BjgAtJSRmIL7WdsmYhVjSQb5voiknUxgKT%2Fom%2FJJYAUyxf%2BoM7B5yfJewzeVoU2%2FtVYQKI1lMuX%2BRaPNcBUAvSnVpp3982X8ufymNCG%2Bvqv3rBuUa%2BDAlSlNPC7rHF8TsYmOTADU69%2B%2B%2Fol8yLJTHHQhvr%2Bf5O5wjhPZDddaEMD1lhgrNFX59TpZvCV9M4rSDCIHqoFDFRnsCphC6IUw%3D%22%7D&prevSearchId=1765686709859674781&loginPromo=1
771,,SOL by Melia Phu Quoc,https://www.traveloka.com/en-vn/hotel/detail?spec=13-05-2023.14-05-2023.1.1.HOTEL.1000000626112.SOL%20by%20Melia%20Phu%20Quoc.1&contexts=%7B%22inventoryRateKey%22%3A%22povEwB3ZzsU2C6pd%2B6MdU13LUNuufACdbU0usK5vg0dM0tKsNUio4Rxug1zOzHJilcvZa8YdqqIySdppe7dolTIewZlxfjiOGz6oXLTucMvN0%2BgQ3yZPvZcoHwUFNN%2BZpcr%2F%2FNa8o9ElfN8zOYhzzZeg0X586laFpeUViPi9rxBmwBdHcCHNVGYbHYVgpznVIvEWeildVo7nbHxIWcXPVNGysXwP9P%2F6jQTjnyKeTv%2ByqYmxSenRKFEfSHS0XO3kZfZPEEhT4qTyZ4NnGlioFk6ay4RXlsebEjOdYqJCyZZxlxUTHNffO2l8jiZZrGWd1F5yTZNH82d3Ski2hEsRD2fxa3MY%2Bk28ILHsNwZ6G%2FNGOtaiV%2Bgh4YG%2FkiP9POwHR1hgSE9JVGuYmbD4FB8l0LkkIBHgoTM4X0fNS81%2BA6f4zV6DxmQzI9dGh%2BP9eA6j%2B%2BfNqDfMsi4qyKjapz8T4qQ%2BjgAtJSRmIL7WdsmYhVjSQb5voiknUxgKT%2Fom%2FJJYAUyxf%2BoM7B5yfJewzeVoU2%2FtVYQKI1lMuX%2BRaPNcBUAvSnVpp3982X8ufymNCG%2Bvqv3rBuUa%2BDAlSlNPC7rHF8TsYmOTADU69%2B%2B%2Fol8yLJTHHQhvr%2Bf5O5wjhPZDddaEMD1lhgrNFX59TpZvCV9M4rSDCIHqoFDFRnsCphC6IUw%3D%22%7D&prevSearchId=1765686709859674781&loginPromo=1
772,"Nhân viên thân thiện, quang cảnh đẹp, đồ ăn sáng ngon",SOL by Melia Phu Quoc,https://www.traveloka.com/en-vn/hotel/detail?spec=13-05-2023.14-05-2023.1.1.HOTEL.1000000626112.SOL%20by%20Melia%20Phu%20Quoc.1&contexts=%7B%22inventoryRateKey%22%3A%22povEwB3ZzsU2C6pd%2B6MdU13LUNuufACdbU0usK5vg0dM0tKsNUio4Rxug1zOzHJilcvZa8YdqqIySdppe7dolTIewZlxfjiOGz6oXLTucMvN0%2BgQ3yZPvZcoHwUFNN%2BZpcr%2F%2FNa8o9ElfN8zOYhzzZeg0X586laFpeUViPi9rxBmwBdHcCHNVGYbHYVgpznVIvEWeildVo7nbHxIWcXPVNGysXwP9P%2F6jQTjnyKeTv%2ByqYmxSenRKFEfSHS0XO3kZfZPEEhT4qTyZ4NnGlioFk6ay4RXlsebEjOdYqJCyZZxlxUTHNffO2l8jiZZrGWd1F5yTZNH82d3Ski2hEsRD2fxa3MY%2Bk28ILHsNwZ6G%2FNGOtaiV%2Bgh4YG%2FkiP9POwHR1hgSE9JVGuYmbD4FB8l0LkkIBHgoTM4X0fNS81%2BA6f4zV6DxmQzI9dGh%2BP9eA6j%2B%2BfNqDfMsi4qyKjapz8T4qQ%2BjgAtJSRmIL7WdsmYhVjSQb5voiknUxgKT%2Fom%2FJJYAUyxf%2BoM7B5yfJewzeVoU2%2FtVYQKI1lMuX%2BRaPNcBUAvSnVpp3982X8ufymNCG%2Bvqv3rBuUa%2BDAlSlNPC7rHF8TsYmOTADU69%2B%2B%2Fol8yLJTHHQhvr%2Bf5O5wjhPZDddaEMD1lhgrNFX59TpZvCV9M4rSDCIHqoFDFRnsCphC6IUw%3D%22%7D&prevSearchId=1765686709859674781&loginPromo=1
773,"Phòng sạch sẽ thoải mái, quà tặng chào mừng rất dễ thương, nón lá và túi vải tiện dụng. Nhân viên gặp ai cũng vui vẻ chào hỏi. Chỉ mỗi hơi muỗi thôi, chứ tối mà ngồi cạnh hồ bơi thì thật thư giãn",SOL by Melia Phu Quoc,https://www.traveloka.com/en-vn/hotel/detail?spec=13-05-2023.14-05-2023.1.1.HOTEL.1000000626112.SOL%20by%20Melia%20Phu%20Quoc.1&contexts=%7B%22inventoryRateKey%22%3A%22povEwB3ZzsU2C6pd%2B6MdU13LUNuufACdbU0usK5vg0dM0tKsNUio4Rxug1zOzHJilcvZa8YdqqIySdppe7dolTIewZlxfjiOGz6oXLTucMvN0%2BgQ3yZPvZcoHwUFNN%2BZpcr%2F%2FNa8o9ElfN8zOYhzzZeg0X586laFpeUViPi9rxBmwBdHcCHNVGYbHYVgpznVIvEWeildVo7nbHxIWcXPVNGysXwP9P%2F6jQTjnyKeTv%2ByqYmxSenRKFEfSHS0XO3kZfZPEEhT4qTyZ4NnGlioFk6ay4RXlsebEjOdYqJCyZZxlxUTHNffO2l8jiZZrGWd1F5yTZNH82d3Ski2hEsRD2fxa3MY%2Bk28ILHsNwZ6G%2FNGOtaiV%2Bgh4YG%2FkiP9POwHR1hgSE9JVGuYmbD4FB8l0LkkIBHgoTM4X0fNS81%2BA6f4zV6DxmQzI9dGh%2BP9eA6j%2B%2BfNqDfMsi4qyKjapz8T4qQ%2BjgAtJSRmIL7WdsmYhVjSQb5voiknUxgKT%2Fom%2FJJYAUyxf%2BoM7B5yfJewzeVoU2%2FtVYQKI1lMuX%2BRaPNcBUAvSnVpp3982X8ufymNCG%2Bvqv3rBuUa%2BDAlSlNPC7rHF8TsYmOTADU69%2B%2B%2Fol8yLJTHHQhvr%2Bf5O5wjhPZDddaEMD1lhgrNFX59TpZvCV9M4rSDCIHqoFDFRnsCphC6IUw%3D%22%7D&prevSearchId=1765686709859674781&loginPromo=1
774,,SOL by Melia Phu Quoc,https://www.traveloka.com/en-vn/hotel/detail?spec=13-05-2023.14-05-2023.1.1.HOTEL.1000000626112.SOL%20by%20Melia%20Phu%20Quoc.1&contexts=%7B%22inventoryRateKey%22%3A%22povEwB3ZzsU2C6pd%2B6MdU13LUNuufACdbU0usK5vg0dM0tKsNUio4Rxug1zOzHJilcvZa8YdqqIySdppe7dolTIewZlxfjiOGz6oXLTucMvN0%2BgQ3yZPvZcoHwUFNN%2BZpcr%2F%2FNa8o9ElfN8zOYhzzZeg0X586laFpeUViPi9rxBmwBdHcCHNVGYbHYVgpznVIvEWeildVo7nbHxIWcXPVNGysXwP9P%2F6jQTjnyKeTv%2ByqYmxSenRKFEfSHS0XO3kZfZPEEhT4qTyZ4NnGlioFk6ay4RXlsebEjOdYqJCyZZxlxUTHNffO2l8jiZZrGWd1F5yTZNH82d3Ski2hEsRD2fxa3MY%2Bk28ILHsNwZ6G%2FNGOtaiV%2Bgh4YG%2FkiP9POwHR1hgSE9JVGuYmbD4FB8l0LkkIBHgoTM4X0fNS81%2BA6f4zV6DxmQzI9dGh%2BP9eA6j%2B%2BfNqDfMsi4qyKjapz8T4qQ%2BjgAtJSRmIL7WdsmYhVjSQb5voiknUxgKT%2Fom%2FJJYAUyxf%2BoM7B5yfJewzeVoU2%2FtVYQKI1lMuX%2BRaPNcBUAvSnVpp3982X8ufymNCG%2Bvqv3rBuUa%2BDAlSlNPC7rHF8TsYmOTADU69%2B%2B%2Fol8yLJTHHQhvr%2Bf5O5wjhPZDddaEMD1lhgrNFX59TpZvCV9M4rSDCIHqoFDFRnsCphC6IUw%3D%22%7D&prevSearchId=1765686709859674781&loginPromo=1
775,"Khách sạn rất đẹp, đồ ăn khá ngon, nchung mình rất hài lòng khi đã chọn ở đây",SOL by Melia Phu Quoc,https://www.traveloka.com/en-vn/hotel/detail?spec=13-05-2023.14-05-2023.1.1.HOTEL.1000000626112.SOL%20by%20Melia%20Phu%20Quoc.1&contexts=%7B%22inventoryRateKey%22%3A%22povEwB3ZzsU2C6pd%2B6MdU13LUNuufACdbU0usK5vg0dM0tKsNUio4Rxug1zOzHJilcvZa8YdqqIySdppe7dolTIewZlxfjiOGz6oXLTucMvN0%2BgQ3yZPvZcoHwUFNN%2BZpcr%2F%2FNa8o9ElfN8zOYhzzZeg0X586laFpeUViPi9rxBmwBdHcCHNVGYbHYVgpznVIvEWeildVo7nbHxIWcXPVNGysXwP9P%2F6jQTjnyKeTv%2ByqYmxSenRKFEfSHS0XO3kZfZPEEhT4qTyZ4NnGlioFk6ay4RXlsebEjOdYqJCyZZxlxUTHNffO2l8jiZZrGWd1F5yTZNH82d3Ski2hEsRD2fxa3MY%2Bk28ILHsNwZ6G%2FNGOtaiV%2Bgh4YG%2FkiP9POwHR1hgSE9JVGuYmbD4FB8l0LkkIBHgoTM4X0fNS81%2BA6f4zV6DxmQzI9dGh%2BP9eA6j%2B%2BfNqDfMsi4qyKjapz8T4qQ%2BjgAtJSRmIL7WdsmYhVjSQb5voiknUxgKT%2Fom%2FJJYAUyxf%2BoM7B5yfJewzeVoU2%2FtVYQKI1lMuX%2BRaPNcBUAvSnVpp3982X8ufymNCG%2Bvqv3rBuUa%2BDAlSlNPC7rHF8TsYmOTADU69%2B%2B%2Fol8yLJTHHQhvr%2Bf5O5wjhPZDddaEMD1lhgrNFX59TpZvCV9M4rSDCIHqoFDFRnsCphC6IUw%3D%22%7D&prevSearchId=1765686709859674781&loginPromo=1
776,,SOL by Melia Phu Quoc,https://www.traveloka.com/en-vn/hotel/detail?spec=13-05-2023.14-05-2023.1.1.HOTEL.1000000626112.SOL%20by%20Melia%20Phu%20Quoc.1&contexts=%7B%22inventoryRateKey%22%3A%22povEwB3ZzsU2C6pd%2B6MdU13LUNuufACdbU0usK5vg0dM0tKsNUio4Rxug1zOzHJilcvZa8YdqqIySdppe7dolTIewZlxfjiOGz6oXLTucMvN0%2BgQ3yZPvZcoHwUFNN%2BZpcr%2F%2FNa8o9ElfN8zOYhzzZeg0X586laFpeUViPi9rxBmwBdHcCHNVGYbHYVgpznVIvEWeildVo7nbHxIWcXPVNGysXwP9P%2F6jQTjnyKeTv%2ByqYmxSenRKFEfSHS0XO3kZfZPEEhT4qTyZ4NnGlioFk6ay4RXlsebEjOdYqJCyZZxlxUTHNffO2l8jiZZrGWd1F5yTZNH82d3Ski2hEsRD2fxa3MY%2Bk28ILHsNwZ6G%2FNGOtaiV%2Bgh4YG%2FkiP9POwHR1hgSE9JVGuYmbD4FB8l0LkkIBHgoTM4X0fNS81%2BA6f4zV6DxmQzI9dGh%2BP9eA6j%2B%2BfNqDfMsi4qyKjapz8T4qQ%2BjgAtJSRmIL7WdsmYhVjSQb5voiknUxgKT%2Fom%2FJJYAUyxf%2BoM7B5yfJewzeVoU2%2FtVYQKI1lMuX%2BRaPNcBUAvSnVpp3982X8ufymNCG%2Bvqv3rBuUa%2BDAlSlNPC7rHF8TsYmOTADU69%2B%2B%2Fol8yLJTHHQhvr%2Bf5O5wjhPZDddaEMD1lhgrNFX59TpZvCV9M4rSDCIHqoFDFRnsCphC6IUw%3D%22%7D&prevSearchId=1765686709859674781&loginPromo=1
777,,SOL by Melia Phu Quoc,https://www.traveloka.com/en-vn/hotel/detail?spec=13-05-2023.14-05-2023.1.1.HOTEL.1000000626112.SOL%20by%20Melia%20Phu%20Quoc.1&contexts=%7B%22inventoryRateKey%22%3A%22povEwB3ZzsU2C6pd%2B6MdU13LUNuufACdbU0usK5vg0dM0tKsNUio4Rxug1zOzHJilcvZa8YdqqIySdppe7dolTIewZlxfjiOGz6oXLTucMvN0%2BgQ3yZPvZcoHwUFNN%2BZpcr%2F%2FNa8o9ElfN8zOYhzzZeg0X586laFpeUViPi9rxBmwBdHcCHNVGYbHYVgpznVIvEWeildVo7nbHxIWcXPVNGysXwP9P%2F6jQTjnyKeTv%2ByqYmxSenRKFEfSHS0XO3kZfZPEEhT4qTyZ4NnGlioFk6ay4RXlsebEjOdYqJCyZZxlxUTHNffO2l8jiZZrGWd1F5yTZNH82d3Ski2hEsRD2fxa3MY%2Bk28ILHsNwZ6G%2FNGOtaiV%2Bgh4YG%2FkiP9POwHR1hgSE9JVGuYmbD4FB8l0LkkIBHgoTM4X0fNS81%2BA6f4zV6DxmQzI9dGh%2BP9eA6j%2B%2BfNqDfMsi4qyKjapz8T4qQ%2BjgAtJSRmIL7WdsmYhVjSQb5voiknUxgKT%2Fom%2FJJYAUyxf%2BoM7B5yfJewzeVoU2%2FtVYQKI1lMuX%2BRaPNcBUAvSnVpp3982X8ufymNCG%2Bvqv3rBuUa%2BDAlSlNPC7rHF8TsYmOTADU69%2B%2B%2Fol8yLJTHHQhvr%2Bf5O5wjhPZDddaEMD1lhgrNFX59TpZvCV9M4rSDCIHqoFDFRnsCphC6IUw%3D%22%7D&prevSearchId=1765686709859674781&loginPromo=1
778,"Sol thực sự tuyệt từ không gian đến dịch vụ, phòng sạch sẽ, tiện nghi, bể bơi đẹp, đồ ăn sáng phong phú",SOL by Melia Phu Quoc,https://www.traveloka.com/en-vn/hotel/detail?spec=13-05-2023.14-05-2023.1.1.HOTEL.1000000626112.SOL%20by%20Melia%20Phu%20Quoc.1&contexts=%7B%22inventoryRateKey%22%3A%22povEwB3ZzsU2C6pd%2B6MdU13LUNuufACdbU0usK5vg0dM0tKsNUio4Rxug1zOzHJilcvZa8YdqqIySdppe7dolTIewZlxfjiOGz6oXLTucMvN0%2BgQ3yZPvZcoHwUFNN%2BZpcr%2F%2FNa8o9ElfN8zOYhzzZeg0X586laFpeUViPi9rxBmwBdHcCHNVGYbHYVgpznVIvEWeildVo7nbHxIWcXPVNGysXwP9P%2F6jQTjnyKeTv%2ByqYmxSenRKFEfSHS0XO3kZfZPEEhT4qTyZ4NnGlioFk6ay4RXlsebEjOdYqJCyZZxlxUTHNffO2l8jiZZrGWd1F5yTZNH82d3Ski2hEsRD2fxa3MY%2Bk28ILHsNwZ6G%2FNGOtaiV%2Bgh4YG%2FkiP9POwHR1hgSE9JVGuYmbD4FB8l0LkkIBHgoTM4X0fNS81%2BA6f4zV6DxmQzI9dGh%2BP9eA6j%2B%2BfNqDfMsi4qyKjapz8T4qQ%2BjgAtJSRmIL7WdsmYhVjSQb5voiknUxgKT%2Fom%2FJJYAUyxf%2BoM7B5yfJewzeVoU2%2FtVYQKI1lMuX%2BRaPNcBUAvSnVpp3982X8ufymNCG%2Bvqv3rBuUa%2BDAlSlNPC7rHF8TsYmOTADU69%2B%2B%2Fol8yLJTHHQhvr%2Bf5O5wjhPZDddaEMD1lhgrNFX59TpZvCV9M4rSDCIHqoFDFRnsCphC6IUw%3D%22%7D&prevSearchId=1765686709859674781&loginPromo=1
779,"Tuyệt vời. hồ bơi đẹp, không gian yên tĩnh Thích hợp cho kì nghỉ gia đình",SOL by Melia Phu Quoc,https://www.traveloka.com/en-vn/hotel/detail?spec=13-05-2023.14-05-2023.1.1.HOTEL.1000000626112.SOL%20by%20Melia%20Phu%20Quoc.1&contexts=%7B%22inventoryRateKey%22%3A%22povEwB3ZzsU2C6pd%2B6MdU13LUNuufACdbU0usK5vg0dM0tKsNUio4Rxug1zOzHJilcvZa8YdqqIySdppe7dolTIewZlxfjiOGz6oXLTucMvN0%2BgQ3yZPvZcoHwUFNN%2BZpcr%2F%2FNa8o9ElfN8zOYhzzZeg0X586laFpeUViPi9rxBmwBdHcCHNVGYbHYVgpznVIvEWeildVo7nbHxIWcXPVNGysXwP9P%2F6jQTjnyKeTv%2ByqYmxSenRKFEfSHS0XO3kZfZPEEhT4qTyZ4NnGlioFk6ay4RXlsebEjOdYqJCyZZxlxUTHNffO2l8jiZZrGWd1F5yTZNH82d3Ski2hEsRD2fxa3MY%2Bk28ILHsNwZ6G%2FNGOtaiV%2Bgh4YG%2FkiP9POwHR1hgSE9JVGuYmbD4FB8l0LkkIBHgoTM4X0fNS81%2BA6f4zV6DxmQzI9dGh%2BP9eA6j%2B%2BfNqDfMsi4qyKjapz8T4qQ%2BjgAtJSRmIL7WdsmYhVjSQb5voiknUxgKT%2Fom%2FJJYAUyxf%2BoM7B5yfJewzeVoU2%2FtVYQKI1lMuX%2BRaPNcBUAvSnVpp3982X8ufymNCG%2Bvqv3rBuUa%2BDAlSlNPC7rHF8TsYmOTADU69%2B%2B%2Fol8yLJTHHQhvr%2Bf5O5wjhPZDddaEMD1lhgrNFX59TpZvCV9M4rSDCIHqoFDFRnsCphC6IUw%3D%22%7D&prevSearchId=1765686709859674781&loginPromo=1
780,"Mọi thứ đều tốt, trừ 1 điều nho nhỏ là phòng mình ở điều hoà thất thường lúc nóng lúc mát",SOL by Melia Phu Quoc,https://www.traveloka.com/en-vn/hotel/detail?spec=13-05-2023.14-05-2023.1.1.HOTEL.1000000626112.SOL%20by%20Melia%20Phu%20Quoc.1&contexts=%7B%22inventoryRateKey%22%3A%22povEwB3ZzsU2C6pd%2B6MdU13LUNuufACdbU0usK5vg0dM0tKsNUio4Rxug1zOzHJilcvZa8YdqqIySdppe7dolTIewZlxfjiOGz6oXLTucMvN0%2BgQ3yZPvZcoHwUFNN%2BZpcr%2F%2FNa8o9ElfN8zOYhzzZeg0X586laFpeUViPi9rxBmwBdHcCHNVGYbHYVgpznVIvEWeildVo7nbHxIWcXPVNGysXwP9P%2F6jQTjnyKeTv%2ByqYmxSenRKFEfSHS0XO3kZfZPEEhT4qTyZ4NnGlioFk6ay4RXlsebEjOdYqJCyZZxlxUTHNffO2l8jiZZrGWd1F5yTZNH82d3Ski2hEsRD2fxa3MY%2Bk28ILHsNwZ6G%2FNGOtaiV%2Bgh4YG%2FkiP9POwHR1hgSE9JVGuYmbD4FB8l0LkkIBHgoTM4X0fNS81%2BA6f4zV6DxmQzI9dGh%2BP9eA6j%2B%2BfNqDfMsi4qyKjapz8T4qQ%2BjgAtJSRmIL7WdsmYhVjSQb5voiknUxgKT%2Fom%2FJJYAUyxf%2BoM7B5yfJewzeVoU2%2FtVYQKI1lMuX%2BRaPNcBUAvSnVpp3982X8ufymNCG%2Bvqv3rBuUa%2BDAlSlNPC7rHF8TsYmOTADU69%2B%2B%2Fol8yLJTHHQhvr%2Bf5O5wjhPZDddaEMD1lhgrNFX59TpZvCV9M4rSDCIHqoFDFRnsCphC6IUw%3D%22%7D&prevSearchId=1765686709859674781&loginPromo=1
781,Tôi đã có kì nghỉ tuyệt vời tại đây,SOL by Melia Phu Quoc,https://www.traveloka.com/en-vn/hotel/detail?spec=13-05-2023.14-05-2023.1.1.HOTEL.1000000626112.SOL%20by%20Melia%20Phu%20Quoc.1&contexts=%7B%22inventoryRateKey%22%3A%22povEwB3ZzsU2C6pd%2B6MdU13LUNuufACdbU0usK5vg0dM0tKsNUio4Rxug1zOzHJilcvZa8YdqqIySdppe7dolTIewZlxfjiOGz6oXLTucMvN0%2BgQ3yZPvZcoHwUFNN%2BZpcr%2F%2FNa8o9ElfN8zOYhzzZeg0X586laFpeUViPi9rxBmwBdHcCHNVGYbHYVgpznVIvEWeildVo7nbHxIWcXPVNGysXwP9P%2F6jQTjnyKeTv%2ByqYmxSenRKFEfSHS0XO3kZfZPEEhT4qTyZ4NnGlioFk6ay4RXlsebEjOdYqJCyZZxlxUTHNffO2l8jiZZrGWd1F5yTZNH82d3Ski2hEsRD2fxa3MY%2Bk28ILHsNwZ6G%2FNGOtaiV%2Bgh4YG%2FkiP9POwHR1hgSE9JVGuYmbD4FB8l0LkkIBHgoTM4X0fNS81%2BA6f4zV6DxmQzI9dGh%2BP9eA6j%2B%2BfNqDfMsi4qyKjapz8T4qQ%2BjgAtJSRmIL7WdsmYhVjSQb5voiknUxgKT%2Fom%2FJJYAUyxf%2BoM7B5yfJewzeVoU2%2FtVYQKI1lMuX%2BRaPNcBUAvSnVpp3982X8ufymNCG%2Bvqv3rBuUa%2BDAlSlNPC7rHF8TsYmOTADU69%2B%2B%2Fol8yLJTHHQhvr%2Bf5O5wjhPZDddaEMD1lhgrNFX59TpZvCV9M4rSDCIHqoFDFRnsCphC6IUw%3D%22%7D&prevSearchId=1765686709859674781&loginPromo=1
782,Dịch vụ dọn phòng không kịp lúc khi khách yêu cầu. Hỗ trợ từ quản lí cho khách không thân thiện và thiếu chuyên nghiệp,SOL by Melia Phu Quoc,https://www.traveloka.com/en-vn/hotel/detail?spec=13-05-2023.14-05-2023.1.1.HOTEL.1000000626112.SOL%20by%20Melia%20Phu%20Quoc.1&contexts=%7B%22inventoryRateKey%22%3A%22povEwB3ZzsU2C6pd%2B6MdU13LUNuufACdbU0usK5vg0dM0tKsNUio4Rxug1zOzHJilcvZa8YdqqIySdppe7dolTIewZlxfjiOGz6oXLTucMvN0%2BgQ3yZPvZcoHwUFNN%2BZpcr%2F%2FNa8o9ElfN8zOYhzzZeg0X586laFpeUViPi9rxBmwBdHcCHNVGYbHYVgpznVIvEWeildVo7nbHxIWcXPVNGysXwP9P%2F6jQTjnyKeTv%2ByqYmxSenRKFEfSHS0XO3kZfZPEEhT4qTyZ4NnGlioFk6ay4RXlsebEjOdYqJCyZZxlxUTHNffO2l8jiZZrGWd1F5yTZNH82d3Ski2hEsRD2fxa3MY%2Bk28ILHsNwZ6G%2FNGOtaiV%2Bgh4YG%2FkiP9POwHR1hgSE9JVGuYmbD4FB8l0LkkIBHgoTM4X0fNS81%2BA6f4zV6DxmQzI9dGh%2BP9eA6j%2B%2BfNqDfMsi4qyKjapz8T4qQ%2BjgAtJSRmIL7WdsmYhVjSQb5voiknUxgKT%2Fom%2FJJYAUyxf%2BoM7B5yfJewzeVoU2%2FtVYQKI1lMuX%2BRaPNcBUAvSnVpp3982X8ufymNCG%2Bvqv3rBuUa%2BDAlSlNPC7rHF8TsYmOTADU69%2B%2B%2Fol8yLJTHHQhvr%2Bf5O5wjhPZDddaEMD1lhgrNFX59TpZvCV9M4rSDCIHqoFDFRnsCphC6IUw%3D%22%7D&prevSearchId=1765686709859674781&loginPromo=1
783,"Theo tiêu chuẩn 4 sao của quốc tế mà tác phong phục vụ thật kém. Tôi và ông xã đặt phòng nghỉ dưỡng 2 đêm tại Sol Beach, loại phòng xtra beach house, phòng tôi được ở là 401. Tối đêm đầu tiên thời tiết mưa lớn, tôi và chồng đi xe về, vì hiện tôi đang mang thai 6 thàng ngoài trời thì mưa rất lớn, nên chồng thôi chạy xe thẳng lên sảnh để tôi xuống trước, nhân viên sảnh đứng ngay đó, không những không hỗ trợ chúng tôi mà còn có thái độ cười cợt, rồi tôi nói là cho chúng tôi đậu xe ở góc đó một tí đợi chút xíu nữa ngớt mưa thì chồng thôi sẽ chạy xe xuống bãi xe theo quy định của khách sạn, họ đã không cho và bắt chồng chạy xe đi, sau đó 5 phút thì mưa tạnh Tối đó, chúng tôi ăn tối tại the Kitchen, chúng tôi chọn family set, mà cái chúng tôi nhận được là thức ăn phục vụ trong các chén nhựa nhỏ xíu, cách bày trí thức ăn thì bê bối, cẩu thả, thức ăn còn vương vãi thành chén, và phục vụ mang cho chúng tôi 2 chén nhựa để dùng bữa. Quá là không thể chấp nhận được nếu đó là tiêu chuẩn 4 sao quốc tế. Phòng tắm thì nước tắm bồn xả ra loại nước đen bẩn, chúng tôi đã phải gọi kỹ thuật lên, và sau khi họ xả nước một lúc báo là nước nhiễm gì gì đó. Rồi hôm sau, sau khi dọn phòng cho ngày mới, thì thứ chúng tôi nhận được trong hộp vật dụng bathroom là một đống lộn xộn, chúng tôi cảm thấy vô cùng thất vọng và bị xúc phạm Nếu bạn bè người thân hỏi chúng tôi về kì nghỉ tại Sol Beach chúng tôi sẽ khuyên họ không nên đến đó vì ở đó không mang lại cảm giác thoải mái cho kì nghỉ lý tưởng.",SOL by Melia Phu Quoc,https://www.traveloka.com/en-vn/hotel/detail?spec=13-05-2023.14-05-2023.1.1.HOTEL.1000000626112.SOL%20by%20Melia%20Phu%20Quoc.1&contexts=%7B%22inventoryRateKey%22%3A%22povEwB3ZzsU2C6pd%2B6MdU13LUNuufACdbU0usK5vg0dM0tKsNUio4Rxug1zOzHJilcvZa8YdqqIySdppe7dolTIewZlxfjiOGz6oXLTucMvN0%2BgQ3yZPvZcoHwUFNN%2BZpcr%2F%2FNa8o9ElfN8zOYhzzZeg0X586laFpeUViPi9rxBmwBdHcCHNVGYbHYVgpznVIvEWeildVo7nbHxIWcXPVNGysXwP9P%2F6jQTjnyKeTv%2ByqYmxSenRKFEfSHS0XO3kZfZPEEhT4qTyZ4NnGlioFk6ay4RXlsebEjOdYqJCyZZxlxUTHNffO2l8jiZZrGWd1F5yTZNH82d3Ski2hEsRD2fxa3MY%2Bk28ILHsNwZ6G%2FNGOtaiV%2Bgh4YG%2FkiP9POwHR1hgSE9JVGuYmbD4FB8l0LkkIBHgoTM4X0fNS81%2BA6f4zV6DxmQzI9dGh%2BP9eA6j%2B%2BfNqDfMsi4qyKjapz8T4qQ%2BjgAtJSRmIL7WdsmYhVjSQb5voiknUxgKT%2Fom%2FJJYAUyxf%2BoM7B5yfJewzeVoU2%2FtVYQKI1lMuX%2BRaPNcBUAvSnVpp3982X8ufymNCG%2Bvqv3rBuUa%2BDAlSlNPC7rHF8TsYmOTADU69%2B%2B%2Fol8yLJTHHQhvr%2Bf5O5wjhPZDddaEMD1lhgrNFX59TpZvCV9M4rSDCIHqoFDFRnsCphC6IUw%3D%22%7D&prevSearchId=1765686709859674781&loginPromo=1
784,Không gian tuyệt vời. Dịch vụ cực tốt. Ưng ❤️❤️🙄,SOL by Melia Phu Quoc,https://www.traveloka.com/en-vn/hotel/detail?spec=13-05-2023.14-05-2023.1.1.HOTEL.1000000626112.SOL%20by%20Melia%20Phu%20Quoc.1&contexts=%7B%22inventoryRateKey%22%3A%22povEwB3ZzsU2C6pd%2B6MdU13LUNuufACdbU0usK5vg0dM0tKsNUio4Rxug1zOzHJilcvZa8YdqqIySdppe7dolTIewZlxfjiOGz6oXLTucMvN0%2BgQ3yZPvZcoHwUFNN%2BZpcr%2F%2FNa8o9ElfN8zOYhzzZeg0X586laFpeUViPi9rxBmwBdHcCHNVGYbHYVgpznVIvEWeildVo7nbHxIWcXPVNGysXwP9P%2F6jQTjnyKeTv%2ByqYmxSenRKFEfSHS0XO3kZfZPEEhT4qTyZ4NnGlioFk6ay4RXlsebEjOdYqJCyZZxlxUTHNffO2l8jiZZrGWd1F5yTZNH82d3Ski2hEsRD2fxa3MY%2Bk28ILHsNwZ6G%2FNGOtaiV%2Bgh4YG%2FkiP9POwHR1hgSE9JVGuYmbD4FB8l0LkkIBHgoTM4X0fNS81%2BA6f4zV6DxmQzI9dGh%2BP9eA6j%2B%2BfNqDfMsi4qyKjapz8T4qQ%2BjgAtJSRmIL7WdsmYhVjSQb5voiknUxgKT%2Fom%2FJJYAUyxf%2BoM7B5yfJewzeVoU2%2FtVYQKI1lMuX%2BRaPNcBUAvSnVpp3982X8ufymNCG%2Bvqv3rBuUa%2BDAlSlNPC7rHF8TsYmOTADU69%2B%2B%2Fol8yLJTHHQhvr%2Bf5O5wjhPZDddaEMD1lhgrNFX59TpZvCV9M4rSDCIHqoFDFRnsCphC6IUw%3D%22%7D&prevSearchId=1765686709859674781&loginPromo=1
785,,SOL by Melia Phu Quoc,https://www.traveloka.com/en-vn/hotel/detail?spec=13-05-2023.14-05-2023.1.1.HOTEL.1000000626112.SOL%20by%20Melia%20Phu%20Quoc.1&contexts=%7B%22inventoryRateKey%22%3A%22povEwB3ZzsU2C6pd%2B6MdU13LUNuufACdbU0usK5vg0dM0tKsNUio4Rxug1zOzHJilcvZa8YdqqIySdppe7dolTIewZlxfjiOGz6oXLTucMvN0%2BgQ3yZPvZcoHwUFNN%2BZpcr%2F%2FNa8o9ElfN8zOYhzzZeg0X586laFpeUViPi9rxBmwBdHcCHNVGYbHYVgpznVIvEWeildVo7nbHxIWcXPVNGysXwP9P%2F6jQTjnyKeTv%2ByqYmxSenRKFEfSHS0XO3kZfZPEEhT4qTyZ4NnGlioFk6ay4RXlsebEjOdYqJCyZZxlxUTHNffO2l8jiZZrGWd1F5yTZNH82d3Ski2hEsRD2fxa3MY%2Bk28ILHsNwZ6G%2FNGOtaiV%2Bgh4YG%2FkiP9POwHR1hgSE9JVGuYmbD4FB8l0LkkIBHgoTM4X0fNS81%2BA6f4zV6DxmQzI9dGh%2BP9eA6j%2B%2BfNqDfMsi4qyKjapz8T4qQ%2BjgAtJSRmIL7WdsmYhVjSQb5voiknUxgKT%2Fom%2FJJYAUyxf%2BoM7B5yfJewzeVoU2%2FtVYQKI1lMuX%2BRaPNcBUAvSnVpp3982X8ufymNCG%2Bvqv3rBuUa%2BDAlSlNPC7rHF8TsYmOTADU69%2B%2B%2Fol8yLJTHHQhvr%2Bf5O5wjhPZDddaEMD1lhgrNFX59TpZvCV9M4rSDCIHqoFDFRnsCphC6IUw%3D%22%7D&prevSearchId=1765686709859674781&loginPromo=1
786,"Khách sạn phối màu nhìn mát mẻ, hiện đại. Hồ bơi ngoài trời. Buffet sáng phục vụ còn chậm, tuy đã đến giờ mở nhưng còn nhiều món vẫn chưa được bày lên. Phòng rộng rãi, sạch sẽ! Có điều mình không thích là tuy đã thanh toán trên app nhưng khi check-in vẫn phải cọc 1tr/đêm (có hoàn lại).",SOL by Melia Phu Quoc,https://www.traveloka.com/en-vn/hotel/detail?spec=13-05-2023.14-05-2023.1.1.HOTEL.1000000626112.SOL%20by%20Melia%20Phu%20Quoc.1&contexts=%7B%22inventoryRateKey%22%3A%22povEwB3ZzsU2C6pd%2B6MdU13LUNuufACdbU0usK5vg0dM0tKsNUio4Rxug1zOzHJilcvZa8YdqqIySdppe7dolTIewZlxfjiOGz6oXLTucMvN0%2BgQ3yZPvZcoHwUFNN%2BZpcr%2F%2FNa8o9ElfN8zOYhzzZeg0X586laFpeUViPi9rxBmwBdHcCHNVGYbHYVgpznVIvEWeildVo7nbHxIWcXPVNGysXwP9P%2F6jQTjnyKeTv%2ByqYmxSenRKFEfSHS0XO3kZfZPEEhT4qTyZ4NnGlioFk6ay4RXlsebEjOdYqJCyZZxlxUTHNffO2l8jiZZrGWd1F5yTZNH82d3Ski2hEsRD2fxa3MY%2Bk28ILHsNwZ6G%2FNGOtaiV%2Bgh4YG%2FkiP9POwHR1hgSE9JVGuYmbD4FB8l0LkkIBHgoTM4X0fNS81%2BA6f4zV6DxmQzI9dGh%2BP9eA6j%2B%2BfNqDfMsi4qyKjapz8T4qQ%2BjgAtJSRmIL7WdsmYhVjSQb5voiknUxgKT%2Fom%2FJJYAUyxf%2BoM7B5yfJewzeVoU2%2FtVYQKI1lMuX%2BRaPNcBUAvSnVpp3982X8ufymNCG%2Bvqv3rBuUa%2BDAlSlNPC7rHF8TsYmOTADU69%2B%2B%2Fol8yLJTHHQhvr%2Bf5O5wjhPZDddaEMD1lhgrNFX59TpZvCV9M4rSDCIHqoFDFRnsCphC6IUw%3D%22%7D&prevSearchId=1765686709859674781&loginPromo=1
787,,SOL by Melia Phu Quoc,https://www.traveloka.com/en-vn/hotel/detail?spec=13-05-2023.14-05-2023.1.1.HOTEL.1000000626112.SOL%20by%20Melia%20Phu%20Quoc.1&contexts=%7B%22inventoryRateKey%22%3A%22povEwB3ZzsU2C6pd%2B6MdU13LUNuufACdbU0usK5vg0dM0tKsNUio4Rxug1zOzHJilcvZa8YdqqIySdppe7dolTIewZlxfjiOGz6oXLTucMvN0%2BgQ3yZPvZcoHwUFNN%2BZpcr%2F%2FNa8o9ElfN8zOYhzzZeg0X586laFpeUViPi9rxBmwBdHcCHNVGYbHYVgpznVIvEWeildVo7nbHxIWcXPVNGysXwP9P%2F6jQTjnyKeTv%2ByqYmxSenRKFEfSHS0XO3kZfZPEEhT4qTyZ4NnGlioFk6ay4RXlsebEjOdYqJCyZZxlxUTHNffO2l8jiZZrGWd1F5yTZNH82d3Ski2hEsRD2fxa3MY%2Bk28ILHsNwZ6G%2FNGOtaiV%2Bgh4YG%2FkiP9POwHR1hgSE9JVGuYmbD4FB8l0LkkIBHgoTM4X0fNS81%2BA6f4zV6DxmQzI9dGh%2BP9eA6j%2B%2BfNqDfMsi4qyKjapz8T4qQ%2BjgAtJSRmIL7WdsmYhVjSQb5voiknUxgKT%2Fom%2FJJYAUyxf%2BoM7B5yfJewzeVoU2%2FtVYQKI1lMuX%2BRaPNcBUAvSnVpp3982X8ufymNCG%2Bvqv3rBuUa%2BDAlSlNPC7rHF8TsYmOTADU69%2B%2B%2Fol8yLJTHHQhvr%2Bf5O5wjhPZDddaEMD1lhgrNFX59TpZvCV9M4rSDCIHqoFDFRnsCphC6IUw%3D%22%7D&prevSearchId=1765686709859674781&loginPromo=1
788,,SOL by Melia Phu Quoc,https://www.traveloka.com/en-vn/hotel/detail?spec=13-05-2023.14-05-2023.1.1.HOTEL.1000000626112.SOL%20by%20Melia%20Phu%20Quoc.1&contexts=%7B%22inventoryRateKey%22%3A%22povEwB3ZzsU2C6pd%2B6MdU13LUNuufACdbU0usK5vg0dM0tKsNUio4Rxug1zOzHJilcvZa8YdqqIySdppe7dolTIewZlxfjiOGz6oXLTucMvN0%2BgQ3yZPvZcoHwUFNN%2BZpcr%2F%2FNa8o9ElfN8zOYhzzZeg0X586laFpeUViPi9rxBmwBdHcCHNVGYbHYVgpznVIvEWeildVo7nbHxIWcXPVNGysXwP9P%2F6jQTjnyKeTv%2ByqYmxSenRKFEfSHS0XO3kZfZPEEhT4qTyZ4NnGlioFk6ay4RXlsebEjOdYqJCyZZxlxUTHNffO2l8jiZZrGWd1F5yTZNH82d3Ski2hEsRD2fxa3MY%2Bk28ILHsNwZ6G%2FNGOtaiV%2Bgh4YG%2FkiP9POwHR1hgSE9JVGuYmbD4FB8l0LkkIBHgoTM4X0fNS81%2BA6f4zV6DxmQzI9dGh%2BP9eA6j%2B%2BfNqDfMsi4qyKjapz8T4qQ%2BjgAtJSRmIL7WdsmYhVjSQb5voiknUxgKT%2Fom%2FJJYAUyxf%2BoM7B5yfJewzeVoU2%2FtVYQKI1lMuX%2BRaPNcBUAvSnVpp3982X8ufymNCG%2Bvqv3rBuUa%2BDAlSlNPC7rHF8TsYmOTADU69%2B%2B%2Fol8yLJTHHQhvr%2Bf5O5wjhPZDddaEMD1lhgrNFX59TpZvCV9M4rSDCIHqoFDFRnsCphC6IUw%3D%22%7D&prevSearchId=1765686709859674781&loginPromo=1
789,"Khách sạn tuyệt vời, dịch vụ tốt, nhân viên nhiệt tình, phòng sạch sẽ",SOL by Melia Phu Quoc,https://www.traveloka.com/en-vn/hotel/detail?spec=13-05-2023.14-05-2023.1.1.HOTEL.1000000626112.SOL%20by%20Melia%20Phu%20Quoc.1&contexts=%7B%22inventoryRateKey%22%3A%22povEwB3ZzsU2C6pd%2B6MdU13LUNuufACdbU0usK5vg0dM0tKsNUio4Rxug1zOzHJilcvZa8YdqqIySdppe7dolTIewZlxfjiOGz6oXLTucMvN0%2BgQ3yZPvZcoHwUFNN%2BZpcr%2F%2FNa8o9ElfN8zOYhzzZeg0X586laFpeUViPi9rxBmwBdHcCHNVGYbHYVgpznVIvEWeildVo7nbHxIWcXPVNGysXwP9P%2F6jQTjnyKeTv%2ByqYmxSenRKFEfSHS0XO3kZfZPEEhT4qTyZ4NnGlioFk6ay4RXlsebEjOdYqJCyZZxlxUTHNffO2l8jiZZrGWd1F5yTZNH82d3Ski2hEsRD2fxa3MY%2Bk28ILHsNwZ6G%2FNGOtaiV%2Bgh4YG%2FkiP9POwHR1hgSE9JVGuYmbD4FB8l0LkkIBHgoTM4X0fNS81%2BA6f4zV6DxmQzI9dGh%2BP9eA6j%2B%2BfNqDfMsi4qyKjapz8T4qQ%2BjgAtJSRmIL7WdsmYhVjSQb5voiknUxgKT%2Fom%2FJJYAUyxf%2BoM7B5yfJewzeVoU2%2FtVYQKI1lMuX%2BRaPNcBUAvSnVpp3982X8ufymNCG%2Bvqv3rBuUa%2BDAlSlNPC7rHF8TsYmOTADU69%2B%2B%2Fol8yLJTHHQhvr%2Bf5O5wjhPZDddaEMD1lhgrNFX59TpZvCV9M4rSDCIHqoFDFRnsCphC6IUw%3D%22%7D&prevSearchId=1765686709859674781&loginPromo=1
790,"Tất cả nhân viên đều rất nhiệt tình và thân thiện, có bus đưa đón miễn phí từ sân bay và thị trấn đi về khách sạn theo khung giờ, hồ bơi lớn và sạch.",SOL by Melia Phu Quoc,https://www.traveloka.com/en-vn/hotel/detail?spec=13-05-2023.14-05-2023.1.1.HOTEL.1000000626112.SOL%20by%20Melia%20Phu%20Quoc.1&contexts=%7B%22inventoryRateKey%22%3A%22povEwB3ZzsU2C6pd%2B6MdU13LUNuufACdbU0usK5vg0dM0tKsNUio4Rxug1zOzHJilcvZa8YdqqIySdppe7dolTIewZlxfjiOGz6oXLTucMvN0%2BgQ3yZPvZcoHwUFNN%2BZpcr%2F%2FNa8o9ElfN8zOYhzzZeg0X586laFpeUViPi9rxBmwBdHcCHNVGYbHYVgpznVIvEWeildVo7nbHxIWcXPVNGysXwP9P%2F6jQTjnyKeTv%2ByqYmxSenRKFEfSHS0XO3kZfZPEEhT4qTyZ4NnGlioFk6ay4RXlsebEjOdYqJCyZZxlxUTHNffO2l8jiZZrGWd1F5yTZNH82d3Ski2hEsRD2fxa3MY%2Bk28ILHsNwZ6G%2FNGOtaiV%2Bgh4YG%2FkiP9POwHR1hgSE9JVGuYmbD4FB8l0LkkIBHgoTM4X0fNS81%2BA6f4zV6DxmQzI9dGh%2BP9eA6j%2B%2BfNqDfMsi4qyKjapz8T4qQ%2BjgAtJSRmIL7WdsmYhVjSQb5voiknUxgKT%2Fom%2FJJYAUyxf%2BoM7B5yfJewzeVoU2%2FtVYQKI1lMuX%2BRaPNcBUAvSnVpp3982X8ufymNCG%2Bvqv3rBuUa%2BDAlSlNPC7rHF8TsYmOTADU69%2B%2B%2Fol8yLJTHHQhvr%2Bf5O5wjhPZDddaEMD1lhgrNFX59TpZvCV9M4rSDCIHqoFDFRnsCphC6IUw%3D%22%7D&prevSearchId=1765686709859674781&loginPromo=1
791,"Người thân của tôi đã có một kì nghỉ mát khá tuyệt tại Sol Beach House PQ. Phòng sạch, tiện nghi và hướng phòng rất đẹp. Chỉ có thái độ nhân viên hơi kém xíu, cần cải thiện hơn, nhiệt tình hơn và nhạy bén hơn nữa là tuyệt vời.",SOL by Melia Phu Quoc,https://www.traveloka.com/en-vn/hotel/detail?spec=13-05-2023.14-05-2023.1.1.HOTEL.1000000626112.SOL%20by%20Melia%20Phu%20Quoc.1&contexts=%7B%22inventoryRateKey%22%3A%22povEwB3ZzsU2C6pd%2B6MdU13LUNuufACdbU0usK5vg0dM0tKsNUio4Rxug1zOzHJilcvZa8YdqqIySdppe7dolTIewZlxfjiOGz6oXLTucMvN0%2BgQ3yZPvZcoHwUFNN%2BZpcr%2F%2FNa8o9ElfN8zOYhzzZeg0X586laFpeUViPi9rxBmwBdHcCHNVGYbHYVgpznVIvEWeildVo7nbHxIWcXPVNGysXwP9P%2F6jQTjnyKeTv%2ByqYmxSenRKFEfSHS0XO3kZfZPEEhT4qTyZ4NnGlioFk6ay4RXlsebEjOdYqJCyZZxlxUTHNffO2l8jiZZrGWd1F5yTZNH82d3Ski2hEsRD2fxa3MY%2Bk28ILHsNwZ6G%2FNGOtaiV%2Bgh4YG%2FkiP9POwHR1hgSE9JVGuYmbD4FB8l0LkkIBHgoTM4X0fNS81%2BA6f4zV6DxmQzI9dGh%2BP9eA6j%2B%2BfNqDfMsi4qyKjapz8T4qQ%2BjgAtJSRmIL7WdsmYhVjSQb5voiknUxgKT%2Fom%2FJJYAUyxf%2BoM7B5yfJewzeVoU2%2FtVYQKI1lMuX%2BRaPNcBUAvSnVpp3982X8ufymNCG%2Bvqv3rBuUa%2BDAlSlNPC7rHF8TsYmOTADU69%2B%2B%2Fol8yLJTHHQhvr%2Bf5O5wjhPZDddaEMD1lhgrNFX59TpZvCV9M4rSDCIHqoFDFRnsCphC6IUw%3D%22%7D&prevSearchId=1765686709859674781&loginPromo=1
792,"Phòng đẹp, view hướng hồ bơi, check in hồ bơi đẹp nha.",SOL by Melia Phu Quoc,https://www.traveloka.com/en-vn/hotel/detail?spec=13-05-2023.14-05-2023.1.1.HOTEL.1000000626112.SOL%20by%20Melia%20Phu%20Quoc.1&contexts=%7B%22inventoryRateKey%22%3A%22povEwB3ZzsU2C6pd%2B6MdU13LUNuufACdbU0usK5vg0dM0tKsNUio4Rxug1zOzHJilcvZa8YdqqIySdppe7dolTIewZlxfjiOGz6oXLTucMvN0%2BgQ3yZPvZcoHwUFNN%2BZpcr%2F%2FNa8o9ElfN8zOYhzzZeg0X586laFpeUViPi9rxBmwBdHcCHNVGYbHYVgpznVIvEWeildVo7nbHxIWcXPVNGysXwP9P%2F6jQTjnyKeTv%2ByqYmxSenRKFEfSHS0XO3kZfZPEEhT4qTyZ4NnGlioFk6ay4RXlsebEjOdYqJCyZZxlxUTHNffO2l8jiZZrGWd1F5yTZNH82d3Ski2hEsRD2fxa3MY%2Bk28ILHsNwZ6G%2FNGOtaiV%2Bgh4YG%2FkiP9POwHR1hgSE9JVGuYmbD4FB8l0LkkIBHgoTM4X0fNS81%2BA6f4zV6DxmQzI9dGh%2BP9eA6j%2B%2BfNqDfMsi4qyKjapz8T4qQ%2BjgAtJSRmIL7WdsmYhVjSQb5voiknUxgKT%2Fom%2FJJYAUyxf%2BoM7B5yfJewzeVoU2%2FtVYQKI1lMuX%2BRaPNcBUAvSnVpp3982X8ufymNCG%2Bvqv3rBuUa%2BDAlSlNPC7rHF8TsYmOTADU69%2B%2B%2Fol8yLJTHHQhvr%2Bf5O5wjhPZDddaEMD1lhgrNFX59TpZvCV9M4rSDCIHqoFDFRnsCphC6IUw%3D%22%7D&prevSearchId=1765686709859674781&loginPromo=1
793,"Tất cả nhân viên đều đón tiếp rất nhiệt tình, phòng nào cũng có view biển, hồ bơi rất bự, chuẩn 5 sao!!",SOL by Melia Phu Quoc,https://www.traveloka.com/en-vn/hotel/detail?spec=13-05-2023.14-05-2023.1.1.HOTEL.1000000626112.SOL%20by%20Melia%20Phu%20Quoc.1&contexts=%7B%22inventoryRateKey%22%3A%22povEwB3ZzsU2C6pd%2B6MdU13LUNuufACdbU0usK5vg0dM0tKsNUio4Rxug1zOzHJilcvZa8YdqqIySdppe7dolTIewZlxfjiOGz6oXLTucMvN0%2BgQ3yZPvZcoHwUFNN%2BZpcr%2F%2FNa8o9ElfN8zOYhzzZeg0X586laFpeUViPi9rxBmwBdHcCHNVGYbHYVgpznVIvEWeildVo7nbHxIWcXPVNGysXwP9P%2F6jQTjnyKeTv%2ByqYmxSenRKFEfSHS0XO3kZfZPEEhT4qTyZ4NnGlioFk6ay4RXlsebEjOdYqJCyZZxlxUTHNffO2l8jiZZrGWd1F5yTZNH82d3Ski2hEsRD2fxa3MY%2Bk28ILHsNwZ6G%2FNGOtaiV%2Bgh4YG%2FkiP9POwHR1hgSE9JVGuYmbD4FB8l0LkkIBHgoTM4X0fNS81%2BA6f4zV6DxmQzI9dGh%2BP9eA6j%2B%2BfNqDfMsi4qyKjapz8T4qQ%2BjgAtJSRmIL7WdsmYhVjSQb5voiknUxgKT%2Fom%2FJJYAUyxf%2BoM7B5yfJewzeVoU2%2FtVYQKI1lMuX%2BRaPNcBUAvSnVpp3982X8ufymNCG%2Bvqv3rBuUa%2BDAlSlNPC7rHF8TsYmOTADU69%2B%2B%2Fol8yLJTHHQhvr%2Bf5O5wjhPZDddaEMD1lhgrNFX59TpZvCV9M4rSDCIHqoFDFRnsCphC6IUw%3D%22%7D&prevSearchId=1765686709859674781&loginPromo=1
794,"phòng rỗng rãi, sạch sẽ, view đẹp. minh rất hài lòng về cách phục vụ của nhân viên. cảm ơn sol beach house phu quoc cho minh 1 ki nghi that tuyet voi. nếu có dip mình sẽ quay lai khách sạn",SOL by Melia Phu Quoc,https://www.traveloka.com/en-vn/hotel/detail?spec=13-05-2023.14-05-2023.1.1.HOTEL.1000000626112.SOL%20by%20Melia%20Phu%20Quoc.1&contexts=%7B%22inventoryRateKey%22%3A%22povEwB3ZzsU2C6pd%2B6MdU13LUNuufACdbU0usK5vg0dM0tKsNUio4Rxug1zOzHJilcvZa8YdqqIySdppe7dolTIewZlxfjiOGz6oXLTucMvN0%2BgQ3yZPvZcoHwUFNN%2BZpcr%2F%2FNa8o9ElfN8zOYhzzZeg0X586laFpeUViPi9rxBmwBdHcCHNVGYbHYVgpznVIvEWeildVo7nbHxIWcXPVNGysXwP9P%2F6jQTjnyKeTv%2ByqYmxSenRKFEfSHS0XO3kZfZPEEhT4qTyZ4NnGlioFk6ay4RXlsebEjOdYqJCyZZxlxUTHNffO2l8jiZZrGWd1F5yTZNH82d3Ski2hEsRD2fxa3MY%2Bk28ILHsNwZ6G%2FNGOtaiV%2Bgh4YG%2FkiP9POwHR1hgSE9JVGuYmbD4FB8l0LkkIBHgoTM4X0fNS81%2BA6f4zV6DxmQzI9dGh%2BP9eA6j%2B%2BfNqDfMsi4qyKjapz8T4qQ%2BjgAtJSRmIL7WdsmYhVjSQb5voiknUxgKT%2Fom%2FJJYAUyxf%2BoM7B5yfJewzeVoU2%2FtVYQKI1lMuX%2BRaPNcBUAvSnVpp3982X8ufymNCG%2Bvqv3rBuUa%2BDAlSlNPC7rHF8TsYmOTADU69%2B%2B%2Fol8yLJTHHQhvr%2Bf5O5wjhPZDddaEMD1lhgrNFX59TpZvCV9M4rSDCIHqoFDFRnsCphC6IUw%3D%22%7D&prevSearchId=1765686709859674781&loginPromo=1
795,Phòng ốc okie chỉ có thái độ nhân viên và mức độ chuyên nghiệp cần được cải thiện.,SOL by Melia Phu Quoc,https://www.traveloka.com/en-vn/hotel/detail?spec=13-05-2023.14-05-2023.1.1.HOTEL.1000000626112.SOL%20by%20Melia%20Phu%20Quoc.1&contexts=%7B%22inventoryRateKey%22%3A%22povEwB3ZzsU2C6pd%2B6MdU13LUNuufACdbU0usK5vg0dM0tKsNUio4Rxug1zOzHJilcvZa8YdqqIySdppe7dolTIewZlxfjiOGz6oXLTucMvN0%2BgQ3yZPvZcoHwUFNN%2BZpcr%2F%2FNa8o9ElfN8zOYhzzZeg0X586laFpeUViPi9rxBmwBdHcCHNVGYbHYVgpznVIvEWeildVo7nbHxIWcXPVNGysXwP9P%2F6jQTjnyKeTv%2ByqYmxSenRKFEfSHS0XO3kZfZPEEhT4qTyZ4NnGlioFk6ay4RXlsebEjOdYqJCyZZxlxUTHNffO2l8jiZZrGWd1F5yTZNH82d3Ski2hEsRD2fxa3MY%2Bk28ILHsNwZ6G%2FNGOtaiV%2Bgh4YG%2FkiP9POwHR1hgSE9JVGuYmbD4FB8l0LkkIBHgoTM4X0fNS81%2BA6f4zV6DxmQzI9dGh%2BP9eA6j%2B%2BfNqDfMsi4qyKjapz8T4qQ%2BjgAtJSRmIL7WdsmYhVjSQb5voiknUxgKT%2Fom%2FJJYAUyxf%2BoM7B5yfJewzeVoU2%2FtVYQKI1lMuX%2BRaPNcBUAvSnVpp3982X8ufymNCG%2Bvqv3rBuUa%2BDAlSlNPC7rHF8TsYmOTADU69%2B%2B%2Fol8yLJTHHQhvr%2Bf5O5wjhPZDddaEMD1lhgrNFX59TpZvCV9M4rSDCIHqoFDFRnsCphC6IUw%3D%22%7D&prevSearchId=1765686709859674781&loginPromo=1
796,"Khách sạn đẹp như trong hình- sạch sẽ-thoáng mát- hồ bôi sạch- đẹp, sân vườn cũng sạch đẹp luôn..Nhân viên nhiệt tình chu đáo. Tuy nhiên ở hơi xa trung tâm nên hơi bất tiện, các món ăn trưa tối giá cũng khá cao..Nhưng mình vẫn rất thích Sol😘😘",SOL by Melia Phu Quoc,https://www.traveloka.com/en-vn/hotel/detail?spec=13-05-2023.14-05-2023.1.1.HOTEL.1000000626112.SOL%20by%20Melia%20Phu%20Quoc.1&contexts=%7B%22inventoryRateKey%22%3A%22povEwB3ZzsU2C6pd%2B6MdU13LUNuufACdbU0usK5vg0dM0tKsNUio4Rxug1zOzHJilcvZa8YdqqIySdppe7dolTIewZlxfjiOGz6oXLTucMvN0%2BgQ3yZPvZcoHwUFNN%2BZpcr%2F%2FNa8o9ElfN8zOYhzzZeg0X586laFpeUViPi9rxBmwBdHcCHNVGYbHYVgpznVIvEWeildVo7nbHxIWcXPVNGysXwP9P%2F6jQTjnyKeTv%2ByqYmxSenRKFEfSHS0XO3kZfZPEEhT4qTyZ4NnGlioFk6ay4RXlsebEjOdYqJCyZZxlxUTHNffO2l8jiZZrGWd1F5yTZNH82d3Ski2hEsRD2fxa3MY%2Bk28ILHsNwZ6G%2FNGOtaiV%2Bgh4YG%2FkiP9POwHR1hgSE9JVGuYmbD4FB8l0LkkIBHgoTM4X0fNS81%2BA6f4zV6DxmQzI9dGh%2BP9eA6j%2B%2BfNqDfMsi4qyKjapz8T4qQ%2BjgAtJSRmIL7WdsmYhVjSQb5voiknUxgKT%2Fom%2FJJYAUyxf%2BoM7B5yfJewzeVoU2%2FtVYQKI1lMuX%2BRaPNcBUAvSnVpp3982X8ufymNCG%2Bvqv3rBuUa%2BDAlSlNPC7rHF8TsYmOTADU69%2B%2B%2Fol8yLJTHHQhvr%2Bf5O5wjhPZDddaEMD1lhgrNFX59TpZvCV9M4rSDCIHqoFDFRnsCphC6IUw%3D%22%7D&prevSearchId=1765686709859674781&loginPromo=1
797,"Dịch vụ đưa đón không tốt, không đón khách nếu khách k đi chiều đi của shutter bus",SOL by Melia Phu Quoc,https://www.traveloka.com/en-vn/hotel/detail?spec=13-05-2023.14-05-2023.1.1.HOTEL.1000000626112.SOL%20by%20Melia%20Phu%20Quoc.1&contexts=%7B%22inventoryRateKey%22%3A%22povEwB3ZzsU2C6pd%2B6MdU13LUNuufACdbU0usK5vg0dM0tKsNUio4Rxug1zOzHJilcvZa8YdqqIySdppe7dolTIewZlxfjiOGz6oXLTucMvN0%2BgQ3yZPvZcoHwUFNN%2BZpcr%2F%2FNa8o9ElfN8zOYhzzZeg0X586laFpeUViPi9rxBmwBdHcCHNVGYbHYVgpznVIvEWeildVo7nbHxIWcXPVNGysXwP9P%2F6jQTjnyKeTv%2ByqYmxSenRKFEfSHS0XO3kZfZPEEhT4qTyZ4NnGlioFk6ay4RXlsebEjOdYqJCyZZxlxUTHNffO2l8jiZZrGWd1F5yTZNH82d3Ski2hEsRD2fxa3MY%2Bk28ILHsNwZ6G%2FNGOtaiV%2Bgh4YG%2FkiP9POwHR1hgSE9JVGuYmbD4FB8l0LkkIBHgoTM4X0fNS81%2BA6f4zV6DxmQzI9dGh%2BP9eA6j%2B%2BfNqDfMsi4qyKjapz8T4qQ%2BjgAtJSRmIL7WdsmYhVjSQb5voiknUxgKT%2Fom%2FJJYAUyxf%2BoM7B5yfJewzeVoU2%2FtVYQKI1lMuX%2BRaPNcBUAvSnVpp3982X8ufymNCG%2Bvqv3rBuUa%2BDAlSlNPC7rHF8TsYmOTADU69%2B%2B%2Fol8yLJTHHQhvr%2Bf5O5wjhPZDddaEMD1lhgrNFX59TpZvCV9M4rSDCIHqoFDFRnsCphC6IUw%3D%22%7D&prevSearchId=1765686709859674781&loginPromo=1
798,"Mình rất thích view của khách sạn, đẹp và xanh mát. Tiếc là đi vào ngày thời tiết xấu nên không thể tận hưởng hết được. Các bạn nhân viên rất nhanh nhẹn và friendly. Nhất định sẽ quay lại khi có dịp du lịch Phú Quốc lần sau.",SOL by Melia Phu Quoc,https://www.traveloka.com/en-vn/hotel/detail?spec=13-05-2023.14-05-2023.1.1.HOTEL.1000000626112.SOL%20by%20Melia%20Phu%20Quoc.1&contexts=%7B%22inventoryRateKey%22%3A%22povEwB3ZzsU2C6pd%2B6MdU13LUNuufACdbU0usK5vg0dM0tKsNUio4Rxug1zOzHJilcvZa8YdqqIySdppe7dolTIewZlxfjiOGz6oXLTucMvN0%2BgQ3yZPvZcoHwUFNN%2BZpcr%2F%2FNa8o9ElfN8zOYhzzZeg0X586laFpeUViPi9rxBmwBdHcCHNVGYbHYVgpznVIvEWeildVo7nbHxIWcXPVNGysXwP9P%2F6jQTjnyKeTv%2ByqYmxSenRKFEfSHS0XO3kZfZPEEhT4qTyZ4NnGlioFk6ay4RXlsebEjOdYqJCyZZxlxUTHNffO2l8jiZZrGWd1F5yTZNH82d3Ski2hEsRD2fxa3MY%2Bk28ILHsNwZ6G%2FNGOtaiV%2Bgh4YG%2FkiP9POwHR1hgSE9JVGuYmbD4FB8l0LkkIBHgoTM4X0fNS81%2BA6f4zV6DxmQzI9dGh%2BP9eA6j%2B%2BfNqDfMsi4qyKjapz8T4qQ%2BjgAtJSRmIL7WdsmYhVjSQb5voiknUxgKT%2Fom%2FJJYAUyxf%2BoM7B5yfJewzeVoU2%2FtVYQKI1lMuX%2BRaPNcBUAvSnVpp3982X8ufymNCG%2Bvqv3rBuUa%2BDAlSlNPC7rHF8TsYmOTADU69%2B%2B%2Fol8yLJTHHQhvr%2Bf5O5wjhPZDddaEMD1lhgrNFX59TpZvCV9M4rSDCIHqoFDFRnsCphC6IUw%3D%22%7D&prevSearchId=1765686709859674781&loginPromo=1
799,,SOL by Melia Phu Quoc,https://www.traveloka.com/en-vn/hotel/detail?spec=13-05-2023.14-05-2023.1.1.HOTEL.1000000626112.SOL%20by%20Melia%20Phu%20Quoc.1&contexts=%7B%22inventoryRateKey%22%3A%22povEwB3ZzsU2C6pd%2B6MdU13LUNuufACdbU0usK5vg0dM0tKsNUio4Rxug1zOzHJilcvZa8YdqqIySdppe7dolTIewZlxfjiOGz6oXLTucMvN0%2BgQ3yZPvZcoHwUFNN%2BZpcr%2F%2FNa8o9ElfN8zOYhzzZeg0X586laFpeUViPi9rxBmwBdHcCHNVGYbHYVgpznVIvEWeildVo7nbHxIWcXPVNGysXwP9P%2F6jQTjnyKeTv%2ByqYmxSenRKFEfSHS0XO3kZfZPEEhT4qTyZ4NnGlioFk6ay4RXlsebEjOdYqJCyZZxlxUTHNffO2l8jiZZrGWd1F5yTZNH82d3Ski2hEsRD2fxa3MY%2Bk28ILHsNwZ6G%2FNGOtaiV%2Bgh4YG%2FkiP9POwHR1hgSE9JVGuYmbD4FB8l0LkkIBHgoTM4X0fNS81%2BA6f4zV6DxmQzI9dGh%2BP9eA6j%2B%2BfNqDfMsi4qyKjapz8T4qQ%2BjgAtJSRmIL7WdsmYhVjSQb5voiknUxgKT%2Fom%2FJJYAUyxf%2BoM7B5yfJewzeVoU2%2FtVYQKI1lMuX%2BRaPNcBUAvSnVpp3982X8ufymNCG%2Bvqv3rBuUa%2BDAlSlNPC7rHF8TsYmOTADU69%2B%2B%2Fol8yLJTHHQhvr%2Bf5O5wjhPZDddaEMD1lhgrNFX59TpZvCV9M4rSDCIHqoFDFRnsCphC6IUw%3D%22%7D&prevSearchId=1765686709859674781&loginPromo=1
800,Buffet sáng nhiều món nhưng rất èo ọt!,SOL by Melia Phu Quoc,https://www.traveloka.com/en-vn/hotel/detail?spec=13-05-2023.14-05-2023.1.1.HOTEL.1000000626112.SOL%20by%20Melia%20Phu%20Quoc.1&contexts=%7B%22inventoryRateKey%22%3A%22povEwB3ZzsU2C6pd%2B6MdU13LUNuufACdbU0usK5vg0dM0tKsNUio4Rxug1zOzHJilcvZa8YdqqIySdppe7dolTIewZlxfjiOGz6oXLTucMvN0%2BgQ3yZPvZcoHwUFNN%2BZpcr%2F%2FNa8o9ElfN8zOYhzzZeg0X586laFpeUViPi9rxBmwBdHcCHNVGYbHYVgpznVIvEWeildVo7nbHxIWcXPVNGysXwP9P%2F6jQTjnyKeTv%2ByqYmxSenRKFEfSHS0XO3kZfZPEEhT4qTyZ4NnGlioFk6ay4RXlsebEjOdYqJCyZZxlxUTHNffO2l8jiZZrGWd1F5yTZNH82d3Ski2hEsRD2fxa3MY%2Bk28ILHsNwZ6G%2FNGOtaiV%2Bgh4YG%2FkiP9POwHR1hgSE9JVGuYmbD4FB8l0LkkIBHgoTM4X0fNS81%2BA6f4zV6DxmQzI9dGh%2BP9eA6j%2B%2BfNqDfMsi4qyKjapz8T4qQ%2BjgAtJSRmIL7WdsmYhVjSQb5voiknUxgKT%2Fom%2FJJYAUyxf%2BoM7B5yfJewzeVoU2%2FtVYQKI1lMuX%2BRaPNcBUAvSnVpp3982X8ufymNCG%2Bvqv3rBuUa%2BDAlSlNPC7rHF8TsYmOTADU69%2B%2B%2Fol8yLJTHHQhvr%2Bf5O5wjhPZDddaEMD1lhgrNFX59TpZvCV9M4rSDCIHqoFDFRnsCphC6IUw%3D%22%7D&prevSearchId=1765686709859674781&loginPromo=1
801,,SOL by Melia Phu Quoc,https://www.traveloka.com/en-vn/hotel/detail?spec=13-05-2023.14-05-2023.1.1.HOTEL.1000000626112.SOL%20by%20Melia%20Phu%20Quoc.1&contexts=%7B%22inventoryRateKey%22%3A%22povEwB3ZzsU2C6pd%2B6MdU13LUNuufACdbU0usK5vg0dM0tKsNUio4Rxug1zOzHJilcvZa8YdqqIySdppe7dolTIewZlxfjiOGz6oXLTucMvN0%2BgQ3yZPvZcoHwUFNN%2BZpcr%2F%2FNa8o9ElfN8zOYhzzZeg0X586laFpeUViPi9rxBmwBdHcCHNVGYbHYVgpznVIvEWeildVo7nbHxIWcXPVNGysXwP9P%2F6jQTjnyKeTv%2ByqYmxSenRKFEfSHS0XO3kZfZPEEhT4qTyZ4NnGlioFk6ay4RXlsebEjOdYqJCyZZxlxUTHNffO2l8jiZZrGWd1F5yTZNH82d3Ski2hEsRD2fxa3MY%2Bk28ILHsNwZ6G%2FNGOtaiV%2Bgh4YG%2FkiP9POwHR1hgSE9JVGuYmbD4FB8l0LkkIBHgoTM4X0fNS81%2BA6f4zV6DxmQzI9dGh%2BP9eA6j%2B%2BfNqDfMsi4qyKjapz8T4qQ%2BjgAtJSRmIL7WdsmYhVjSQb5voiknUxgKT%2Fom%2FJJYAUyxf%2BoM7B5yfJewzeVoU2%2FtVYQKI1lMuX%2BRaPNcBUAvSnVpp3982X8ufymNCG%2Bvqv3rBuUa%2BDAlSlNPC7rHF8TsYmOTADU69%2B%2B%2Fol8yLJTHHQhvr%2Bf5O5wjhPZDddaEMD1lhgrNFX59TpZvCV9M4rSDCIHqoFDFRnsCphC6IUw%3D%22%7D&prevSearchId=1765686709859674781&loginPromo=1
802,vấn đề đầy. ăn thì có mà dụng cụ ăn không có. bàn trống có mà không ai dẹp. đặt xe buýt thi bi bo lai. nhan viên nhà hàng thái độ tệ....,SOL by Melia Phu Quoc,https://www.traveloka.com/en-vn/hotel/detail?spec=13-05-2023.14-05-2023.1.1.HOTEL.1000000626112.SOL%20by%20Melia%20Phu%20Quoc.1&contexts=%7B%22inventoryRateKey%22%3A%22povEwB3ZzsU2C6pd%2B6MdU13LUNuufACdbU0usK5vg0dM0tKsNUio4Rxug1zOzHJilcvZa8YdqqIySdppe7dolTIewZlxfjiOGz6oXLTucMvN0%2BgQ3yZPvZcoHwUFNN%2BZpcr%2F%2FNa8o9ElfN8zOYhzzZeg0X586laFpeUViPi9rxBmwBdHcCHNVGYbHYVgpznVIvEWeildVo7nbHxIWcXPVNGysXwP9P%2F6jQTjnyKeTv%2ByqYmxSenRKFEfSHS0XO3kZfZPEEhT4qTyZ4NnGlioFk6ay4RXlsebEjOdYqJCyZZxlxUTHNffO2l8jiZZrGWd1F5yTZNH82d3Ski2hEsRD2fxa3MY%2Bk28ILHsNwZ6G%2FNGOtaiV%2Bgh4YG%2FkiP9POwHR1hgSE9JVGuYmbD4FB8l0LkkIBHgoTM4X0fNS81%2BA6f4zV6DxmQzI9dGh%2BP9eA6j%2B%2BfNqDfMsi4qyKjapz8T4qQ%2BjgAtJSRmIL7WdsmYhVjSQb5voiknUxgKT%2Fom%2FJJYAUyxf%2BoM7B5yfJewzeVoU2%2FtVYQKI1lMuX%2BRaPNcBUAvSnVpp3982X8ufymNCG%2Bvqv3rBuUa%2BDAlSlNPC7rHF8TsYmOTADU69%2B%2B%2Fol8yLJTHHQhvr%2Bf5O5wjhPZDddaEMD1lhgrNFX59TpZvCV9M4rSDCIHqoFDFRnsCphC6IUw%3D%22%7D&prevSearchId=1765686709859674781&loginPromo=1
803,"khách sạn đẹp và sạch sẽ, nhân viên nhiệt tình. Hồ bơi và bãi biển rất đẹp. Thực đơn ăn sáng phong phú, ngon miệng. Nếu có dịp đến Phú Quốc gia đình tôi chắc chắn sẽ đến khách sạn Sol Beach",SOL by Melia Phu Quoc,https://www.traveloka.com/en-vn/hotel/detail?spec=13-05-2023.14-05-2023.1.1.HOTEL.1000000626112.SOL%20by%20Melia%20Phu%20Quoc.1&contexts=%7B%22inventoryRateKey%22%3A%22povEwB3ZzsU2C6pd%2B6MdU13LUNuufACdbU0usK5vg0dM0tKsNUio4Rxug1zOzHJilcvZa8YdqqIySdppe7dolTIewZlxfjiOGz6oXLTucMvN0%2BgQ3yZPvZcoHwUFNN%2BZpcr%2F%2FNa8o9ElfN8zOYhzzZeg0X586laFpeUViPi9rxBmwBdHcCHNVGYbHYVgpznVIvEWeildVo7nbHxIWcXPVNGysXwP9P%2F6jQTjnyKeTv%2ByqYmxSenRKFEfSHS0XO3kZfZPEEhT4qTyZ4NnGlioFk6ay4RXlsebEjOdYqJCyZZxlxUTHNffO2l8jiZZrGWd1F5yTZNH82d3Ski2hEsRD2fxa3MY%2Bk28ILHsNwZ6G%2FNGOtaiV%2Bgh4YG%2FkiP9POwHR1hgSE9JVGuYmbD4FB8l0LkkIBHgoTM4X0fNS81%2BA6f4zV6DxmQzI9dGh%2BP9eA6j%2B%2BfNqDfMsi4qyKjapz8T4qQ%2BjgAtJSRmIL7WdsmYhVjSQb5voiknUxgKT%2Fom%2FJJYAUyxf%2BoM7B5yfJewzeVoU2%2FtVYQKI1lMuX%2BRaPNcBUAvSnVpp3982X8ufymNCG%2Bvqv3rBuUa%2BDAlSlNPC7rHF8TsYmOTADU69%2B%2B%2Fol8yLJTHHQhvr%2Bf5O5wjhPZDddaEMD1lhgrNFX59TpZvCV9M4rSDCIHqoFDFRnsCphC6IUw%3D%22%7D&prevSearchId=1765686709859674781&loginPromo=1
804,,SOL by Melia Phu Quoc,https://www.traveloka.com/en-vn/hotel/detail?spec=13-05-2023.14-05-2023.1.1.HOTEL.1000000626112.SOL%20by%20Melia%20Phu%20Quoc.1&contexts=%7B%22inventoryRateKey%22%3A%22povEwB3ZzsU2C6pd%2B6MdU13LUNuufACdbU0usK5vg0dM0tKsNUio4Rxug1zOzHJilcvZa8YdqqIySdppe7dolTIewZlxfjiOGz6oXLTucMvN0%2BgQ3yZPvZcoHwUFNN%2BZpcr%2F%2FNa8o9ElfN8zOYhzzZeg0X586laFpeUViPi9rxBmwBdHcCHNVGYbHYVgpznVIvEWeildVo7nbHxIWcXPVNGysXwP9P%2F6jQTjnyKeTv%2ByqYmxSenRKFEfSHS0XO3kZfZPEEhT4qTyZ4NnGlioFk6ay4RXlsebEjOdYqJCyZZxlxUTHNffO2l8jiZZrGWd1F5yTZNH82d3Ski2hEsRD2fxa3MY%2Bk28ILHsNwZ6G%2FNGOtaiV%2Bgh4YG%2FkiP9POwHR1hgSE9JVGuYmbD4FB8l0LkkIBHgoTM4X0fNS81%2BA6f4zV6DxmQzI9dGh%2BP9eA6j%2B%2BfNqDfMsi4qyKjapz8T4qQ%2BjgAtJSRmIL7WdsmYhVjSQb5voiknUxgKT%2Fom%2FJJYAUyxf%2BoM7B5yfJewzeVoU2%2FtVYQKI1lMuX%2BRaPNcBUAvSnVpp3982X8ufymNCG%2Bvqv3rBuUa%2BDAlSlNPC7rHF8TsYmOTADU69%2B%2B%2Fol8yLJTHHQhvr%2Bf5O5wjhPZDddaEMD1lhgrNFX59TpZvCV9M4rSDCIHqoFDFRnsCphC6IUw%3D%22%7D&prevSearchId=1765686709859674781&loginPromo=1
805,"_ Điểm cộng của khách sạn: sạch sẽ, mọi nhân viên trong kháchsạn đều thân thiện, có những ưu đãi cho khách hàng khi sử dụng các dịch vụ tại khách sạn, hồ bơi đẹp. _ Điểm trừ: do khách sạn ở xa nhưng lại ít xe đưa vào trung tâm, ăn sáng không đa dạng lắm (mình ở 3 ngày ăn sáng vẫn giống y nên hơi ngán), biển khu vực này vào tháng 7 mình ở nhiều sóng nên không trong xanh và không tắm biển được. Nhưng gia đình mình vẫn rất hài lòng về chuyến nghỉ dưỡng này. cảm ơn Sol beach.",SOL by Melia Phu Quoc,https://www.traveloka.com/en-vn/hotel/detail?spec=13-05-2023.14-05-2023.1.1.HOTEL.1000000626112.SOL%20by%20Melia%20Phu%20Quoc.1&contexts=%7B%22inventoryRateKey%22%3A%22povEwB3ZzsU2C6pd%2B6MdU13LUNuufACdbU0usK5vg0dM0tKsNUio4Rxug1zOzHJilcvZa8YdqqIySdppe7dolTIewZlxfjiOGz6oXLTucMvN0%2BgQ3yZPvZcoHwUFNN%2BZpcr%2F%2FNa8o9ElfN8zOYhzzZeg0X586laFpeUViPi9rxBmwBdHcCHNVGYbHYVgpznVIvEWeildVo7nbHxIWcXPVNGysXwP9P%2F6jQTjnyKeTv%2ByqYmxSenRKFEfSHS0XO3kZfZPEEhT4qTyZ4NnGlioFk6ay4RXlsebEjOdYqJCyZZxlxUTHNffO2l8jiZZrGWd1F5yTZNH82d3Ski2hEsRD2fxa3MY%2Bk28ILHsNwZ6G%2FNGOtaiV%2Bgh4YG%2FkiP9POwHR1hgSE9JVGuYmbD4FB8l0LkkIBHgoTM4X0fNS81%2BA6f4zV6DxmQzI9dGh%2BP9eA6j%2B%2BfNqDfMsi4qyKjapz8T4qQ%2BjgAtJSRmIL7WdsmYhVjSQb5voiknUxgKT%2Fom%2FJJYAUyxf%2BoM7B5yfJewzeVoU2%2FtVYQKI1lMuX%2BRaPNcBUAvSnVpp3982X8ufymNCG%2Bvqv3rBuUa%2BDAlSlNPC7rHF8TsYmOTADU69%2B%2B%2Fol8yLJTHHQhvr%2Bf5O5wjhPZDddaEMD1lhgrNFX59TpZvCV9M4rSDCIHqoFDFRnsCphC6IUw%3D%22%7D&prevSearchId=1765686709859674781&loginPromo=1
806,Nếu có cơ hội quay lại phú quốc mình sẽ vẫn tiếp tục chọn sol vì view khách sạn siêu đẹp mà thái độ nhân viên thân thiện ghê 😍😍😍,SOL by Melia Phu Quoc,https://www.traveloka.com/en-vn/hotel/detail?spec=13-05-2023.14-05-2023.1.1.HOTEL.1000000626112.SOL%20by%20Melia%20Phu%20Quoc.1&contexts=%7B%22inventoryRateKey%22%3A%22povEwB3ZzsU2C6pd%2B6MdU13LUNuufACdbU0usK5vg0dM0tKsNUio4Rxug1zOzHJilcvZa8YdqqIySdppe7dolTIewZlxfjiOGz6oXLTucMvN0%2BgQ3yZPvZcoHwUFNN%2BZpcr%2F%2FNa8o9ElfN8zOYhzzZeg0X586laFpeUViPi9rxBmwBdHcCHNVGYbHYVgpznVIvEWeildVo7nbHxIWcXPVNGysXwP9P%2F6jQTjnyKeTv%2ByqYmxSenRKFEfSHS0XO3kZfZPEEhT4qTyZ4NnGlioFk6ay4RXlsebEjOdYqJCyZZxlxUTHNffO2l8jiZZrGWd1F5yTZNH82d3Ski2hEsRD2fxa3MY%2Bk28ILHsNwZ6G%2FNGOtaiV%2Bgh4YG%2FkiP9POwHR1hgSE9JVGuYmbD4FB8l0LkkIBHgoTM4X0fNS81%2BA6f4zV6DxmQzI9dGh%2BP9eA6j%2B%2BfNqDfMsi4qyKjapz8T4qQ%2BjgAtJSRmIL7WdsmYhVjSQb5voiknUxgKT%2Fom%2FJJYAUyxf%2BoM7B5yfJewzeVoU2%2FtVYQKI1lMuX%2BRaPNcBUAvSnVpp3982X8ufymNCG%2Bvqv3rBuUa%2BDAlSlNPC7rHF8TsYmOTADU69%2B%2B%2Fol8yLJTHHQhvr%2Bf5O5wjhPZDddaEMD1lhgrNFX59TpZvCV9M4rSDCIHqoFDFRnsCphC6IUw%3D%22%7D&prevSearchId=1765686709859674781&loginPromo=1
807,"Gia đình tôi rất hài lòng về kỳ nghỉ ở Sol Beach House. Nhân viên ở đây rất thân thiện, phòng ốc thì sạch sẽ thoải mái, thiết kế độc đáo phòng nào cũng có view nhìn ra biển. Đặc biệt là khu vực bể bơi đẹp.",SOL by Melia Phu Quoc,https://www.traveloka.com/en-vn/hotel/detail?spec=13-05-2023.14-05-2023.1.1.HOTEL.1000000626112.SOL%20by%20Melia%20Phu%20Quoc.1&contexts=%7B%22inventoryRateKey%22%3A%22povEwB3ZzsU2C6pd%2B6MdU13LUNuufACdbU0usK5vg0dM0tKsNUio4Rxug1zOzHJilcvZa8YdqqIySdppe7dolTIewZlxfjiOGz6oXLTucMvN0%2BgQ3yZPvZcoHwUFNN%2BZpcr%2F%2FNa8o9ElfN8zOYhzzZeg0X586laFpeUViPi9rxBmwBdHcCHNVGYbHYVgpznVIvEWeildVo7nbHxIWcXPVNGysXwP9P%2F6jQTjnyKeTv%2ByqYmxSenRKFEfSHS0XO3kZfZPEEhT4qTyZ4NnGlioFk6ay4RXlsebEjOdYqJCyZZxlxUTHNffO2l8jiZZrGWd1F5yTZNH82d3Ski2hEsRD2fxa3MY%2Bk28ILHsNwZ6G%2FNGOtaiV%2Bgh4YG%2FkiP9POwHR1hgSE9JVGuYmbD4FB8l0LkkIBHgoTM4X0fNS81%2BA6f4zV6DxmQzI9dGh%2BP9eA6j%2B%2BfNqDfMsi4qyKjapz8T4qQ%2BjgAtJSRmIL7WdsmYhVjSQb5voiknUxgKT%2Fom%2FJJYAUyxf%2BoM7B5yfJewzeVoU2%2FtVYQKI1lMuX%2BRaPNcBUAvSnVpp3982X8ufymNCG%2Bvqv3rBuUa%2BDAlSlNPC7rHF8TsYmOTADU69%2B%2B%2Fol8yLJTHHQhvr%2Bf5O5wjhPZDddaEMD1lhgrNFX59TpZvCV9M4rSDCIHqoFDFRnsCphC6IUw%3D%22%7D&prevSearchId=1765686709859674781&loginPromo=1
808,"Bãi biển đẹp, ngắm hoàng hôn thì tuyệt. Hồ bơi rộng các bé rất thích. Sân vườn có vẻ thiếu ánh sáng, mình đặt phòng dãy 2, có hồ trước cửa phòng , nhưng ban đêm lại không có đèn cũng mất vui. Vật dụng trong phòng thì cỡ 3,5 sao. 7/10d",SOL by Melia Phu Quoc,https://www.traveloka.com/en-vn/hotel/detail?spec=13-05-2023.14-05-2023.1.1.HOTEL.1000000626112.SOL%20by%20Melia%20Phu%20Quoc.1&contexts=%7B%22inventoryRateKey%22%3A%22povEwB3ZzsU2C6pd%2B6MdU13LUNuufACdbU0usK5vg0dM0tKsNUio4Rxug1zOzHJilcvZa8YdqqIySdppe7dolTIewZlxfjiOGz6oXLTucMvN0%2BgQ3yZPvZcoHwUFNN%2BZpcr%2F%2FNa8o9ElfN8zOYhzzZeg0X586laFpeUViPi9rxBmwBdHcCHNVGYbHYVgpznVIvEWeildVo7nbHxIWcXPVNGysXwP9P%2F6jQTjnyKeTv%2ByqYmxSenRKFEfSHS0XO3kZfZPEEhT4qTyZ4NnGlioFk6ay4RXlsebEjOdYqJCyZZxlxUTHNffO2l8jiZZrGWd1F5yTZNH82d3Ski2hEsRD2fxa3MY%2Bk28ILHsNwZ6G%2FNGOtaiV%2Bgh4YG%2FkiP9POwHR1hgSE9JVGuYmbD4FB8l0LkkIBHgoTM4X0fNS81%2BA6f4zV6DxmQzI9dGh%2BP9eA6j%2B%2BfNqDfMsi4qyKjapz8T4qQ%2BjgAtJSRmIL7WdsmYhVjSQb5voiknUxgKT%2Fom%2FJJYAUyxf%2BoM7B5yfJewzeVoU2%2FtVYQKI1lMuX%2BRaPNcBUAvSnVpp3982X8ufymNCG%2Bvqv3rBuUa%2BDAlSlNPC7rHF8TsYmOTADU69%2B%2B%2Fol8yLJTHHQhvr%2Bf5O5wjhPZDddaEMD1lhgrNFX59TpZvCV9M4rSDCIHqoFDFRnsCphC6IUw%3D%22%7D&prevSearchId=1765686709859674781&loginPromo=1
809,"Phòng ốc tuyệt vời, không gian đẹp, đồ ăn ngon vừa miệng, nhân viên thân thiện, vui vẻ, tuyệt vời",SOL by Melia Phu Quoc,https://www.traveloka.com/en-vn/hotel/detail?spec=13-05-2023.14-05-2023.1.1.HOTEL.1000000626112.SOL%20by%20Melia%20Phu%20Quoc.1&contexts=%7B%22inventoryRateKey%22%3A%22povEwB3ZzsU2C6pd%2B6MdU13LUNuufACdbU0usK5vg0dM0tKsNUio4Rxug1zOzHJilcvZa8YdqqIySdppe7dolTIewZlxfjiOGz6oXLTucMvN0%2BgQ3yZPvZcoHwUFNN%2BZpcr%2F%2FNa8o9ElfN8zOYhzzZeg0X586laFpeUViPi9rxBmwBdHcCHNVGYbHYVgpznVIvEWeildVo7nbHxIWcXPVNGysXwP9P%2F6jQTjnyKeTv%2ByqYmxSenRKFEfSHS0XO3kZfZPEEhT4qTyZ4NnGlioFk6ay4RXlsebEjOdYqJCyZZxlxUTHNffO2l8jiZZrGWd1F5yTZNH82d3Ski2hEsRD2fxa3MY%2Bk28ILHsNwZ6G%2FNGOtaiV%2Bgh4YG%2FkiP9POwHR1hgSE9JVGuYmbD4FB8l0LkkIBHgoTM4X0fNS81%2BA6f4zV6DxmQzI9dGh%2BP9eA6j%2B%2BfNqDfMsi4qyKjapz8T4qQ%2BjgAtJSRmIL7WdsmYhVjSQb5voiknUxgKT%2Fom%2FJJYAUyxf%2BoM7B5yfJewzeVoU2%2FtVYQKI1lMuX%2BRaPNcBUAvSnVpp3982X8ufymNCG%2Bvqv3rBuUa%2BDAlSlNPC7rHF8TsYmOTADU69%2B%2B%2Fol8yLJTHHQhvr%2Bf5O5wjhPZDddaEMD1lhgrNFX59TpZvCV9M4rSDCIHqoFDFRnsCphC6IUw%3D%22%7D&prevSearchId=1765686709859674781&loginPromo=1
810,"Resort sạch đẹp, thoải mái. Nhân viên nhiệt tình. Buffet sáng khá ngon, phong phú. Có xe đưa rước sân bay về resort và ngược lại, xe đưa rước ra trung tâm và ngược lại nhưng phải đặt trước sớm vì dễ full chỗ. Sẽ quay lại Sol Beach nếu đi Phú Quốc",SOL by Melia Phu Quoc,https://www.traveloka.com/en-vn/hotel/detail?spec=13-05-2023.14-05-2023.1.1.HOTEL.1000000626112.SOL%20by%20Melia%20Phu%20Quoc.1&contexts=%7B%22inventoryRateKey%22%3A%22povEwB3ZzsU2C6pd%2B6MdU13LUNuufACdbU0usK5vg0dM0tKsNUio4Rxug1zOzHJilcvZa8YdqqIySdppe7dolTIewZlxfjiOGz6oXLTucMvN0%2BgQ3yZPvZcoHwUFNN%2BZpcr%2F%2FNa8o9ElfN8zOYhzzZeg0X586laFpeUViPi9rxBmwBdHcCHNVGYbHYVgpznVIvEWeildVo7nbHxIWcXPVNGysXwP9P%2F6jQTjnyKeTv%2ByqYmxSenRKFEfSHS0XO3kZfZPEEhT4qTyZ4NnGlioFk6ay4RXlsebEjOdYqJCyZZxlxUTHNffO2l8jiZZrGWd1F5yTZNH82d3Ski2hEsRD2fxa3MY%2Bk28ILHsNwZ6G%2FNGOtaiV%2Bgh4YG%2FkiP9POwHR1hgSE9JVGuYmbD4FB8l0LkkIBHgoTM4X0fNS81%2BA6f4zV6DxmQzI9dGh%2BP9eA6j%2B%2BfNqDfMsi4qyKjapz8T4qQ%2BjgAtJSRmIL7WdsmYhVjSQb5voiknUxgKT%2Fom%2FJJYAUyxf%2BoM7B5yfJewzeVoU2%2FtVYQKI1lMuX%2BRaPNcBUAvSnVpp3982X8ufymNCG%2Bvqv3rBuUa%2BDAlSlNPC7rHF8TsYmOTADU69%2B%2B%2Fol8yLJTHHQhvr%2Bf5O5wjhPZDddaEMD1lhgrNFX59TpZvCV9M4rSDCIHqoFDFRnsCphC6IUw%3D%22%7D&prevSearchId=1765686709859674781&loginPromo=1
811,Khách sạn rất trẻ trung và hợp với các cặp đôi trẻ. Tiện nghi sạch sẽ.,SOL by Melia Phu Quoc,https://www.traveloka.com/en-vn/hotel/detail?spec=13-05-2023.14-05-2023.1.1.HOTEL.1000000626112.SOL%20by%20Melia%20Phu%20Quoc.1&contexts=%7B%22inventoryRateKey%22%3A%22povEwB3ZzsU2C6pd%2B6MdU13LUNuufACdbU0usK5vg0dM0tKsNUio4Rxug1zOzHJilcvZa8YdqqIySdppe7dolTIewZlxfjiOGz6oXLTucMvN0%2BgQ3yZPvZcoHwUFNN%2BZpcr%2F%2FNa8o9ElfN8zOYhzzZeg0X586laFpeUViPi9rxBmwBdHcCHNVGYbHYVgpznVIvEWeildVo7nbHxIWcXPVNGysXwP9P%2F6jQTjnyKeTv%2ByqYmxSenRKFEfSHS0XO3kZfZPEEhT4qTyZ4NnGlioFk6ay4RXlsebEjOdYqJCyZZxlxUTHNffO2l8jiZZrGWd1F5yTZNH82d3Ski2hEsRD2fxa3MY%2Bk28ILHsNwZ6G%2FNGOtaiV%2Bgh4YG%2FkiP9POwHR1hgSE9JVGuYmbD4FB8l0LkkIBHgoTM4X0fNS81%2BA6f4zV6DxmQzI9dGh%2BP9eA6j%2B%2BfNqDfMsi4qyKjapz8T4qQ%2BjgAtJSRmIL7WdsmYhVjSQb5voiknUxgKT%2Fom%2FJJYAUyxf%2BoM7B5yfJewzeVoU2%2FtVYQKI1lMuX%2BRaPNcBUAvSnVpp3982X8ufymNCG%2Bvqv3rBuUa%2BDAlSlNPC7rHF8TsYmOTADU69%2B%2B%2Fol8yLJTHHQhvr%2Bf5O5wjhPZDddaEMD1lhgrNFX59TpZvCV9M4rSDCIHqoFDFRnsCphC6IUw%3D%22%7D&prevSearchId=1765686709859674781&loginPromo=1
812,,SOL by Melia Phu Quoc,https://www.traveloka.com/en-vn/hotel/detail?spec=13-05-2023.14-05-2023.1.1.HOTEL.1000000626112.SOL%20by%20Melia%20Phu%20Quoc.1&contexts=%7B%22inventoryRateKey%22%3A%22povEwB3ZzsU2C6pd%2B6MdU13LUNuufACdbU0usK5vg0dM0tKsNUio4Rxug1zOzHJilcvZa8YdqqIySdppe7dolTIewZlxfjiOGz6oXLTucMvN0%2BgQ3yZPvZcoHwUFNN%2BZpcr%2F%2FNa8o9ElfN8zOYhzzZeg0X586laFpeUViPi9rxBmwBdHcCHNVGYbHYVgpznVIvEWeildVo7nbHxIWcXPVNGysXwP9P%2F6jQTjnyKeTv%2ByqYmxSenRKFEfSHS0XO3kZfZPEEhT4qTyZ4NnGlioFk6ay4RXlsebEjOdYqJCyZZxlxUTHNffO2l8jiZZrGWd1F5yTZNH82d3Ski2hEsRD2fxa3MY%2Bk28ILHsNwZ6G%2FNGOtaiV%2Bgh4YG%2FkiP9POwHR1hgSE9JVGuYmbD4FB8l0LkkIBHgoTM4X0fNS81%2BA6f4zV6DxmQzI9dGh%2BP9eA6j%2B%2BfNqDfMsi4qyKjapz8T4qQ%2BjgAtJSRmIL7WdsmYhVjSQb5voiknUxgKT%2Fom%2FJJYAUyxf%2BoM7B5yfJewzeVoU2%2FtVYQKI1lMuX%2BRaPNcBUAvSnVpp3982X8ufymNCG%2Bvqv3rBuUa%2BDAlSlNPC7rHF8TsYmOTADU69%2B%2B%2Fol8yLJTHHQhvr%2Bf5O5wjhPZDddaEMD1lhgrNFX59TpZvCV9M4rSDCIHqoFDFRnsCphC6IUw%3D%22%7D&prevSearchId=1765686709859674781&loginPromo=1
813,"Nhân viên nhiệt tình thân thiện. Phòng rất đẹp, không gian rộng rãi thoáng mát. Rất đáng đồng tiền !!!!",SOL by Melia Phu Quoc,https://www.traveloka.com/en-vn/hotel/detail?spec=13-05-2023.14-05-2023.1.1.HOTEL.1000000626112.SOL%20by%20Melia%20Phu%20Quoc.1&contexts=%7B%22inventoryRateKey%22%3A%22povEwB3ZzsU2C6pd%2B6MdU13LUNuufACdbU0usK5vg0dM0tKsNUio4Rxug1zOzHJilcvZa8YdqqIySdppe7dolTIewZlxfjiOGz6oXLTucMvN0%2BgQ3yZPvZcoHwUFNN%2BZpcr%2F%2FNa8o9ElfN8zOYhzzZeg0X586laFpeUViPi9rxBmwBdHcCHNVGYbHYVgpznVIvEWeildVo7nbHxIWcXPVNGysXwP9P%2F6jQTjnyKeTv%2ByqYmxSenRKFEfSHS0XO3kZfZPEEhT4qTyZ4NnGlioFk6ay4RXlsebEjOdYqJCyZZxlxUTHNffO2l8jiZZrGWd1F5yTZNH82d3Ski2hEsRD2fxa3MY%2Bk28ILHsNwZ6G%2FNGOtaiV%2Bgh4YG%2FkiP9POwHR1hgSE9JVGuYmbD4FB8l0LkkIBHgoTM4X0fNS81%2BA6f4zV6DxmQzI9dGh%2BP9eA6j%2B%2BfNqDfMsi4qyKjapz8T4qQ%2BjgAtJSRmIL7WdsmYhVjSQb5voiknUxgKT%2Fom%2FJJYAUyxf%2BoM7B5yfJewzeVoU2%2FtVYQKI1lMuX%2BRaPNcBUAvSnVpp3982X8ufymNCG%2Bvqv3rBuUa%2BDAlSlNPC7rHF8TsYmOTADU69%2B%2B%2Fol8yLJTHHQhvr%2Bf5O5wjhPZDddaEMD1lhgrNFX59TpZvCV9M4rSDCIHqoFDFRnsCphC6IUw%3D%22%7D&prevSearchId=1765686709859674781&loginPromo=1
814,"Mình có một kì nghỉ tuyệt vời bên gia đình. Phòng nhìn ra view biển rất đẹp. Thích hợp ngắm hoàng hôn. Dịch vụ rất ổn, anh chị nhân viên dễ thương. Đồ ăn sáng là buffet nhiều món. Dịch vụ ăn trưa đậm chất Việt Nam dân dã, đậm đà.",SOL by Melia Phu Quoc,https://www.traveloka.com/en-vn/hotel/detail?spec=13-05-2023.14-05-2023.1.1.HOTEL.1000000626112.SOL%20by%20Melia%20Phu%20Quoc.1&contexts=%7B%22inventoryRateKey%22%3A%22povEwB3ZzsU2C6pd%2B6MdU13LUNuufACdbU0usK5vg0dM0tKsNUio4Rxug1zOzHJilcvZa8YdqqIySdppe7dolTIewZlxfjiOGz6oXLTucMvN0%2BgQ3yZPvZcoHwUFNN%2BZpcr%2F%2FNa8o9ElfN8zOYhzzZeg0X586laFpeUViPi9rxBmwBdHcCHNVGYbHYVgpznVIvEWeildVo7nbHxIWcXPVNGysXwP9P%2F6jQTjnyKeTv%2ByqYmxSenRKFEfSHS0XO3kZfZPEEhT4qTyZ4NnGlioFk6ay4RXlsebEjOdYqJCyZZxlxUTHNffO2l8jiZZrGWd1F5yTZNH82d3Ski2hEsRD2fxa3MY%2Bk28ILHsNwZ6G%2FNGOtaiV%2Bgh4YG%2FkiP9POwHR1hgSE9JVGuYmbD4FB8l0LkkIBHgoTM4X0fNS81%2BA6f4zV6DxmQzI9dGh%2BP9eA6j%2B%2BfNqDfMsi4qyKjapz8T4qQ%2BjgAtJSRmIL7WdsmYhVjSQb5voiknUxgKT%2Fom%2FJJYAUyxf%2BoM7B5yfJewzeVoU2%2FtVYQKI1lMuX%2BRaPNcBUAvSnVpp3982X8ufymNCG%2Bvqv3rBuUa%2BDAlSlNPC7rHF8TsYmOTADU69%2B%2B%2Fol8yLJTHHQhvr%2Bf5O5wjhPZDddaEMD1lhgrNFX59TpZvCV9M4rSDCIHqoFDFRnsCphC6IUw%3D%22%7D&prevSearchId=1765686709859674781&loginPromo=1
815,"View đẹp, nhân viên nhiệt tình, đồ ăn cũng ngon, tuyệtt",SOL by Melia Phu Quoc,https://www.traveloka.com/en-vn/hotel/detail?spec=13-05-2023.14-05-2023.1.1.HOTEL.1000000626112.SOL%20by%20Melia%20Phu%20Quoc.1&contexts=%7B%22inventoryRateKey%22%3A%22povEwB3ZzsU2C6pd%2B6MdU13LUNuufACdbU0usK5vg0dM0tKsNUio4Rxug1zOzHJilcvZa8YdqqIySdppe7dolTIewZlxfjiOGz6oXLTucMvN0%2BgQ3yZPvZcoHwUFNN%2BZpcr%2F%2FNa8o9ElfN8zOYhzzZeg0X586laFpeUViPi9rxBmwBdHcCHNVGYbHYVgpznVIvEWeildVo7nbHxIWcXPVNGysXwP9P%2F6jQTjnyKeTv%2ByqYmxSenRKFEfSHS0XO3kZfZPEEhT4qTyZ4NnGlioFk6ay4RXlsebEjOdYqJCyZZxlxUTHNffO2l8jiZZrGWd1F5yTZNH82d3Ski2hEsRD2fxa3MY%2Bk28ILHsNwZ6G%2FNGOtaiV%2Bgh4YG%2FkiP9POwHR1hgSE9JVGuYmbD4FB8l0LkkIBHgoTM4X0fNS81%2BA6f4zV6DxmQzI9dGh%2BP9eA6j%2B%2BfNqDfMsi4qyKjapz8T4qQ%2BjgAtJSRmIL7WdsmYhVjSQb5voiknUxgKT%2Fom%2FJJYAUyxf%2BoM7B5yfJewzeVoU2%2FtVYQKI1lMuX%2BRaPNcBUAvSnVpp3982X8ufymNCG%2Bvqv3rBuUa%2BDAlSlNPC7rHF8TsYmOTADU69%2B%2B%2Fol8yLJTHHQhvr%2Bf5O5wjhPZDddaEMD1lhgrNFX59TpZvCV9M4rSDCIHqoFDFRnsCphC6IUw%3D%22%7D&prevSearchId=1765686709859674781&loginPromo=1
816,View đẹp rất thích nhân viên thân thiện ❤️,SOL by Melia Phu Quoc,https://www.traveloka.com/en-vn/hotel/detail?spec=13-05-2023.14-05-2023.1.1.HOTEL.1000000626112.SOL%20by%20Melia%20Phu%20Quoc.1&contexts=%7B%22inventoryRateKey%22%3A%22povEwB3ZzsU2C6pd%2B6MdU13LUNuufACdbU0usK5vg0dM0tKsNUio4Rxug1zOzHJilcvZa8YdqqIySdppe7dolTIewZlxfjiOGz6oXLTucMvN0%2BgQ3yZPvZcoHwUFNN%2BZpcr%2F%2FNa8o9ElfN8zOYhzzZeg0X586laFpeUViPi9rxBmwBdHcCHNVGYbHYVgpznVIvEWeildVo7nbHxIWcXPVNGysXwP9P%2F6jQTjnyKeTv%2ByqYmxSenRKFEfSHS0XO3kZfZPEEhT4qTyZ4NnGlioFk6ay4RXlsebEjOdYqJCyZZxlxUTHNffO2l8jiZZrGWd1F5yTZNH82d3Ski2hEsRD2fxa3MY%2Bk28ILHsNwZ6G%2FNGOtaiV%2Bgh4YG%2FkiP9POwHR1hgSE9JVGuYmbD4FB8l0LkkIBHgoTM4X0fNS81%2BA6f4zV6DxmQzI9dGh%2BP9eA6j%2B%2BfNqDfMsi4qyKjapz8T4qQ%2BjgAtJSRmIL7WdsmYhVjSQb5voiknUxgKT%2Fom%2FJJYAUyxf%2BoM7B5yfJewzeVoU2%2FtVYQKI1lMuX%2BRaPNcBUAvSnVpp3982X8ufymNCG%2Bvqv3rBuUa%2BDAlSlNPC7rHF8TsYmOTADU69%2B%2B%2Fol8yLJTHHQhvr%2Bf5O5wjhPZDddaEMD1lhgrNFX59TpZvCV9M4rSDCIHqoFDFRnsCphC6IUw%3D%22%7D&prevSearchId=1765686709859674781&loginPromo=1
817,"Tôi không hài lòng vì tại sao khi đã thanh toán tiền đặt cọc 100% nhưng khi đến nhận phòng lại phải đặt cọc thêm 6 triệu đồng. Tuy nhiên phía khách sạn và trang mạng lại không thông báo cho tôi, nếu tôi không có tiền thì sao? Sẽ không cho tôi nhận phòng? Tôi rất không hài lòng vì vấn đề này.",SOL by Melia Phu Quoc,https://www.traveloka.com/en-vn/hotel/detail?spec=13-05-2023.14-05-2023.1.1.HOTEL.1000000626112.SOL%20by%20Melia%20Phu%20Quoc.1&contexts=%7B%22inventoryRateKey%22%3A%22povEwB3ZzsU2C6pd%2B6MdU13LUNuufACdbU0usK5vg0dM0tKsNUio4Rxug1zOzHJilcvZa8YdqqIySdppe7dolTIewZlxfjiOGz6oXLTucMvN0%2BgQ3yZPvZcoHwUFNN%2BZpcr%2F%2FNa8o9ElfN8zOYhzzZeg0X586laFpeUViPi9rxBmwBdHcCHNVGYbHYVgpznVIvEWeildVo7nbHxIWcXPVNGysXwP9P%2F6jQTjnyKeTv%2ByqYmxSenRKFEfSHS0XO3kZfZPEEhT4qTyZ4NnGlioFk6ay4RXlsebEjOdYqJCyZZxlxUTHNffO2l8jiZZrGWd1F5yTZNH82d3Ski2hEsRD2fxa3MY%2Bk28ILHsNwZ6G%2FNGOtaiV%2Bgh4YG%2FkiP9POwHR1hgSE9JVGuYmbD4FB8l0LkkIBHgoTM4X0fNS81%2BA6f4zV6DxmQzI9dGh%2BP9eA6j%2B%2BfNqDfMsi4qyKjapz8T4qQ%2BjgAtJSRmIL7WdsmYhVjSQb5voiknUxgKT%2Fom%2FJJYAUyxf%2BoM7B5yfJewzeVoU2%2FtVYQKI1lMuX%2BRaPNcBUAvSnVpp3982X8ufymNCG%2Bvqv3rBuUa%2BDAlSlNPC7rHF8TsYmOTADU69%2B%2B%2Fol8yLJTHHQhvr%2Bf5O5wjhPZDddaEMD1lhgrNFX59TpZvCV9M4rSDCIHqoFDFRnsCphC6IUw%3D%22%7D&prevSearchId=1765686709859674781&loginPromo=1
818,"2 vợ chồng mình có kỳ nghỉ honeymoon tại Sol beach vào tháng 5 này, thật sự mình thích cách phục vụ của Sol, nhân viên rất nhiệt tình và thân thiện. Do lúc book phòng mình có ghi chú honeymoon nên được trang trí phòng riêng với tặng thêm 1 bánh kem nữa, khá là ưng ý, ăn sáng nhiều món phong phú, không gian rộng, thoáng. 2 nhà hàng mình thấy giá cả khá okie, trung bình 1 bữa ăn cho 2 người tốn cỡ 500k, đặt đồ ăn lên phòng thì mắc hơn 15% giá ăn tại chỗ nhé. phòng y chan trong hình luôn nhé, nếu có cơ hội đi Phú Quốc lại mình vẫn sẽ lựa chọn Sol",SOL by Melia Phu Quoc,https://www.traveloka.com/en-vn/hotel/detail?spec=13-05-2023.14-05-2023.1.1.HOTEL.1000000626112.SOL%20by%20Melia%20Phu%20Quoc.1&contexts=%7B%22inventoryRateKey%22%3A%22povEwB3ZzsU2C6pd%2B6MdU13LUNuufACdbU0usK5vg0dM0tKsNUio4Rxug1zOzHJilcvZa8YdqqIySdppe7dolTIewZlxfjiOGz6oXLTucMvN0%2BgQ3yZPvZcoHwUFNN%2BZpcr%2F%2FNa8o9ElfN8zOYhzzZeg0X586laFpeUViPi9rxBmwBdHcCHNVGYbHYVgpznVIvEWeildVo7nbHxIWcXPVNGysXwP9P%2F6jQTjnyKeTv%2ByqYmxSenRKFEfSHS0XO3kZfZPEEhT4qTyZ4NnGlioFk6ay4RXlsebEjOdYqJCyZZxlxUTHNffO2l8jiZZrGWd1F5yTZNH82d3Ski2hEsRD2fxa3MY%2Bk28ILHsNwZ6G%2FNGOtaiV%2Bgh4YG%2FkiP9POwHR1hgSE9JVGuYmbD4FB8l0LkkIBHgoTM4X0fNS81%2BA6f4zV6DxmQzI9dGh%2BP9eA6j%2B%2BfNqDfMsi4qyKjapz8T4qQ%2BjgAtJSRmIL7WdsmYhVjSQb5voiknUxgKT%2Fom%2FJJYAUyxf%2BoM7B5yfJewzeVoU2%2FtVYQKI1lMuX%2BRaPNcBUAvSnVpp3982X8ufymNCG%2Bvqv3rBuUa%2BDAlSlNPC7rHF8TsYmOTADU69%2B%2B%2Fol8yLJTHHQhvr%2Bf5O5wjhPZDddaEMD1lhgrNFX59TpZvCV9M4rSDCIHqoFDFRnsCphC6IUw%3D%22%7D&prevSearchId=1765686709859674781&loginPromo=1
819,"Phòng sạch sẻ thoải mái, dịch vụ tận tình chu đáo",SOL by Melia Phu Quoc,https://www.traveloka.com/en-vn/hotel/detail?spec=13-05-2023.14-05-2023.1.1.HOTEL.1000000626112.SOL%20by%20Melia%20Phu%20Quoc.1&contexts=%7B%22inventoryRateKey%22%3A%22povEwB3ZzsU2C6pd%2B6MdU13LUNuufACdbU0usK5vg0dM0tKsNUio4Rxug1zOzHJilcvZa8YdqqIySdppe7dolTIewZlxfjiOGz6oXLTucMvN0%2BgQ3yZPvZcoHwUFNN%2BZpcr%2F%2FNa8o9ElfN8zOYhzzZeg0X586laFpeUViPi9rxBmwBdHcCHNVGYbHYVgpznVIvEWeildVo7nbHxIWcXPVNGysXwP9P%2F6jQTjnyKeTv%2ByqYmxSenRKFEfSHS0XO3kZfZPEEhT4qTyZ4NnGlioFk6ay4RXlsebEjOdYqJCyZZxlxUTHNffO2l8jiZZrGWd1F5yTZNH82d3Ski2hEsRD2fxa3MY%2Bk28ILHsNwZ6G%2FNGOtaiV%2Bgh4YG%2FkiP9POwHR1hgSE9JVGuYmbD4FB8l0LkkIBHgoTM4X0fNS81%2BA6f4zV6DxmQzI9dGh%2BP9eA6j%2B%2BfNqDfMsi4qyKjapz8T4qQ%2BjgAtJSRmIL7WdsmYhVjSQb5voiknUxgKT%2Fom%2FJJYAUyxf%2BoM7B5yfJewzeVoU2%2FtVYQKI1lMuX%2BRaPNcBUAvSnVpp3982X8ufymNCG%2Bvqv3rBuUa%2BDAlSlNPC7rHF8TsYmOTADU69%2B%2B%2Fol8yLJTHHQhvr%2Bf5O5wjhPZDddaEMD1lhgrNFX59TpZvCV9M4rSDCIHqoFDFRnsCphC6IUw%3D%22%7D&prevSearchId=1765686709859674781&loginPromo=1
820,,SOL by Melia Phu Quoc,https://www.traveloka.com/en-vn/hotel/detail?spec=13-05-2023.14-05-2023.1.1.HOTEL.1000000626112.SOL%20by%20Melia%20Phu%20Quoc.1&contexts=%7B%22inventoryRateKey%22%3A%22povEwB3ZzsU2C6pd%2B6MdU13LUNuufACdbU0usK5vg0dM0tKsNUio4Rxug1zOzHJilcvZa8YdqqIySdppe7dolTIewZlxfjiOGz6oXLTucMvN0%2BgQ3yZPvZcoHwUFNN%2BZpcr%2F%2FNa8o9ElfN8zOYhzzZeg0X586laFpeUViPi9rxBmwBdHcCHNVGYbHYVgpznVIvEWeildVo7nbHxIWcXPVNGysXwP9P%2F6jQTjnyKeTv%2ByqYmxSenRKFEfSHS0XO3kZfZPEEhT4qTyZ4NnGlioFk6ay4RXlsebEjOdYqJCyZZxlxUTHNffO2l8jiZZrGWd1F5yTZNH82d3Ski2hEsRD2fxa3MY%2Bk28ILHsNwZ6G%2FNGOtaiV%2Bgh4YG%2FkiP9POwHR1hgSE9JVGuYmbD4FB8l0LkkIBHgoTM4X0fNS81%2BA6f4zV6DxmQzI9dGh%2BP9eA6j%2B%2BfNqDfMsi4qyKjapz8T4qQ%2BjgAtJSRmIL7WdsmYhVjSQb5voiknUxgKT%2Fom%2FJJYAUyxf%2BoM7B5yfJewzeVoU2%2FtVYQKI1lMuX%2BRaPNcBUAvSnVpp3982X8ufymNCG%2Bvqv3rBuUa%2BDAlSlNPC7rHF8TsYmOTADU69%2B%2B%2Fol8yLJTHHQhvr%2Bf5O5wjhPZDddaEMD1lhgrNFX59TpZvCV9M4rSDCIHqoFDFRnsCphC6IUw%3D%22%7D&prevSearchId=1765686709859674781&loginPromo=1
821,,SOL by Melia Phu Quoc,https://www.traveloka.com/en-vn/hotel/detail?spec=13-05-2023.14-05-2023.1.1.HOTEL.1000000626112.SOL%20by%20Melia%20Phu%20Quoc.1&contexts=%7B%22inventoryRateKey%22%3A%22povEwB3ZzsU2C6pd%2B6MdU13LUNuufACdbU0usK5vg0dM0tKsNUio4Rxug1zOzHJilcvZa8YdqqIySdppe7dolTIewZlxfjiOGz6oXLTucMvN0%2BgQ3yZPvZcoHwUFNN%2BZpcr%2F%2FNa8o9ElfN8zOYhzzZeg0X586laFpeUViPi9rxBmwBdHcCHNVGYbHYVgpznVIvEWeildVo7nbHxIWcXPVNGysXwP9P%2F6jQTjnyKeTv%2ByqYmxSenRKFEfSHS0XO3kZfZPEEhT4qTyZ4NnGlioFk6ay4RXlsebEjOdYqJCyZZxlxUTHNffO2l8jiZZrGWd1F5yTZNH82d3Ski2hEsRD2fxa3MY%2Bk28ILHsNwZ6G%2FNGOtaiV%2Bgh4YG%2FkiP9POwHR1hgSE9JVGuYmbD4FB8l0LkkIBHgoTM4X0fNS81%2BA6f4zV6DxmQzI9dGh%2BP9eA6j%2B%2BfNqDfMsi4qyKjapz8T4qQ%2BjgAtJSRmIL7WdsmYhVjSQb5voiknUxgKT%2Fom%2FJJYAUyxf%2BoM7B5yfJewzeVoU2%2FtVYQKI1lMuX%2BRaPNcBUAvSnVpp3982X8ufymNCG%2Bvqv3rBuUa%2BDAlSlNPC7rHF8TsYmOTADU69%2B%2B%2Fol8yLJTHHQhvr%2Bf5O5wjhPZDddaEMD1lhgrNFX59TpZvCV9M4rSDCIHqoFDFRnsCphC6IUw%3D%22%7D&prevSearchId=1765686709859674781&loginPromo=1
822,"tuyệt vời từng không gian đến cách phục vụ, tiếc là món ăn chưa thực sự ấn tượng",SOL by Melia Phu Quoc,https://www.traveloka.com/en-vn/hotel/detail?spec=13-05-2023.14-05-2023.1.1.HOTEL.1000000626112.SOL%20by%20Melia%20Phu%20Quoc.1&contexts=%7B%22inventoryRateKey%22%3A%22povEwB3ZzsU2C6pd%2B6MdU13LUNuufACdbU0usK5vg0dM0tKsNUio4Rxug1zOzHJilcvZa8YdqqIySdppe7dolTIewZlxfjiOGz6oXLTucMvN0%2BgQ3yZPvZcoHwUFNN%2BZpcr%2F%2FNa8o9ElfN8zOYhzzZeg0X586laFpeUViPi9rxBmwBdHcCHNVGYbHYVgpznVIvEWeildVo7nbHxIWcXPVNGysXwP9P%2F6jQTjnyKeTv%2ByqYmxSenRKFEfSHS0XO3kZfZPEEhT4qTyZ4NnGlioFk6ay4RXlsebEjOdYqJCyZZxlxUTHNffO2l8jiZZrGWd1F5yTZNH82d3Ski2hEsRD2fxa3MY%2Bk28ILHsNwZ6G%2FNGOtaiV%2Bgh4YG%2FkiP9POwHR1hgSE9JVGuYmbD4FB8l0LkkIBHgoTM4X0fNS81%2BA6f4zV6DxmQzI9dGh%2BP9eA6j%2B%2BfNqDfMsi4qyKjapz8T4qQ%2BjgAtJSRmIL7WdsmYhVjSQb5voiknUxgKT%2Fom%2FJJYAUyxf%2BoM7B5yfJewzeVoU2%2FtVYQKI1lMuX%2BRaPNcBUAvSnVpp3982X8ufymNCG%2Bvqv3rBuUa%2BDAlSlNPC7rHF8TsYmOTADU69%2B%2B%2Fol8yLJTHHQhvr%2Bf5O5wjhPZDddaEMD1lhgrNFX59TpZvCV9M4rSDCIHqoFDFRnsCphC6IUw%3D%22%7D&prevSearchId=1765686709859674781&loginPromo=1
823,"khách sạn đẹp, view biển cực đẹp luôn, gia đình có kỳ nghỉ rất thú vị., sẽ đến solbeach nếu có dịp quay lại Phú Quốc",SOL by Melia Phu Quoc,https://www.traveloka.com/en-vn/hotel/detail?spec=13-05-2023.14-05-2023.1.1.HOTEL.1000000626112.SOL%20by%20Melia%20Phu%20Quoc.1&contexts=%7B%22inventoryRateKey%22%3A%22povEwB3ZzsU2C6pd%2B6MdU13LUNuufACdbU0usK5vg0dM0tKsNUio4Rxug1zOzHJilcvZa8YdqqIySdppe7dolTIewZlxfjiOGz6oXLTucMvN0%2BgQ3yZPvZcoHwUFNN%2BZpcr%2F%2FNa8o9ElfN8zOYhzzZeg0X586laFpeUViPi9rxBmwBdHcCHNVGYbHYVgpznVIvEWeildVo7nbHxIWcXPVNGysXwP9P%2F6jQTjnyKeTv%2ByqYmxSenRKFEfSHS0XO3kZfZPEEhT4qTyZ4NnGlioFk6ay4RXlsebEjOdYqJCyZZxlxUTHNffO2l8jiZZrGWd1F5yTZNH82d3Ski2hEsRD2fxa3MY%2Bk28ILHsNwZ6G%2FNGOtaiV%2Bgh4YG%2FkiP9POwHR1hgSE9JVGuYmbD4FB8l0LkkIBHgoTM4X0fNS81%2BA6f4zV6DxmQzI9dGh%2BP9eA6j%2B%2BfNqDfMsi4qyKjapz8T4qQ%2BjgAtJSRmIL7WdsmYhVjSQb5voiknUxgKT%2Fom%2FJJYAUyxf%2BoM7B5yfJewzeVoU2%2FtVYQKI1lMuX%2BRaPNcBUAvSnVpp3982X8ufymNCG%2Bvqv3rBuUa%2BDAlSlNPC7rHF8TsYmOTADU69%2B%2B%2Fol8yLJTHHQhvr%2Bf5O5wjhPZDddaEMD1lhgrNFX59TpZvCV9M4rSDCIHqoFDFRnsCphC6IUw%3D%22%7D&prevSearchId=1765686709859674781&loginPromo=1
824,Resort đẹp và dịch vụ rất tốt! Sẽ quay lại Sol Beach nhiều lần nữa nếu có dịp!!,SOL by Melia Phu Quoc,https://www.traveloka.com/en-vn/hotel/detail?spec=13-05-2023.14-05-2023.1.1.HOTEL.1000000626112.SOL%20by%20Melia%20Phu%20Quoc.1&contexts=%7B%22inventoryRateKey%22%3A%22povEwB3ZzsU2C6pd%2B6MdU13LUNuufACdbU0usK5vg0dM0tKsNUio4Rxug1zOzHJilcvZa8YdqqIySdppe7dolTIewZlxfjiOGz6oXLTucMvN0%2BgQ3yZPvZcoHwUFNN%2BZpcr%2F%2FNa8o9ElfN8zOYhzzZeg0X586laFpeUViPi9rxBmwBdHcCHNVGYbHYVgpznVIvEWeildVo7nbHxIWcXPVNGysXwP9P%2F6jQTjnyKeTv%2ByqYmxSenRKFEfSHS0XO3kZfZPEEhT4qTyZ4NnGlioFk6ay4RXlsebEjOdYqJCyZZxlxUTHNffO2l8jiZZrGWd1F5yTZNH82d3Ski2hEsRD2fxa3MY%2Bk28ILHsNwZ6G%2FNGOtaiV%2Bgh4YG%2FkiP9POwHR1hgSE9JVGuYmbD4FB8l0LkkIBHgoTM4X0fNS81%2BA6f4zV6DxmQzI9dGh%2BP9eA6j%2B%2BfNqDfMsi4qyKjapz8T4qQ%2BjgAtJSRmIL7WdsmYhVjSQb5voiknUxgKT%2Fom%2FJJYAUyxf%2BoM7B5yfJewzeVoU2%2FtVYQKI1lMuX%2BRaPNcBUAvSnVpp3982X8ufymNCG%2Bvqv3rBuUa%2BDAlSlNPC7rHF8TsYmOTADU69%2B%2B%2Fol8yLJTHHQhvr%2Bf5O5wjhPZDddaEMD1lhgrNFX59TpZvCV9M4rSDCIHqoFDFRnsCphC6IUw%3D%22%7D&prevSearchId=1765686709859674781&loginPromo=1
825,"Khách sạn dịch vụ rất tốt và chu đáo, cảnh quan sạch sẽ và thiết kế hợp lý. sẽ quay lại vào thời giạ tới. :))",SOL by Melia Phu Quoc,https://www.traveloka.com/en-vn/hotel/detail?spec=13-05-2023.14-05-2023.1.1.HOTEL.1000000626112.SOL%20by%20Melia%20Phu%20Quoc.1&contexts=%7B%22inventoryRateKey%22%3A%22povEwB3ZzsU2C6pd%2B6MdU13LUNuufACdbU0usK5vg0dM0tKsNUio4Rxug1zOzHJilcvZa8YdqqIySdppe7dolTIewZlxfjiOGz6oXLTucMvN0%2BgQ3yZPvZcoHwUFNN%2BZpcr%2F%2FNa8o9ElfN8zOYhzzZeg0X586laFpeUViPi9rxBmwBdHcCHNVGYbHYVgpznVIvEWeildVo7nbHxIWcXPVNGysXwP9P%2F6jQTjnyKeTv%2ByqYmxSenRKFEfSHS0XO3kZfZPEEhT4qTyZ4NnGlioFk6ay4RXlsebEjOdYqJCyZZxlxUTHNffO2l8jiZZrGWd1F5yTZNH82d3Ski2hEsRD2fxa3MY%2Bk28ILHsNwZ6G%2FNGOtaiV%2Bgh4YG%2FkiP9POwHR1hgSE9JVGuYmbD4FB8l0LkkIBHgoTM4X0fNS81%2BA6f4zV6DxmQzI9dGh%2BP9eA6j%2B%2BfNqDfMsi4qyKjapz8T4qQ%2BjgAtJSRmIL7WdsmYhVjSQb5voiknUxgKT%2Fom%2FJJYAUyxf%2BoM7B5yfJewzeVoU2%2FtVYQKI1lMuX%2BRaPNcBUAvSnVpp3982X8ufymNCG%2Bvqv3rBuUa%2BDAlSlNPC7rHF8TsYmOTADU69%2B%2B%2Fol8yLJTHHQhvr%2Bf5O5wjhPZDddaEMD1lhgrNFX59TpZvCV9M4rSDCIHqoFDFRnsCphC6IUw%3D%22%7D&prevSearchId=1765686709859674781&loginPromo=1
826,,SOL by Melia Phu Quoc,https://www.traveloka.com/en-vn/hotel/detail?spec=13-05-2023.14-05-2023.1.1.HOTEL.1000000626112.SOL%20by%20Melia%20Phu%20Quoc.1&contexts=%7B%22inventoryRateKey%22%3A%22povEwB3ZzsU2C6pd%2B6MdU13LUNuufACdbU0usK5vg0dM0tKsNUio4Rxug1zOzHJilcvZa8YdqqIySdppe7dolTIewZlxfjiOGz6oXLTucMvN0%2BgQ3yZPvZcoHwUFNN%2BZpcr%2F%2FNa8o9ElfN8zOYhzzZeg0X586laFpeUViPi9rxBmwBdHcCHNVGYbHYVgpznVIvEWeildVo7nbHxIWcXPVNGysXwP9P%2F6jQTjnyKeTv%2ByqYmxSenRKFEfSHS0XO3kZfZPEEhT4qTyZ4NnGlioFk6ay4RXlsebEjOdYqJCyZZxlxUTHNffO2l8jiZZrGWd1F5yTZNH82d3Ski2hEsRD2fxa3MY%2Bk28ILHsNwZ6G%2FNGOtaiV%2Bgh4YG%2FkiP9POwHR1hgSE9JVGuYmbD4FB8l0LkkIBHgoTM4X0fNS81%2BA6f4zV6DxmQzI9dGh%2BP9eA6j%2B%2BfNqDfMsi4qyKjapz8T4qQ%2BjgAtJSRmIL7WdsmYhVjSQb5voiknUxgKT%2Fom%2FJJYAUyxf%2BoM7B5yfJewzeVoU2%2FtVYQKI1lMuX%2BRaPNcBUAvSnVpp3982X8ufymNCG%2Bvqv3rBuUa%2BDAlSlNPC7rHF8TsYmOTADU69%2B%2B%2Fol8yLJTHHQhvr%2Bf5O5wjhPZDddaEMD1lhgrNFX59TpZvCV9M4rSDCIHqoFDFRnsCphC6IUw%3D%22%7D&prevSearchId=1765686709859674781&loginPromo=1
827,"Resort thân thiện và hiếu khách, đồ ăn sáng có nhiều món không được ngon. Không gian phòng đẹp, phòng tắm và wc nên có cửa đóng lại. Bể bơi đẹp và sạch, không gian xanh mát, không khí trong lành.",SOL by Melia Phu Quoc,https://www.traveloka.com/en-vn/hotel/detail?spec=13-05-2023.14-05-2023.1.1.HOTEL.1000000626112.SOL%20by%20Melia%20Phu%20Quoc.1&contexts=%7B%22inventoryRateKey%22%3A%22povEwB3ZzsU2C6pd%2B6MdU13LUNuufACdbU0usK5vg0dM0tKsNUio4Rxug1zOzHJilcvZa8YdqqIySdppe7dolTIewZlxfjiOGz6oXLTucMvN0%2BgQ3yZPvZcoHwUFNN%2BZpcr%2F%2FNa8o9ElfN8zOYhzzZeg0X586laFpeUViPi9rxBmwBdHcCHNVGYbHYVgpznVIvEWeildVo7nbHxIWcXPVNGysXwP9P%2F6jQTjnyKeTv%2ByqYmxSenRKFEfSHS0XO3kZfZPEEhT4qTyZ4NnGlioFk6ay4RXlsebEjOdYqJCyZZxlxUTHNffO2l8jiZZrGWd1F5yTZNH82d3Ski2hEsRD2fxa3MY%2Bk28ILHsNwZ6G%2FNGOtaiV%2Bgh4YG%2FkiP9POwHR1hgSE9JVGuYmbD4FB8l0LkkIBHgoTM4X0fNS81%2BA6f4zV6DxmQzI9dGh%2BP9eA6j%2B%2BfNqDfMsi4qyKjapz8T4qQ%2BjgAtJSRmIL7WdsmYhVjSQb5voiknUxgKT%2Fom%2FJJYAUyxf%2BoM7B5yfJewzeVoU2%2FtVYQKI1lMuX%2BRaPNcBUAvSnVpp3982X8ufymNCG%2Bvqv3rBuUa%2BDAlSlNPC7rHF8TsYmOTADU69%2B%2B%2Fol8yLJTHHQhvr%2Bf5O5wjhPZDddaEMD1lhgrNFX59TpZvCV9M4rSDCIHqoFDFRnsCphC6IUw%3D%22%7D&prevSearchId=1765686709859674781&loginPromo=1
828,phòng đẹp sạch sẽ đồ ăn ngon và giá cũng ok,SOL by Melia Phu Quoc,https://www.traveloka.com/en-vn/hotel/detail?spec=13-05-2023.14-05-2023.1.1.HOTEL.1000000626112.SOL%20by%20Melia%20Phu%20Quoc.1&contexts=%7B%22inventoryRateKey%22%3A%22povEwB3ZzsU2C6pd%2B6MdU13LUNuufACdbU0usK5vg0dM0tKsNUio4Rxug1zOzHJilcvZa8YdqqIySdppe7dolTIewZlxfjiOGz6oXLTucMvN0%2BgQ3yZPvZcoHwUFNN%2BZpcr%2F%2FNa8o9ElfN8zOYhzzZeg0X586laFpeUViPi9rxBmwBdHcCHNVGYbHYVgpznVIvEWeildVo7nbHxIWcXPVNGysXwP9P%2F6jQTjnyKeTv%2ByqYmxSenRKFEfSHS0XO3kZfZPEEhT4qTyZ4NnGlioFk6ay4RXlsebEjOdYqJCyZZxlxUTHNffO2l8jiZZrGWd1F5yTZNH82d3Ski2hEsRD2fxa3MY%2Bk28ILHsNwZ6G%2FNGOtaiV%2Bgh4YG%2FkiP9POwHR1hgSE9JVGuYmbD4FB8l0LkkIBHgoTM4X0fNS81%2BA6f4zV6DxmQzI9dGh%2BP9eA6j%2B%2BfNqDfMsi4qyKjapz8T4qQ%2BjgAtJSRmIL7WdsmYhVjSQb5voiknUxgKT%2Fom%2FJJYAUyxf%2BoM7B5yfJewzeVoU2%2FtVYQKI1lMuX%2BRaPNcBUAvSnVpp3982X8ufymNCG%2Bvqv3rBuUa%2BDAlSlNPC7rHF8TsYmOTADU69%2B%2B%2Fol8yLJTHHQhvr%2Bf5O5wjhPZDddaEMD1lhgrNFX59TpZvCV9M4rSDCIHqoFDFRnsCphC6IUw%3D%22%7D&prevSearchId=1765686709859674781&loginPromo=1
829,Hài lòng với dịch vụ của resort. Buffet sáng khá ngon. Chỉ một điều là menu đồ ăn trưa và tối ở resort không đa dạng.,SOL by Melia Phu Quoc,https://www.traveloka.com/en-vn/hotel/detail?spec=13-05-2023.14-05-2023.1.1.HOTEL.1000000626112.SOL%20by%20Melia%20Phu%20Quoc.1&contexts=%7B%22inventoryRateKey%22%3A%22povEwB3ZzsU2C6pd%2B6MdU13LUNuufACdbU0usK5vg0dM0tKsNUio4Rxug1zOzHJilcvZa8YdqqIySdppe7dolTIewZlxfjiOGz6oXLTucMvN0%2BgQ3yZPvZcoHwUFNN%2BZpcr%2F%2FNa8o9ElfN8zOYhzzZeg0X586laFpeUViPi9rxBmwBdHcCHNVGYbHYVgpznVIvEWeildVo7nbHxIWcXPVNGysXwP9P%2F6jQTjnyKeTv%2ByqYmxSenRKFEfSHS0XO3kZfZPEEhT4qTyZ4NnGlioFk6ay4RXlsebEjOdYqJCyZZxlxUTHNffO2l8jiZZrGWd1F5yTZNH82d3Ski2hEsRD2fxa3MY%2Bk28ILHsNwZ6G%2FNGOtaiV%2Bgh4YG%2FkiP9POwHR1hgSE9JVGuYmbD4FB8l0LkkIBHgoTM4X0fNS81%2BA6f4zV6DxmQzI9dGh%2BP9eA6j%2B%2BfNqDfMsi4qyKjapz8T4qQ%2BjgAtJSRmIL7WdsmYhVjSQb5voiknUxgKT%2Fom%2FJJYAUyxf%2BoM7B5yfJewzeVoU2%2FtVYQKI1lMuX%2BRaPNcBUAvSnVpp3982X8ufymNCG%2Bvqv3rBuUa%2BDAlSlNPC7rHF8TsYmOTADU69%2B%2B%2Fol8yLJTHHQhvr%2Bf5O5wjhPZDddaEMD1lhgrNFX59TpZvCV9M4rSDCIHqoFDFRnsCphC6IUw%3D%22%7D&prevSearchId=1765686709859674781&loginPromo=1
830,"Khách sạn rất đẹp... nhân viên thân thiện, bãi biển đẹp. Chì có điều dịch vụ dọn phòng không được sạch cho lắm. Còn lại tất cả điều rất tuyệt vời. Có xe đưa đón ra sân bay và ra chợ đêm rất chu đáo",SOL by Melia Phu Quoc,https://www.traveloka.com/en-vn/hotel/detail?spec=13-05-2023.14-05-2023.1.1.HOTEL.1000000626112.SOL%20by%20Melia%20Phu%20Quoc.1&contexts=%7B%22inventoryRateKey%22%3A%22povEwB3ZzsU2C6pd%2B6MdU13LUNuufACdbU0usK5vg0dM0tKsNUio4Rxug1zOzHJilcvZa8YdqqIySdppe7dolTIewZlxfjiOGz6oXLTucMvN0%2BgQ3yZPvZcoHwUFNN%2BZpcr%2F%2FNa8o9ElfN8zOYhzzZeg0X586laFpeUViPi9rxBmwBdHcCHNVGYbHYVgpznVIvEWeildVo7nbHxIWcXPVNGysXwP9P%2F6jQTjnyKeTv%2ByqYmxSenRKFEfSHS0XO3kZfZPEEhT4qTyZ4NnGlioFk6ay4RXlsebEjOdYqJCyZZxlxUTHNffO2l8jiZZrGWd1F5yTZNH82d3Ski2hEsRD2fxa3MY%2Bk28ILHsNwZ6G%2FNGOtaiV%2Bgh4YG%2FkiP9POwHR1hgSE9JVGuYmbD4FB8l0LkkIBHgoTM4X0fNS81%2BA6f4zV6DxmQzI9dGh%2BP9eA6j%2B%2BfNqDfMsi4qyKjapz8T4qQ%2BjgAtJSRmIL7WdsmYhVjSQb5voiknUxgKT%2Fom%2FJJYAUyxf%2BoM7B5yfJewzeVoU2%2FtVYQKI1lMuX%2BRaPNcBUAvSnVpp3982X8ufymNCG%2Bvqv3rBuUa%2BDAlSlNPC7rHF8TsYmOTADU69%2B%2B%2Fol8yLJTHHQhvr%2Bf5O5wjhPZDddaEMD1lhgrNFX59TpZvCV9M4rSDCIHqoFDFRnsCphC6IUw%3D%22%7D&prevSearchId=1765686709859674781&loginPromo=1
831,"Dịch vụ tốt. Phòng bày trí đơn giản, sạch sẽ. Kháchsạn ở vị trí hơi xa trung tâm, có xe bus đưa đón nhưng chỉ buổi tối. Bãi biển không được đẹp lắm và tiếc là không thể ngắm mặt trời mọc. Bể bơi rộng rãi và khung cảnh khá đẹp.",SOL by Melia Phu Quoc,https://www.traveloka.com/en-vn/hotel/detail?spec=13-05-2023.14-05-2023.1.1.HOTEL.1000000626112.SOL%20by%20Melia%20Phu%20Quoc.1&contexts=%7B%22inventoryRateKey%22%3A%22povEwB3ZzsU2C6pd%2B6MdU13LUNuufACdbU0usK5vg0dM0tKsNUio4Rxug1zOzHJilcvZa8YdqqIySdppe7dolTIewZlxfjiOGz6oXLTucMvN0%2BgQ3yZPvZcoHwUFNN%2BZpcr%2F%2FNa8o9ElfN8zOYhzzZeg0X586laFpeUViPi9rxBmwBdHcCHNVGYbHYVgpznVIvEWeildVo7nbHxIWcXPVNGysXwP9P%2F6jQTjnyKeTv%2ByqYmxSenRKFEfSHS0XO3kZfZPEEhT4qTyZ4NnGlioFk6ay4RXlsebEjOdYqJCyZZxlxUTHNffO2l8jiZZrGWd1F5yTZNH82d3Ski2hEsRD2fxa3MY%2Bk28ILHsNwZ6G%2FNGOtaiV%2Bgh4YG%2FkiP9POwHR1hgSE9JVGuYmbD4FB8l0LkkIBHgoTM4X0fNS81%2BA6f4zV6DxmQzI9dGh%2BP9eA6j%2B%2BfNqDfMsi4qyKjapz8T4qQ%2BjgAtJSRmIL7WdsmYhVjSQb5voiknUxgKT%2Fom%2FJJYAUyxf%2BoM7B5yfJewzeVoU2%2FtVYQKI1lMuX%2BRaPNcBUAvSnVpp3982X8ufymNCG%2Bvqv3rBuUa%2BDAlSlNPC7rHF8TsYmOTADU69%2B%2B%2Fol8yLJTHHQhvr%2Bf5O5wjhPZDddaEMD1lhgrNFX59TpZvCV9M4rSDCIHqoFDFRnsCphC6IUw%3D%22%7D&prevSearchId=1765686709859674781&loginPromo=1
832,"Mặc dù tôi đã kỹ lưỡng book trước phòng double bed và nhận được xác nhận từ khách sạn. Trên thực tế, họ ghép 2 giường đơn lại thành 1 giường đôi nên khi nằm sẽ bị tách ra. Mỗi sáng dậy tôi đều hứng chịu cơn đau lưng vì không an giấc, nằm giữa giường và khe giường.",SOL by Melia Phu Quoc,https://www.traveloka.com/en-vn/hotel/detail?spec=13-05-2023.14-05-2023.1.1.HOTEL.1000000626112.SOL%20by%20Melia%20Phu%20Quoc.1&contexts=%7B%22inventoryRateKey%22%3A%22povEwB3ZzsU2C6pd%2B6MdU13LUNuufACdbU0usK5vg0dM0tKsNUio4Rxug1zOzHJilcvZa8YdqqIySdppe7dolTIewZlxfjiOGz6oXLTucMvN0%2BgQ3yZPvZcoHwUFNN%2BZpcr%2F%2FNa8o9ElfN8zOYhzzZeg0X586laFpeUViPi9rxBmwBdHcCHNVGYbHYVgpznVIvEWeildVo7nbHxIWcXPVNGysXwP9P%2F6jQTjnyKeTv%2ByqYmxSenRKFEfSHS0XO3kZfZPEEhT4qTyZ4NnGlioFk6ay4RXlsebEjOdYqJCyZZxlxUTHNffO2l8jiZZrGWd1F5yTZNH82d3Ski2hEsRD2fxa3MY%2Bk28ILHsNwZ6G%2FNGOtaiV%2Bgh4YG%2FkiP9POwHR1hgSE9JVGuYmbD4FB8l0LkkIBHgoTM4X0fNS81%2BA6f4zV6DxmQzI9dGh%2BP9eA6j%2B%2BfNqDfMsi4qyKjapz8T4qQ%2BjgAtJSRmIL7WdsmYhVjSQb5voiknUxgKT%2Fom%2FJJYAUyxf%2BoM7B5yfJewzeVoU2%2FtVYQKI1lMuX%2BRaPNcBUAvSnVpp3982X8ufymNCG%2Bvqv3rBuUa%2BDAlSlNPC7rHF8TsYmOTADU69%2B%2B%2Fol8yLJTHHQhvr%2Bf5O5wjhPZDddaEMD1lhgrNFX59TpZvCV9M4rSDCIHqoFDFRnsCphC6IUw%3D%22%7D&prevSearchId=1765686709859674781&loginPromo=1
833,"Hồ bơi rất đẹp, mát mẻ. Cây cối và thiết kế rất dễ thương. Nhưng nhà mình gặp phải vấn để về máy lạnh. Máy lạnh hư không chạy mặc dù kĩ thuật đã lên hỗ trợ, kết quả là 11h đêm phải đổi phòng. Đi bộ giữa 2 khu khá xa mà nhà mình có 2 em bé và người lớn tuổi. Nếu lúc check out bên Sol có xin lỗi thì tốt nhưng không, lúc check out các bạn ý không nhớ mà còn định charge mình thêm tiền vì đầu tiên mình nâng cấp phòng. Mặc dù phòng nâng cấp không ở được vì máy lạnh hư và sau đó ở phòng thường. Bảo trì ở sol cũng không tốt lắm, có vẻ đồ đạc bị cũ nhanh. Bù lại nhân viên hỗ trợ mình nâng cấp phòng rất dễ thương và bạn hỗ trợ hành lý cho mình rất nhiệt tình. Cảm ơn Sol",SOL by Melia Phu Quoc,https://www.traveloka.com/en-vn/hotel/detail?spec=13-05-2023.14-05-2023.1.1.HOTEL.1000000626112.SOL%20by%20Melia%20Phu%20Quoc.1&contexts=%7B%22inventoryRateKey%22%3A%22povEwB3ZzsU2C6pd%2B6MdU13LUNuufACdbU0usK5vg0dM0tKsNUio4Rxug1zOzHJilcvZa8YdqqIySdppe7dolTIewZlxfjiOGz6oXLTucMvN0%2BgQ3yZPvZcoHwUFNN%2BZpcr%2F%2FNa8o9ElfN8zOYhzzZeg0X586laFpeUViPi9rxBmwBdHcCHNVGYbHYVgpznVIvEWeildVo7nbHxIWcXPVNGysXwP9P%2F6jQTjnyKeTv%2ByqYmxSenRKFEfSHS0XO3kZfZPEEhT4qTyZ4NnGlioFk6ay4RXlsebEjOdYqJCyZZxlxUTHNffO2l8jiZZrGWd1F5yTZNH82d3Ski2hEsRD2fxa3MY%2Bk28ILHsNwZ6G%2FNGOtaiV%2Bgh4YG%2FkiP9POwHR1hgSE9JVGuYmbD4FB8l0LkkIBHgoTM4X0fNS81%2BA6f4zV6DxmQzI9dGh%2BP9eA6j%2B%2BfNqDfMsi4qyKjapz8T4qQ%2BjgAtJSRmIL7WdsmYhVjSQb5voiknUxgKT%2Fom%2FJJYAUyxf%2BoM7B5yfJewzeVoU2%2FtVYQKI1lMuX%2BRaPNcBUAvSnVpp3982X8ufymNCG%2Bvqv3rBuUa%2BDAlSlNPC7rHF8TsYmOTADU69%2B%2B%2Fol8yLJTHHQhvr%2Bf5O5wjhPZDddaEMD1lhgrNFX59TpZvCV9M4rSDCIHqoFDFRnsCphC6IUw%3D%22%7D&prevSearchId=1765686709859674781&loginPromo=1
834,Tôi đã có kỷ nghỉ rất tuyệt vời . Lần nào vào Phú Quốc lựa chọn đấu tiên của tôi đều là Sol Beach,SOL by Melia Phu Quoc,https://www.traveloka.com/en-vn/hotel/detail?spec=13-05-2023.14-05-2023.1.1.HOTEL.1000000626112.SOL%20by%20Melia%20Phu%20Quoc.1&contexts=%7B%22inventoryRateKey%22%3A%22povEwB3ZzsU2C6pd%2B6MdU13LUNuufACdbU0usK5vg0dM0tKsNUio4Rxug1zOzHJilcvZa8YdqqIySdppe7dolTIewZlxfjiOGz6oXLTucMvN0%2BgQ3yZPvZcoHwUFNN%2BZpcr%2F%2FNa8o9ElfN8zOYhzzZeg0X586laFpeUViPi9rxBmwBdHcCHNVGYbHYVgpznVIvEWeildVo7nbHxIWcXPVNGysXwP9P%2F6jQTjnyKeTv%2ByqYmxSenRKFEfSHS0XO3kZfZPEEhT4qTyZ4NnGlioFk6ay4RXlsebEjOdYqJCyZZxlxUTHNffO2l8jiZZrGWd1F5yTZNH82d3Ski2hEsRD2fxa3MY%2Bk28ILHsNwZ6G%2FNGOtaiV%2Bgh4YG%2FkiP9POwHR1hgSE9JVGuYmbD4FB8l0LkkIBHgoTM4X0fNS81%2BA6f4zV6DxmQzI9dGh%2BP9eA6j%2B%2BfNqDfMsi4qyKjapz8T4qQ%2BjgAtJSRmIL7WdsmYhVjSQb5voiknUxgKT%2Fom%2FJJYAUyxf%2BoM7B5yfJewzeVoU2%2FtVYQKI1lMuX%2BRaPNcBUAvSnVpp3982X8ufymNCG%2Bvqv3rBuUa%2BDAlSlNPC7rHF8TsYmOTADU69%2B%2B%2Fol8yLJTHHQhvr%2Bf5O5wjhPZDddaEMD1lhgrNFX59TpZvCV9M4rSDCIHqoFDFRnsCphC6IUw%3D%22%7D&prevSearchId=1765686709859674781&loginPromo=1
835,,SOL by Melia Phu Quoc,https://www.traveloka.com/en-vn/hotel/detail?spec=13-05-2023.14-05-2023.1.1.HOTEL.1000000626112.SOL%20by%20Melia%20Phu%20Quoc.1&contexts=%7B%22inventoryRateKey%22%3A%22povEwB3ZzsU2C6pd%2B6MdU13LUNuufACdbU0usK5vg0dM0tKsNUio4Rxug1zOzHJilcvZa8YdqqIySdppe7dolTIewZlxfjiOGz6oXLTucMvN0%2BgQ3yZPvZcoHwUFNN%2BZpcr%2F%2FNa8o9ElfN8zOYhzzZeg0X586laFpeUViPi9rxBmwBdHcCHNVGYbHYVgpznVIvEWeildVo7nbHxIWcXPVNGysXwP9P%2F6jQTjnyKeTv%2ByqYmxSenRKFEfSHS0XO3kZfZPEEhT4qTyZ4NnGlioFk6ay4RXlsebEjOdYqJCyZZxlxUTHNffO2l8jiZZrGWd1F5yTZNH82d3Ski2hEsRD2fxa3MY%2Bk28ILHsNwZ6G%2FNGOtaiV%2Bgh4YG%2FkiP9POwHR1hgSE9JVGuYmbD4FB8l0LkkIBHgoTM4X0fNS81%2BA6f4zV6DxmQzI9dGh%2BP9eA6j%2B%2BfNqDfMsi4qyKjapz8T4qQ%2BjgAtJSRmIL7WdsmYhVjSQb5voiknUxgKT%2Fom%2FJJYAUyxf%2BoM7B5yfJewzeVoU2%2FtVYQKI1lMuX%2BRaPNcBUAvSnVpp3982X8ufymNCG%2Bvqv3rBuUa%2BDAlSlNPC7rHF8TsYmOTADU69%2B%2B%2Fol8yLJTHHQhvr%2Bf5O5wjhPZDddaEMD1lhgrNFX59TpZvCV9M4rSDCIHqoFDFRnsCphC6IUw%3D%22%7D&prevSearchId=1765686709859674781&loginPromo=1
836,Lần sau nhất định sẽ quay lại. Tất cả mọi dịch vụ đều tốt. Có điều đồ ăn không ngon lắm.,SOL by Melia Phu Quoc,https://www.traveloka.com/en-vn/hotel/detail?spec=13-05-2023.14-05-2023.1.1.HOTEL.1000000626112.SOL%20by%20Melia%20Phu%20Quoc.1&contexts=%7B%22inventoryRateKey%22%3A%22povEwB3ZzsU2C6pd%2B6MdU13LUNuufACdbU0usK5vg0dM0tKsNUio4Rxug1zOzHJilcvZa8YdqqIySdppe7dolTIewZlxfjiOGz6oXLTucMvN0%2BgQ3yZPvZcoHwUFNN%2BZpcr%2F%2FNa8o9ElfN8zOYhzzZeg0X586laFpeUViPi9rxBmwBdHcCHNVGYbHYVgpznVIvEWeildVo7nbHxIWcXPVNGysXwP9P%2F6jQTjnyKeTv%2ByqYmxSenRKFEfSHS0XO3kZfZPEEhT4qTyZ4NnGlioFk6ay4RXlsebEjOdYqJCyZZxlxUTHNffO2l8jiZZrGWd1F5yTZNH82d3Ski2hEsRD2fxa3MY%2Bk28ILHsNwZ6G%2FNGOtaiV%2Bgh4YG%2FkiP9POwHR1hgSE9JVGuYmbD4FB8l0LkkIBHgoTM4X0fNS81%2BA6f4zV6DxmQzI9dGh%2BP9eA6j%2B%2BfNqDfMsi4qyKjapz8T4qQ%2BjgAtJSRmIL7WdsmYhVjSQb5voiknUxgKT%2Fom%2FJJYAUyxf%2BoM7B5yfJewzeVoU2%2FtVYQKI1lMuX%2BRaPNcBUAvSnVpp3982X8ufymNCG%2Bvqv3rBuUa%2BDAlSlNPC7rHF8TsYmOTADU69%2B%2B%2Fol8yLJTHHQhvr%2Bf5O5wjhPZDddaEMD1lhgrNFX59TpZvCV9M4rSDCIHqoFDFRnsCphC6IUw%3D%22%7D&prevSearchId=1765686709859674781&loginPromo=1
837,"Tôi đã có một trải nghiệm vô cùng tuyệt vời tại đây, nhân viên chu đáo ân cần. Nếu có dịp tôi sẽ trở lại đây",SOL by Melia Phu Quoc,https://www.traveloka.com/en-vn/hotel/detail?spec=13-05-2023.14-05-2023.1.1.HOTEL.1000000626112.SOL%20by%20Melia%20Phu%20Quoc.1&contexts=%7B%22inventoryRateKey%22%3A%22povEwB3ZzsU2C6pd%2B6MdU13LUNuufACdbU0usK5vg0dM0tKsNUio4Rxug1zOzHJilcvZa8YdqqIySdppe7dolTIewZlxfjiOGz6oXLTucMvN0%2BgQ3yZPvZcoHwUFNN%2BZpcr%2F%2FNa8o9ElfN8zOYhzzZeg0X586laFpeUViPi9rxBmwBdHcCHNVGYbHYVgpznVIvEWeildVo7nbHxIWcXPVNGysXwP9P%2F6jQTjnyKeTv%2ByqYmxSenRKFEfSHS0XO3kZfZPEEhT4qTyZ4NnGlioFk6ay4RXlsebEjOdYqJCyZZxlxUTHNffO2l8jiZZrGWd1F5yTZNH82d3Ski2hEsRD2fxa3MY%2Bk28ILHsNwZ6G%2FNGOtaiV%2Bgh4YG%2FkiP9POwHR1hgSE9JVGuYmbD4FB8l0LkkIBHgoTM4X0fNS81%2BA6f4zV6DxmQzI9dGh%2BP9eA6j%2B%2BfNqDfMsi4qyKjapz8T4qQ%2BjgAtJSRmIL7WdsmYhVjSQb5voiknUxgKT%2Fom%2FJJYAUyxf%2BoM7B5yfJewzeVoU2%2FtVYQKI1lMuX%2BRaPNcBUAvSnVpp3982X8ufymNCG%2Bvqv3rBuUa%2BDAlSlNPC7rHF8TsYmOTADU69%2B%2B%2Fol8yLJTHHQhvr%2Bf5O5wjhPZDddaEMD1lhgrNFX59TpZvCV9M4rSDCIHqoFDFRnsCphC6IUw%3D%22%7D&prevSearchId=1765686709859674781&loginPromo=1
838,,SOL by Melia Phu Quoc,https://www.traveloka.com/en-vn/hotel/detail?spec=13-05-2023.14-05-2023.1.1.HOTEL.1000000626112.SOL%20by%20Melia%20Phu%20Quoc.1&contexts=%7B%22inventoryRateKey%22%3A%22povEwB3ZzsU2C6pd%2B6MdU13LUNuufACdbU0usK5vg0dM0tKsNUio4Rxug1zOzHJilcvZa8YdqqIySdppe7dolTIewZlxfjiOGz6oXLTucMvN0%2BgQ3yZPvZcoHwUFNN%2BZpcr%2F%2FNa8o9ElfN8zOYhzzZeg0X586laFpeUViPi9rxBmwBdHcCHNVGYbHYVgpznVIvEWeildVo7nbHxIWcXPVNGysXwP9P%2F6jQTjnyKeTv%2ByqYmxSenRKFEfSHS0XO3kZfZPEEhT4qTyZ4NnGlioFk6ay4RXlsebEjOdYqJCyZZxlxUTHNffO2l8jiZZrGWd1F5yTZNH82d3Ski2hEsRD2fxa3MY%2Bk28ILHsNwZ6G%2FNGOtaiV%2Bgh4YG%2FkiP9POwHR1hgSE9JVGuYmbD4FB8l0LkkIBHgoTM4X0fNS81%2BA6f4zV6DxmQzI9dGh%2BP9eA6j%2B%2BfNqDfMsi4qyKjapz8T4qQ%2BjgAtJSRmIL7WdsmYhVjSQb5voiknUxgKT%2Fom%2FJJYAUyxf%2BoM7B5yfJewzeVoU2%2FtVYQKI1lMuX%2BRaPNcBUAvSnVpp3982X8ufymNCG%2Bvqv3rBuUa%2BDAlSlNPC7rHF8TsYmOTADU69%2B%2B%2Fol8yLJTHHQhvr%2Bf5O5wjhPZDddaEMD1lhgrNFX59TpZvCV9M4rSDCIHqoFDFRnsCphC6IUw%3D%22%7D&prevSearchId=1765686709859674781&loginPromo=1
839,,SOL by Melia Phu Quoc,https://www.traveloka.com/en-vn/hotel/detail?spec=13-05-2023.14-05-2023.1.1.HOTEL.1000000626112.SOL%20by%20Melia%20Phu%20Quoc.1&contexts=%7B%22inventoryRateKey%22%3A%22povEwB3ZzsU2C6pd%2B6MdU13LUNuufACdbU0usK5vg0dM0tKsNUio4Rxug1zOzHJilcvZa8YdqqIySdppe7dolTIewZlxfjiOGz6oXLTucMvN0%2BgQ3yZPvZcoHwUFNN%2BZpcr%2F%2FNa8o9ElfN8zOYhzzZeg0X586laFpeUViPi9rxBmwBdHcCHNVGYbHYVgpznVIvEWeildVo7nbHxIWcXPVNGysXwP9P%2F6jQTjnyKeTv%2ByqYmxSenRKFEfSHS0XO3kZfZPEEhT4qTyZ4NnGlioFk6ay4RXlsebEjOdYqJCyZZxlxUTHNffO2l8jiZZrGWd1F5yTZNH82d3Ski2hEsRD2fxa3MY%2Bk28ILHsNwZ6G%2FNGOtaiV%2Bgh4YG%2FkiP9POwHR1hgSE9JVGuYmbD4FB8l0LkkIBHgoTM4X0fNS81%2BA6f4zV6DxmQzI9dGh%2BP9eA6j%2B%2BfNqDfMsi4qyKjapz8T4qQ%2BjgAtJSRmIL7WdsmYhVjSQb5voiknUxgKT%2Fom%2FJJYAUyxf%2BoM7B5yfJewzeVoU2%2FtVYQKI1lMuX%2BRaPNcBUAvSnVpp3982X8ufymNCG%2Bvqv3rBuUa%2BDAlSlNPC7rHF8TsYmOTADU69%2B%2B%2Fol8yLJTHHQhvr%2Bf5O5wjhPZDddaEMD1lhgrNFX59TpZvCV9M4rSDCIHqoFDFRnsCphC6IUw%3D%22%7D&prevSearchId=1765686709859674781&loginPromo=1
840,"Một kỳ nghỉ dưỡng tuyệt vời tại Sol Beach House Phú Quốc. Resort cung cấp đầy đủ các tiện nghi và tiện ích. Cơ sở vật chất mới và hiện đại, khuôn viên nhiều cây xanh, thiết kế đẹp. Hồ bơi rất to gồm hồ cho trẻ nhỏ và người lớn, có khu vực bãi biển riêng. Ngoài ra, resort còn có phòng gym và dịch vụ spa. Nhà hàng The Kitchen phục vụ buffet sáng miễn phí với đa dạng món Việt và Tây, ngon và chất lượng. Resort còn cung cấp dịch vụ xe đưa đón sân bay và đưa đón đi thị trấn Dương Đông vô cùng tiện lợi. Nhân viên hoà nhã, thân thiện, chuyên nghiệp. Dịp sau đến Phú Quốc, tôi vẫn sẽ chọn Sol Beach House!",SOL by Melia Phu Quoc,https://www.traveloka.com/en-vn/hotel/detail?spec=13-05-2023.14-05-2023.1.1.HOTEL.1000000626112.SOL%20by%20Melia%20Phu%20Quoc.1&contexts=%7B%22inventoryRateKey%22%3A%22povEwB3ZzsU2C6pd%2B6MdU13LUNuufACdbU0usK5vg0dM0tKsNUio4Rxug1zOzHJilcvZa8YdqqIySdppe7dolTIewZlxfjiOGz6oXLTucMvN0%2BgQ3yZPvZcoHwUFNN%2BZpcr%2F%2FNa8o9ElfN8zOYhzzZeg0X586laFpeUViPi9rxBmwBdHcCHNVGYbHYVgpznVIvEWeildVo7nbHxIWcXPVNGysXwP9P%2F6jQTjnyKeTv%2ByqYmxSenRKFEfSHS0XO3kZfZPEEhT4qTyZ4NnGlioFk6ay4RXlsebEjOdYqJCyZZxlxUTHNffO2l8jiZZrGWd1F5yTZNH82d3Ski2hEsRD2fxa3MY%2Bk28ILHsNwZ6G%2FNGOtaiV%2Bgh4YG%2FkiP9POwHR1hgSE9JVGuYmbD4FB8l0LkkIBHgoTM4X0fNS81%2BA6f4zV6DxmQzI9dGh%2BP9eA6j%2B%2BfNqDfMsi4qyKjapz8T4qQ%2BjgAtJSRmIL7WdsmYhVjSQb5voiknUxgKT%2Fom%2FJJYAUyxf%2BoM7B5yfJewzeVoU2%2FtVYQKI1lMuX%2BRaPNcBUAvSnVpp3982X8ufymNCG%2Bvqv3rBuUa%2BDAlSlNPC7rHF8TsYmOTADU69%2B%2B%2Fol8yLJTHHQhvr%2Bf5O5wjhPZDddaEMD1lhgrNFX59TpZvCV9M4rSDCIHqoFDFRnsCphC6IUw%3D%22%7D&prevSearchId=1765686709859674781&loginPromo=1
841,"1 kì nghỉ tuyệt vời tại Sol Beach House . ưu điểm : 1/ khách sạn gần sân bay , rất thuận tiện di chuyển. 2/ hồ bơi đẹp . 3/ sảnh chờ thiết kế tuyệt vời . 4/ nhân viên thân thiện . 5/ buffet sáng rất ngon và nhiều chọn lựa . 6/ phòng ngủ đẹp , hiện đại và sạch sẽ . nhược điểm : 1/ khá xa khu vực trung tâm , bất tiện cho mua sắm và vui chơi . 2/ các dịch vụ có chi phí khá cao . 3/ hỗ trợ qua điện thoại chưa được niềm nở với khách . 4/ bãi biển khá nhỏ , chỉ có 1 khự vực bơi được rào lại bằng phao. Kết : 1 nơi tuyệt vời để nghỉ dưỡng cùng gia đình , nhưng nếu bạn là một người thích khám phá và tham quan thì vị trí của Sol là chưa phù hợp . Mình sẽ còn quay lại Sol .",SOL by Melia Phu Quoc,https://www.traveloka.com/en-vn/hotel/detail?spec=13-05-2023.14-05-2023.1.1.HOTEL.1000000626112.SOL%20by%20Melia%20Phu%20Quoc.1&contexts=%7B%22inventoryRateKey%22%3A%22povEwB3ZzsU2C6pd%2B6MdU13LUNuufACdbU0usK5vg0dM0tKsNUio4Rxug1zOzHJilcvZa8YdqqIySdppe7dolTIewZlxfjiOGz6oXLTucMvN0%2BgQ3yZPvZcoHwUFNN%2BZpcr%2F%2FNa8o9ElfN8zOYhzzZeg0X586laFpeUViPi9rxBmwBdHcCHNVGYbHYVgpznVIvEWeildVo7nbHxIWcXPVNGysXwP9P%2F6jQTjnyKeTv%2ByqYmxSenRKFEfSHS0XO3kZfZPEEhT4qTyZ4NnGlioFk6ay4RXlsebEjOdYqJCyZZxlxUTHNffO2l8jiZZrGWd1F5yTZNH82d3Ski2hEsRD2fxa3MY%2Bk28ILHsNwZ6G%2FNGOtaiV%2Bgh4YG%2FkiP9POwHR1hgSE9JVGuYmbD4FB8l0LkkIBHgoTM4X0fNS81%2BA6f4zV6DxmQzI9dGh%2BP9eA6j%2B%2BfNqDfMsi4qyKjapz8T4qQ%2BjgAtJSRmIL7WdsmYhVjSQb5voiknUxgKT%2Fom%2FJJYAUyxf%2BoM7B5yfJewzeVoU2%2FtVYQKI1lMuX%2BRaPNcBUAvSnVpp3982X8ufymNCG%2Bvqv3rBuUa%2BDAlSlNPC7rHF8TsYmOTADU69%2B%2B%2Fol8yLJTHHQhvr%2Bf5O5wjhPZDddaEMD1lhgrNFX59TpZvCV9M4rSDCIHqoFDFRnsCphC6IUw%3D%22%7D&prevSearchId=1765686709859674781&loginPromo=1
842,,SOL by Melia Phu Quoc,https://www.traveloka.com/en-vn/hotel/detail?spec=13-05-2023.14-05-2023.1.1.HOTEL.1000000626112.SOL%20by%20Melia%20Phu%20Quoc.1&contexts=%7B%22inventoryRateKey%22%3A%22povEwB3ZzsU2C6pd%2B6MdU13LUNuufACdbU0usK5vg0dM0tKsNUio4Rxug1zOzHJilcvZa8YdqqIySdppe7dolTIewZlxfjiOGz6oXLTucMvN0%2BgQ3yZPvZcoHwUFNN%2BZpcr%2F%2FNa8o9ElfN8zOYhzzZeg0X586laFpeUViPi9rxBmwBdHcCHNVGYbHYVgpznVIvEWeildVo7nbHxIWcXPVNGysXwP9P%2F6jQTjnyKeTv%2ByqYmxSenRKFEfSHS0XO3kZfZPEEhT4qTyZ4NnGlioFk6ay4RXlsebEjOdYqJCyZZxlxUTHNffO2l8jiZZrGWd1F5yTZNH82d3Ski2hEsRD2fxa3MY%2Bk28ILHsNwZ6G%2FNGOtaiV%2Bgh4YG%2FkiP9POwHR1hgSE9JVGuYmbD4FB8l0LkkIBHgoTM4X0fNS81%2BA6f4zV6DxmQzI9dGh%2BP9eA6j%2B%2BfNqDfMsi4qyKjapz8T4qQ%2BjgAtJSRmIL7WdsmYhVjSQb5voiknUxgKT%2Fom%2FJJYAUyxf%2BoM7B5yfJewzeVoU2%2FtVYQKI1lMuX%2BRaPNcBUAvSnVpp3982X8ufymNCG%2Bvqv3rBuUa%2BDAlSlNPC7rHF8TsYmOTADU69%2B%2B%2Fol8yLJTHHQhvr%2Bf5O5wjhPZDddaEMD1lhgrNFX59TpZvCV9M4rSDCIHqoFDFRnsCphC6IUw%3D%22%7D&prevSearchId=1765686709859674781&loginPromo=1
843,"phòng đẹp, sạch sẽ, nhân viên thân thiện, nhiệt tình",SOL by Melia Phu Quoc,https://www.traveloka.com/en-vn/hotel/detail?spec=13-05-2023.14-05-2023.1.1.HOTEL.1000000626112.SOL%20by%20Melia%20Phu%20Quoc.1&contexts=%7B%22inventoryRateKey%22%3A%22povEwB3ZzsU2C6pd%2B6MdU13LUNuufACdbU0usK5vg0dM0tKsNUio4Rxug1zOzHJilcvZa8YdqqIySdppe7dolTIewZlxfjiOGz6oXLTucMvN0%2BgQ3yZPvZcoHwUFNN%2BZpcr%2F%2FNa8o9ElfN8zOYhzzZeg0X586laFpeUViPi9rxBmwBdHcCHNVGYbHYVgpznVIvEWeildVo7nbHxIWcXPVNGysXwP9P%2F6jQTjnyKeTv%2ByqYmxSenRKFEfSHS0XO3kZfZPEEhT4qTyZ4NnGlioFk6ay4RXlsebEjOdYqJCyZZxlxUTHNffO2l8jiZZrGWd1F5yTZNH82d3Ski2hEsRD2fxa3MY%2Bk28ILHsNwZ6G%2FNGOtaiV%2Bgh4YG%2FkiP9POwHR1hgSE9JVGuYmbD4FB8l0LkkIBHgoTM4X0fNS81%2BA6f4zV6DxmQzI9dGh%2BP9eA6j%2B%2BfNqDfMsi4qyKjapz8T4qQ%2BjgAtJSRmIL7WdsmYhVjSQb5voiknUxgKT%2Fom%2FJJYAUyxf%2BoM7B5yfJewzeVoU2%2FtVYQKI1lMuX%2BRaPNcBUAvSnVpp3982X8ufymNCG%2Bvqv3rBuUa%2BDAlSlNPC7rHF8TsYmOTADU69%2B%2B%2Fol8yLJTHHQhvr%2Bf5O5wjhPZDddaEMD1lhgrNFX59TpZvCV9M4rSDCIHqoFDFRnsCphC6IUw%3D%22%7D&prevSearchId=1765686709859674781&loginPromo=1
844,"Resort đẹp, lịch sự vì khách đa phần nước ngoài. Rất thích tone màu của khách sạn. Nhân viên dễ thương, thân thiện, chuyên nghiệp!",SOL by Melia Phu Quoc,https://www.traveloka.com/en-vn/hotel/detail?spec=13-05-2023.14-05-2023.1.1.HOTEL.1000000626112.SOL%20by%20Melia%20Phu%20Quoc.1&contexts=%7B%22inventoryRateKey%22%3A%22povEwB3ZzsU2C6pd%2B6MdU13LUNuufACdbU0usK5vg0dM0tKsNUio4Rxug1zOzHJilcvZa8YdqqIySdppe7dolTIewZlxfjiOGz6oXLTucMvN0%2BgQ3yZPvZcoHwUFNN%2BZpcr%2F%2FNa8o9ElfN8zOYhzzZeg0X586laFpeUViPi9rxBmwBdHcCHNVGYbHYVgpznVIvEWeildVo7nbHxIWcXPVNGysXwP9P%2F6jQTjnyKeTv%2ByqYmxSenRKFEfSHS0XO3kZfZPEEhT4qTyZ4NnGlioFk6ay4RXlsebEjOdYqJCyZZxlxUTHNffO2l8jiZZrGWd1F5yTZNH82d3Ski2hEsRD2fxa3MY%2Bk28ILHsNwZ6G%2FNGOtaiV%2Bgh4YG%2FkiP9POwHR1hgSE9JVGuYmbD4FB8l0LkkIBHgoTM4X0fNS81%2BA6f4zV6DxmQzI9dGh%2BP9eA6j%2B%2BfNqDfMsi4qyKjapz8T4qQ%2BjgAtJSRmIL7WdsmYhVjSQb5voiknUxgKT%2Fom%2FJJYAUyxf%2BoM7B5yfJewzeVoU2%2FtVYQKI1lMuX%2BRaPNcBUAvSnVpp3982X8ufymNCG%2Bvqv3rBuUa%2BDAlSlNPC7rHF8TsYmOTADU69%2B%2B%2Fol8yLJTHHQhvr%2Bf5O5wjhPZDddaEMD1lhgrNFX59TpZvCV9M4rSDCIHqoFDFRnsCphC6IUw%3D%22%7D&prevSearchId=1765686709859674781&loginPromo=1
845,"Mình khá hài lòng khi đến Sol Beach, nhân viên thân thiện, bãi biển, hồ bơi sạch, đẹp. Phòng ở sạch sẽ, yên tịnh. Cách trang trí hiện đại, lịch sự. Riêng không hài lòng lắm ở việc dọn phòng vì nhà mình ở 2 ngày và có nhu cầu dọn phòng nên nhấn chuông thông báo dọn, mà đi ra ngoài cả buổi sáng về thấy phòng vẫn không được dọn, hỏi thì được bạn dọn phòng bảo: thông cảm vì phòng nhiều mà nhân viên ít quá nên không dọn nổi, trừ điểm cho vấn đề này nhé!!!",SOL by Melia Phu Quoc,https://www.traveloka.com/en-vn/hotel/detail?spec=13-05-2023.14-05-2023.1.1.HOTEL.1000000626112.SOL%20by%20Melia%20Phu%20Quoc.1&contexts=%7B%22inventoryRateKey%22%3A%22povEwB3ZzsU2C6pd%2B6MdU13LUNuufACdbU0usK5vg0dM0tKsNUio4Rxug1zOzHJilcvZa8YdqqIySdppe7dolTIewZlxfjiOGz6oXLTucMvN0%2BgQ3yZPvZcoHwUFNN%2BZpcr%2F%2FNa8o9ElfN8zOYhzzZeg0X586laFpeUViPi9rxBmwBdHcCHNVGYbHYVgpznVIvEWeildVo7nbHxIWcXPVNGysXwP9P%2F6jQTjnyKeTv%2ByqYmxSenRKFEfSHS0XO3kZfZPEEhT4qTyZ4NnGlioFk6ay4RXlsebEjOdYqJCyZZxlxUTHNffO2l8jiZZrGWd1F5yTZNH82d3Ski2hEsRD2fxa3MY%2Bk28ILHsNwZ6G%2FNGOtaiV%2Bgh4YG%2FkiP9POwHR1hgSE9JVGuYmbD4FB8l0LkkIBHgoTM4X0fNS81%2BA6f4zV6DxmQzI9dGh%2BP9eA6j%2B%2BfNqDfMsi4qyKjapz8T4qQ%2BjgAtJSRmIL7WdsmYhVjSQb5voiknUxgKT%2Fom%2FJJYAUyxf%2BoM7B5yfJewzeVoU2%2FtVYQKI1lMuX%2BRaPNcBUAvSnVpp3982X8ufymNCG%2Bvqv3rBuUa%2BDAlSlNPC7rHF8TsYmOTADU69%2B%2B%2Fol8yLJTHHQhvr%2Bf5O5wjhPZDddaEMD1lhgrNFX59TpZvCV9M4rSDCIHqoFDFRnsCphC6IUw%3D%22%7D&prevSearchId=1765686709859674781&loginPromo=1
846,"Tháng 11 năm ngoái tôi đã ở đây 5 ngày. Đây là lần thứ 2 tôi ở tại Sol. Có xe bus đưa đón sân bay miễn phí. Tối có bus chở đi trại ngọc trai, khu ẩm thực và chợ đêm, cũng miễn phí luôn nhé. Lần này tôi ở hạng phòng extra beach house. Loại phòng này cao cấp hơn loại phòng big beach house mà lần trước tôi ở. Phòng này tiện nghi nhiều hơn. phòng tầng trệt sau nhà là hồ bơi (tuy rất thích nhưng có rất nhiều muỗi). Mini bar trong phòng là miễn phí lần đầu (2 coca, 2 beer 333, 2 juice mini box). Phòng tắm có luôn cả dao cạo râu. Trong Sol có 3 nhà hàng, kitchen thì chuyên về buffet là nơi ăn sáng luôn nha, giá dinner buffet ở kitchen hơi đắng tầm triệu người. nhà hàng Ola thì chuyên về đồ nướng nhưng giá cũng khá cao. nhà hàng shack thì tiện hơn giá ổn tối hơn 6h có ca sĩ nước ngoài hát tới hơn 11h đêm lận. giá vừa mềm vừa ăn vừa nghe nhạc. uống nước thôi cũng được nước ngọ thì tầm 45k lon, sinh tố thì 105k. dịch vụ phòng cũng ổn, giá tầm nhà hàng shack nhưng mỗi món thêm 15k. Ăn sáng ở kitchen thì không ngon lắm, rất ít món. Có dịch vụ thuê xe máy và xe đạp, đặt trước. Có nhiều tour thăm quan đảo, san hô giá cả khác nhau. rẽ nhất gần 400k nhưng không đi ra đảo chỉ ra bãi sao. 500k thì ổn r thăm được 2 đảo bao gồm ăn trưa. còn tour mắc hơn nữa. và nhân viên ở đây dễ thương nhiệt tình lắm. là nơi đáng để ở và nghĩ dưỡng. hồ bơi chính ở đây bự lắm ạ, ở giữa hồ bơi có quầy bar. bãi biển riêng. cảm thấy rất thõa mãn khi ở đây. đặt biệt phòng cách âm rất tốt. tối nhà hàng shack ca sĩ hát lớn lắm. Nhưng đóng cửa rồi thì không nghe gì hết luôn.",SOL by Melia Phu Quoc,https://www.traveloka.com/en-vn/hotel/detail?spec=13-05-2023.14-05-2023.1.1.HOTEL.1000000626112.SOL%20by%20Melia%20Phu%20Quoc.1&contexts=%7B%22inventoryRateKey%22%3A%22povEwB3ZzsU2C6pd%2B6MdU13LUNuufACdbU0usK5vg0dM0tKsNUio4Rxug1zOzHJilcvZa8YdqqIySdppe7dolTIewZlxfjiOGz6oXLTucMvN0%2BgQ3yZPvZcoHwUFNN%2BZpcr%2F%2FNa8o9ElfN8zOYhzzZeg0X586laFpeUViPi9rxBmwBdHcCHNVGYbHYVgpznVIvEWeildVo7nbHxIWcXPVNGysXwP9P%2F6jQTjnyKeTv%2ByqYmxSenRKFEfSHS0XO3kZfZPEEhT4qTyZ4NnGlioFk6ay4RXlsebEjOdYqJCyZZxlxUTHNffO2l8jiZZrGWd1F5yTZNH82d3Ski2hEsRD2fxa3MY%2Bk28ILHsNwZ6G%2FNGOtaiV%2Bgh4YG%2FkiP9POwHR1hgSE9JVGuYmbD4FB8l0LkkIBHgoTM4X0fNS81%2BA6f4zV6DxmQzI9dGh%2BP9eA6j%2B%2BfNqDfMsi4qyKjapz8T4qQ%2BjgAtJSRmIL7WdsmYhVjSQb5voiknUxgKT%2Fom%2FJJYAUyxf%2BoM7B5yfJewzeVoU2%2FtVYQKI1lMuX%2BRaPNcBUAvSnVpp3982X8ufymNCG%2Bvqv3rBuUa%2BDAlSlNPC7rHF8TsYmOTADU69%2B%2B%2Fol8yLJTHHQhvr%2Bf5O5wjhPZDddaEMD1lhgrNFX59TpZvCV9M4rSDCIHqoFDFRnsCphC6IUw%3D%22%7D&prevSearchId=1765686709859674781&loginPromo=1
847,,SOL by Melia Phu Quoc,https://www.traveloka.com/en-vn/hotel/detail?spec=13-05-2023.14-05-2023.1.1.HOTEL.1000000626112.SOL%20by%20Melia%20Phu%20Quoc.1&contexts=%7B%22inventoryRateKey%22%3A%22povEwB3ZzsU2C6pd%2B6MdU13LUNuufACdbU0usK5vg0dM0tKsNUio4Rxug1zOzHJilcvZa8YdqqIySdppe7dolTIewZlxfjiOGz6oXLTucMvN0%2BgQ3yZPvZcoHwUFNN%2BZpcr%2F%2FNa8o9ElfN8zOYhzzZeg0X586laFpeUViPi9rxBmwBdHcCHNVGYbHYVgpznVIvEWeildVo7nbHxIWcXPVNGysXwP9P%2F6jQTjnyKeTv%2ByqYmxSenRKFEfSHS0XO3kZfZPEEhT4qTyZ4NnGlioFk6ay4RXlsebEjOdYqJCyZZxlxUTHNffO2l8jiZZrGWd1F5yTZNH82d3Ski2hEsRD2fxa3MY%2Bk28ILHsNwZ6G%2FNGOtaiV%2Bgh4YG%2FkiP9POwHR1hgSE9JVGuYmbD4FB8l0LkkIBHgoTM4X0fNS81%2BA6f4zV6DxmQzI9dGh%2BP9eA6j%2B%2BfNqDfMsi4qyKjapz8T4qQ%2BjgAtJSRmIL7WdsmYhVjSQb5voiknUxgKT%2Fom%2FJJYAUyxf%2BoM7B5yfJewzeVoU2%2FtVYQKI1lMuX%2BRaPNcBUAvSnVpp3982X8ufymNCG%2Bvqv3rBuUa%2BDAlSlNPC7rHF8TsYmOTADU69%2B%2B%2Fol8yLJTHHQhvr%2Bf5O5wjhPZDddaEMD1lhgrNFX59TpZvCV9M4rSDCIHqoFDFRnsCphC6IUw%3D%22%7D&prevSearchId=1765686709859674781&loginPromo=1
848,"Kì nghỉ thật tuyệt. Mọi dịch vụ dễ chịu, chúng tôi thật sự rất ấn tượng",SOL by Melia Phu Quoc,https://www.traveloka.com/en-vn/hotel/detail?spec=13-05-2023.14-05-2023.1.1.HOTEL.1000000626112.SOL%20by%20Melia%20Phu%20Quoc.1&contexts=%7B%22inventoryRateKey%22%3A%22povEwB3ZzsU2C6pd%2B6MdU13LUNuufACdbU0usK5vg0dM0tKsNUio4Rxug1zOzHJilcvZa8YdqqIySdppe7dolTIewZlxfjiOGz6oXLTucMvN0%2BgQ3yZPvZcoHwUFNN%2BZpcr%2F%2FNa8o9ElfN8zOYhzzZeg0X586laFpeUViPi9rxBmwBdHcCHNVGYbHYVgpznVIvEWeildVo7nbHxIWcXPVNGysXwP9P%2F6jQTjnyKeTv%2ByqYmxSenRKFEfSHS0XO3kZfZPEEhT4qTyZ4NnGlioFk6ay4RXlsebEjOdYqJCyZZxlxUTHNffO2l8jiZZrGWd1F5yTZNH82d3Ski2hEsRD2fxa3MY%2Bk28ILHsNwZ6G%2FNGOtaiV%2Bgh4YG%2FkiP9POwHR1hgSE9JVGuYmbD4FB8l0LkkIBHgoTM4X0fNS81%2BA6f4zV6DxmQzI9dGh%2BP9eA6j%2B%2BfNqDfMsi4qyKjapz8T4qQ%2BjgAtJSRmIL7WdsmYhVjSQb5voiknUxgKT%2Fom%2FJJYAUyxf%2BoM7B5yfJewzeVoU2%2FtVYQKI1lMuX%2BRaPNcBUAvSnVpp3982X8ufymNCG%2Bvqv3rBuUa%2BDAlSlNPC7rHF8TsYmOTADU69%2B%2B%2Fol8yLJTHHQhvr%2Bf5O5wjhPZDddaEMD1lhgrNFX59TpZvCV9M4rSDCIHqoFDFRnsCphC6IUw%3D%22%7D&prevSearchId=1765686709859674781&loginPromo=1
849,"Phú Quốc có rất nhiều resort đẹp nhưng tôi ấn tượng với Sol vì hồ bơi siêu to và đẹp. Cách trang trí resort cũng dễ gây thiện cảm với người rất thích màu xanh ngọc như tôi. Bước vô sảnh là đã cảm nhận được mùi thơm dìu dịu, các anh chị nhân viên ai cũng dễ thương và thân thiện. Ngạc nhiên nhất là buổi tối có ban nhạc chơi nhạc và hát rất hay, ""Havana"" được hát theo 1 cách rất khác nhưng lại rất hay. Chuyến đi này như 1 món quà mà chồng tôi tặng tôi nhân ngày sinh nhật, và Sol là 1 phần của món quà đó. Cám ơn Sol. Vợ chồng tôi nhất định sẽ quay lại.",SOL by Melia Phu Quoc,https://www.traveloka.com/en-vn/hotel/detail?spec=13-05-2023.14-05-2023.1.1.HOTEL.1000000626112.SOL%20by%20Melia%20Phu%20Quoc.1&contexts=%7B%22inventoryRateKey%22%3A%22povEwB3ZzsU2C6pd%2B6MdU13LUNuufACdbU0usK5vg0dM0tKsNUio4Rxug1zOzHJilcvZa8YdqqIySdppe7dolTIewZlxfjiOGz6oXLTucMvN0%2BgQ3yZPvZcoHwUFNN%2BZpcr%2F%2FNa8o9ElfN8zOYhzzZeg0X586laFpeUViPi9rxBmwBdHcCHNVGYbHYVgpznVIvEWeildVo7nbHxIWcXPVNGysXwP9P%2F6jQTjnyKeTv%2ByqYmxSenRKFEfSHS0XO3kZfZPEEhT4qTyZ4NnGlioFk6ay4RXlsebEjOdYqJCyZZxlxUTHNffO2l8jiZZrGWd1F5yTZNH82d3Ski2hEsRD2fxa3MY%2Bk28ILHsNwZ6G%2FNGOtaiV%2Bgh4YG%2FkiP9POwHR1hgSE9JVGuYmbD4FB8l0LkkIBHgoTM4X0fNS81%2BA6f4zV6DxmQzI9dGh%2BP9eA6j%2B%2BfNqDfMsi4qyKjapz8T4qQ%2BjgAtJSRmIL7WdsmYhVjSQb5voiknUxgKT%2Fom%2FJJYAUyxf%2BoM7B5yfJewzeVoU2%2FtVYQKI1lMuX%2BRaPNcBUAvSnVpp3982X8ufymNCG%2Bvqv3rBuUa%2BDAlSlNPC7rHF8TsYmOTADU69%2B%2B%2Fol8yLJTHHQhvr%2Bf5O5wjhPZDddaEMD1lhgrNFX59TpZvCV9M4rSDCIHqoFDFRnsCphC6IUw%3D%22%7D&prevSearchId=1765686709859674781&loginPromo=1
850,"Tất cả mọi thứ rất tốt, nhân viên nhiệt tình , vui vẻ , nhưng đồ ăn sáng thì hơi ít",SOL by Melia Phu Quoc,https://www.traveloka.com/en-vn/hotel/detail?spec=13-05-2023.14-05-2023.1.1.HOTEL.1000000626112.SOL%20by%20Melia%20Phu%20Quoc.1&contexts=%7B%22inventoryRateKey%22%3A%22povEwB3ZzsU2C6pd%2B6MdU13LUNuufACdbU0usK5vg0dM0tKsNUio4Rxug1zOzHJilcvZa8YdqqIySdppe7dolTIewZlxfjiOGz6oXLTucMvN0%2BgQ3yZPvZcoHwUFNN%2BZpcr%2F%2FNa8o9ElfN8zOYhzzZeg0X586laFpeUViPi9rxBmwBdHcCHNVGYbHYVgpznVIvEWeildVo7nbHxIWcXPVNGysXwP9P%2F6jQTjnyKeTv%2ByqYmxSenRKFEfSHS0XO3kZfZPEEhT4qTyZ4NnGlioFk6ay4RXlsebEjOdYqJCyZZxlxUTHNffO2l8jiZZrGWd1F5yTZNH82d3Ski2hEsRD2fxa3MY%2Bk28ILHsNwZ6G%2FNGOtaiV%2Bgh4YG%2FkiP9POwHR1hgSE9JVGuYmbD4FB8l0LkkIBHgoTM4X0fNS81%2BA6f4zV6DxmQzI9dGh%2BP9eA6j%2B%2BfNqDfMsi4qyKjapz8T4qQ%2BjgAtJSRmIL7WdsmYhVjSQb5voiknUxgKT%2Fom%2FJJYAUyxf%2BoM7B5yfJewzeVoU2%2FtVYQKI1lMuX%2BRaPNcBUAvSnVpp3982X8ufymNCG%2Bvqv3rBuUa%2BDAlSlNPC7rHF8TsYmOTADU69%2B%2B%2Fol8yLJTHHQhvr%2Bf5O5wjhPZDddaEMD1lhgrNFX59TpZvCV9M4rSDCIHqoFDFRnsCphC6IUw%3D%22%7D&prevSearchId=1765686709859674781&loginPromo=1
851,"Khách sạn đẹp, view đẹp, buffet sáng ngon đa dạng",SOL by Melia Phu Quoc,https://www.traveloka.com/en-vn/hotel/detail?spec=13-05-2023.14-05-2023.1.1.HOTEL.1000000626112.SOL%20by%20Melia%20Phu%20Quoc.1&contexts=%7B%22inventoryRateKey%22%3A%22povEwB3ZzsU2C6pd%2B6MdU13LUNuufACdbU0usK5vg0dM0tKsNUio4Rxug1zOzHJilcvZa8YdqqIySdppe7dolTIewZlxfjiOGz6oXLTucMvN0%2BgQ3yZPvZcoHwUFNN%2BZpcr%2F%2FNa8o9ElfN8zOYhzzZeg0X586laFpeUViPi9rxBmwBdHcCHNVGYbHYVgpznVIvEWeildVo7nbHxIWcXPVNGysXwP9P%2F6jQTjnyKeTv%2ByqYmxSenRKFEfSHS0XO3kZfZPEEhT4qTyZ4NnGlioFk6ay4RXlsebEjOdYqJCyZZxlxUTHNffO2l8jiZZrGWd1F5yTZNH82d3Ski2hEsRD2fxa3MY%2Bk28ILHsNwZ6G%2FNGOtaiV%2Bgh4YG%2FkiP9POwHR1hgSE9JVGuYmbD4FB8l0LkkIBHgoTM4X0fNS81%2BA6f4zV6DxmQzI9dGh%2BP9eA6j%2B%2BfNqDfMsi4qyKjapz8T4qQ%2BjgAtJSRmIL7WdsmYhVjSQb5voiknUxgKT%2Fom%2FJJYAUyxf%2BoM7B5yfJewzeVoU2%2FtVYQKI1lMuX%2BRaPNcBUAvSnVpp3982X8ufymNCG%2Bvqv3rBuUa%2BDAlSlNPC7rHF8TsYmOTADU69%2B%2B%2Fol8yLJTHHQhvr%2Bf5O5wjhPZDddaEMD1lhgrNFX59TpZvCV9M4rSDCIHqoFDFRnsCphC6IUw%3D%22%7D&prevSearchId=1765686709859674781&loginPromo=1
852,Rộng rãi bãi biển của resort đẹp,SOL by Melia Phu Quoc,https://www.traveloka.com/en-vn/hotel/detail?spec=13-05-2023.14-05-2023.1.1.HOTEL.1000000626112.SOL%20by%20Melia%20Phu%20Quoc.1&contexts=%7B%22inventoryRateKey%22%3A%22povEwB3ZzsU2C6pd%2B6MdU13LUNuufACdbU0usK5vg0dM0tKsNUio4Rxug1zOzHJilcvZa8YdqqIySdppe7dolTIewZlxfjiOGz6oXLTucMvN0%2BgQ3yZPvZcoHwUFNN%2BZpcr%2F%2FNa8o9ElfN8zOYhzzZeg0X586laFpeUViPi9rxBmwBdHcCHNVGYbHYVgpznVIvEWeildVo7nbHxIWcXPVNGysXwP9P%2F6jQTjnyKeTv%2ByqYmxSenRKFEfSHS0XO3kZfZPEEhT4qTyZ4NnGlioFk6ay4RXlsebEjOdYqJCyZZxlxUTHNffO2l8jiZZrGWd1F5yTZNH82d3Ski2hEsRD2fxa3MY%2Bk28ILHsNwZ6G%2FNGOtaiV%2Bgh4YG%2FkiP9POwHR1hgSE9JVGuYmbD4FB8l0LkkIBHgoTM4X0fNS81%2BA6f4zV6DxmQzI9dGh%2BP9eA6j%2B%2BfNqDfMsi4qyKjapz8T4qQ%2BjgAtJSRmIL7WdsmYhVjSQb5voiknUxgKT%2Fom%2FJJYAUyxf%2BoM7B5yfJewzeVoU2%2FtVYQKI1lMuX%2BRaPNcBUAvSnVpp3982X8ufymNCG%2Bvqv3rBuUa%2BDAlSlNPC7rHF8TsYmOTADU69%2B%2B%2Fol8yLJTHHQhvr%2Bf5O5wjhPZDddaEMD1lhgrNFX59TpZvCV9M4rSDCIHqoFDFRnsCphC6IUw%3D%22%7D&prevSearchId=1765686709859674781&loginPromo=1
853,,SOL by Melia Phu Quoc,https://www.traveloka.com/en-vn/hotel/detail?spec=13-05-2023.14-05-2023.1.1.HOTEL.1000000626112.SOL%20by%20Melia%20Phu%20Quoc.1&contexts=%7B%22inventoryRateKey%22%3A%22povEwB3ZzsU2C6pd%2B6MdU13LUNuufACdbU0usK5vg0dM0tKsNUio4Rxug1zOzHJilcvZa8YdqqIySdppe7dolTIewZlxfjiOGz6oXLTucMvN0%2BgQ3yZPvZcoHwUFNN%2BZpcr%2F%2FNa8o9ElfN8zOYhzzZeg0X586laFpeUViPi9rxBmwBdHcCHNVGYbHYVgpznVIvEWeildVo7nbHxIWcXPVNGysXwP9P%2F6jQTjnyKeTv%2ByqYmxSenRKFEfSHS0XO3kZfZPEEhT4qTyZ4NnGlioFk6ay4RXlsebEjOdYqJCyZZxlxUTHNffO2l8jiZZrGWd1F5yTZNH82d3Ski2hEsRD2fxa3MY%2Bk28ILHsNwZ6G%2FNGOtaiV%2Bgh4YG%2FkiP9POwHR1hgSE9JVGuYmbD4FB8l0LkkIBHgoTM4X0fNS81%2BA6f4zV6DxmQzI9dGh%2BP9eA6j%2B%2BfNqDfMsi4qyKjapz8T4qQ%2BjgAtJSRmIL7WdsmYhVjSQb5voiknUxgKT%2Fom%2FJJYAUyxf%2BoM7B5yfJewzeVoU2%2FtVYQKI1lMuX%2BRaPNcBUAvSnVpp3982X8ufymNCG%2Bvqv3rBuUa%2BDAlSlNPC7rHF8TsYmOTADU69%2B%2B%2Fol8yLJTHHQhvr%2Bf5O5wjhPZDddaEMD1lhgrNFX59TpZvCV9M4rSDCIHqoFDFRnsCphC6IUw%3D%22%7D&prevSearchId=1765686709859674781&loginPromo=1
854,"Không gian yên bình, hồ bơi đẹp, đồ ăn tại Shack rất ngon. Nhân viên, du khách vui vẻ và thân thiện. Có dịp mình sẽ đi lại.",SOL by Melia Phu Quoc,https://www.traveloka.com/en-vn/hotel/detail?spec=13-05-2023.14-05-2023.1.1.HOTEL.1000000626112.SOL%20by%20Melia%20Phu%20Quoc.1&contexts=%7B%22inventoryRateKey%22%3A%22povEwB3ZzsU2C6pd%2B6MdU13LUNuufACdbU0usK5vg0dM0tKsNUio4Rxug1zOzHJilcvZa8YdqqIySdppe7dolTIewZlxfjiOGz6oXLTucMvN0%2BgQ3yZPvZcoHwUFNN%2BZpcr%2F%2FNa8o9ElfN8zOYhzzZeg0X586laFpeUViPi9rxBmwBdHcCHNVGYbHYVgpznVIvEWeildVo7nbHxIWcXPVNGysXwP9P%2F6jQTjnyKeTv%2ByqYmxSenRKFEfSHS0XO3kZfZPEEhT4qTyZ4NnGlioFk6ay4RXlsebEjOdYqJCyZZxlxUTHNffO2l8jiZZrGWd1F5yTZNH82d3Ski2hEsRD2fxa3MY%2Bk28ILHsNwZ6G%2FNGOtaiV%2Bgh4YG%2FkiP9POwHR1hgSE9JVGuYmbD4FB8l0LkkIBHgoTM4X0fNS81%2BA6f4zV6DxmQzI9dGh%2BP9eA6j%2B%2BfNqDfMsi4qyKjapz8T4qQ%2BjgAtJSRmIL7WdsmYhVjSQb5voiknUxgKT%2Fom%2FJJYAUyxf%2BoM7B5yfJewzeVoU2%2FtVYQKI1lMuX%2BRaPNcBUAvSnVpp3982X8ufymNCG%2Bvqv3rBuUa%2BDAlSlNPC7rHF8TsYmOTADU69%2B%2B%2Fol8yLJTHHQhvr%2Bf5O5wjhPZDddaEMD1lhgrNFX59TpZvCV9M4rSDCIHqoFDFRnsCphC6IUw%3D%22%7D&prevSearchId=1765686709859674781&loginPromo=1
855,"Khách sạn sạch sẽ, nhân viên nhiệt tình và dễ mến, tuy nhiên chúng tôi đã bị ngộ độc thức ăn trong suốt 5 ngày ở Sol beach. Điều bất tiện là Sol beach ở khá xa trung tâm nên việc đi đến bệnh viện rất bất tiện, chúng tôi có hỏi tiếp tân về thuốc và y tá nhưng chỉ nhận được câu trả lời là y tá hiện không làm việc vì lúc đó đã tối",SOL by Melia Phu Quoc,https://www.traveloka.com/en-vn/hotel/detail?spec=13-05-2023.14-05-2023.1.1.HOTEL.1000000626112.SOL%20by%20Melia%20Phu%20Quoc.1&contexts=%7B%22inventoryRateKey%22%3A%22povEwB3ZzsU2C6pd%2B6MdU13LUNuufACdbU0usK5vg0dM0tKsNUio4Rxug1zOzHJilcvZa8YdqqIySdppe7dolTIewZlxfjiOGz6oXLTucMvN0%2BgQ3yZPvZcoHwUFNN%2BZpcr%2F%2FNa8o9ElfN8zOYhzzZeg0X586laFpeUViPi9rxBmwBdHcCHNVGYbHYVgpznVIvEWeildVo7nbHxIWcXPVNGysXwP9P%2F6jQTjnyKeTv%2ByqYmxSenRKFEfSHS0XO3kZfZPEEhT4qTyZ4NnGlioFk6ay4RXlsebEjOdYqJCyZZxlxUTHNffO2l8jiZZrGWd1F5yTZNH82d3Ski2hEsRD2fxa3MY%2Bk28ILHsNwZ6G%2FNGOtaiV%2Bgh4YG%2FkiP9POwHR1hgSE9JVGuYmbD4FB8l0LkkIBHgoTM4X0fNS81%2BA6f4zV6DxmQzI9dGh%2BP9eA6j%2B%2BfNqDfMsi4qyKjapz8T4qQ%2BjgAtJSRmIL7WdsmYhVjSQb5voiknUxgKT%2Fom%2FJJYAUyxf%2BoM7B5yfJewzeVoU2%2FtVYQKI1lMuX%2BRaPNcBUAvSnVpp3982X8ufymNCG%2Bvqv3rBuUa%2BDAlSlNPC7rHF8TsYmOTADU69%2B%2B%2Fol8yLJTHHQhvr%2Bf5O5wjhPZDddaEMD1lhgrNFX59TpZvCV9M4rSDCIHqoFDFRnsCphC6IUw%3D%22%7D&prevSearchId=1765686709859674781&loginPromo=1
856,"Kỳ nghỉ tuyệt vời!!!! Chọn chuyến đi nghỉ dưỡng cho cả gia đình nên mình chọn Sol Beach House. Vị trí: cách sân bay 15p taxi. Đi chợ Đêm vào trung tâm cũng khá gần. Khách sạn có xe bus vào trung tâm free nhưng phải đăng ký trước. Còn không thì đi taxi cũng không sao khoảng 140k tiền taxi. Gần bãi sao, hoặc ghé Hàm Ninh ăn hải sản cũng rất tuyệt. Nhưng do mình chọn chuyến đi nghỉ dưỡng nên ngoài đi ăn và tranh thủ 1 đêm đi Chợ Đêm thì mình không đi đâu nhiều. Vì ở Resort rất đã nên cũng không cần đi đâu. Phòng ngủ: Đã lắm luôn, mình ở loại phòng Suite bự nhất của Khách sạn nên rất rộng, có ban công giường nằm ngoài ban công, phòng tắm siêu bự và sang. Thiết kế theo phong cách Tây Ban Nha nên màu sắc xinh ơi là xinh. Nhận phòng còn được tặng combo nón lá, túi vải và thiệp. Siêu yêu. Trong phòng có máy pha cafe trà, áo khoác tắm, áo choàng có cả dù và khăn tắm biển cho khách. Combo đồ trong phòng tắm cũng rất đã, có nước rửa tay, dưỡng da tinh dầu .... đều là loại xịn. Hồ bơi: là điểm cộng lớn nhất với 2 khu. 1 khu người lớn có quầy bar giữa hồ vừa bơi vừa nghe nhạc. 1 khu cho trẻ em với chòi có giường nước lài lài mắc cá, chụp mọi góc đều sang chảnh. Võng và ghế xung quanh. Ngồi ở hồ bơi ngắm được hoàng hôn đẹp lắm luôn. Bãi biển: Có bãi biển riêng, sạch, cát trắng biển xanh. Có hàng ghế và giường võng xích đu dọc bờ biển cho khách nên thích lắm. Quầy bar: do khách sạn phong cách tây ban nha nên đa số người nước ngoài, có nhạc sống do ca sĩ vũ công người Tây Ban Nha, mọi người nhảy múa cùng nhau rất vui và thoải mái. Mà giá không hề mắc nha. Chừng 100k/ly sinh tố. Nhà hàng: điểm trừ nhẹ duy nhất, toàn món Tây nên không hợp khẩu vị mà đồ ăn menu trong phòng siêu mắc. Trưa và tối cũng chỉ có buffet Tây như buổi sáng nên cũng không có gì ăn. Tốt nhất là ra ngoài Hàm Ninh ăn. Hôm sau mình xin số điện thoại quán ngoài Hàm Ninh rồi kiu giao vào trong Kháchsạn ăn. Kháchsạn cho mượn chén dĩa chứ cũng không phụ thu. Nhưng nhớ dọn dẹp sạch sẽ nhé. Nhân viên: chuẩn quốc tế, lịch sự ăn nhẹ nói khẽ cười duyên. Anh check in còn cho mình deal nâng cấp phòng cực ưu đãi nên là cưng lắm. Các bạn lễ tân và sảnh cũng rất dễ thương nhiệt tình chỉ mình chỗ ăn uống đi chơi. À một điểm trừ không nhẹ nữa là tuy đã thanh toán hết qua app nhưng Khách sạn yêu cầu cọc thêm 4 triệu nữa (mình đi 4 người lớn 1 trẻ em) nếu không phát sinh gì thì sẽ đưa lại. Nhưng mình nghĩ điều này không thật cần thiết và nhiều người sẽ khó chịu nếu không được thông báo trước. Nói chung là vô nhận phòng và ở 3 ngày 2 đêm cũng ưng quá nên cũng xí xoá bỏ qua. Đánh giá chung: 8.9/10 Thank Sol Beach House cho kì nghỉ gia đình kết hợp Valentine hết sức tuyệt vời.",SOL by Melia Phu Quoc,https://www.traveloka.com/en-vn/hotel/detail?spec=13-05-2023.14-05-2023.1.1.HOTEL.1000000626112.SOL%20by%20Melia%20Phu%20Quoc.1&contexts=%7B%22inventoryRateKey%22%3A%22povEwB3ZzsU2C6pd%2B6MdU13LUNuufACdbU0usK5vg0dM0tKsNUio4Rxug1zOzHJilcvZa8YdqqIySdppe7dolTIewZlxfjiOGz6oXLTucMvN0%2BgQ3yZPvZcoHwUFNN%2BZpcr%2F%2FNa8o9ElfN8zOYhzzZeg0X586laFpeUViPi9rxBmwBdHcCHNVGYbHYVgpznVIvEWeildVo7nbHxIWcXPVNGysXwP9P%2F6jQTjnyKeTv%2ByqYmxSenRKFEfSHS0XO3kZfZPEEhT4qTyZ4NnGlioFk6ay4RXlsebEjOdYqJCyZZxlxUTHNffO2l8jiZZrGWd1F5yTZNH82d3Ski2hEsRD2fxa3MY%2Bk28ILHsNwZ6G%2FNGOtaiV%2Bgh4YG%2FkiP9POwHR1hgSE9JVGuYmbD4FB8l0LkkIBHgoTM4X0fNS81%2BA6f4zV6DxmQzI9dGh%2BP9eA6j%2B%2BfNqDfMsi4qyKjapz8T4qQ%2BjgAtJSRmIL7WdsmYhVjSQb5voiknUxgKT%2Fom%2FJJYAUyxf%2BoM7B5yfJewzeVoU2%2FtVYQKI1lMuX%2BRaPNcBUAvSnVpp3982X8ufymNCG%2Bvqv3rBuUa%2BDAlSlNPC7rHF8TsYmOTADU69%2B%2B%2Fol8yLJTHHQhvr%2Bf5O5wjhPZDddaEMD1lhgrNFX59TpZvCV9M4rSDCIHqoFDFRnsCphC6IUw%3D%22%7D&prevSearchId=1765686709859674781&loginPromo=1
857,"Resort khá đẹp, sạch sẽ, nhân viên thân thiện. Kỳ nghĩ của tôi sẽ hoàn hảo nếu không có sự việc của nhân viên nhà hàng Kitchen: sáng ngày 26/2 gia đình tôi có xuống ăn sáng tại nhà hàng Kitchen lúc 9g hơn. Được 1 lúc thì con tôi đau bụng nên tôi dẫn con lên phòng đi toilet vì trong nhà hàng không có toilet. Khoảng 15p sau tôi quay lại, tầm cỡ 9h45,50,vừa vô thì có 1 bạn nữ nhân viên (tóc nhuộm nâu vàng) đang dọn bàn gần đó hỏi tôi là “sáng chị vô đây ăn rồi phải không”, tôi chưa kịp trả lời thì bạn tiếp luôn “giờ chị không được ăn nữa, không được lấy đồ ăn để ăn nữa”, xong tôi chỉ nói là “chồng tôi đang ăn sáng trong đây, tôi vào ngồi cùng”. Trong suốt thời gian đó tôi đợi gặp quản lý nhưng không thấy, tôi về lại phòng có gọi lễ tân, lễ tân xin lỗi các kiểu nhưng hôm sau tôi đến ăn nữa thì vẫn không có phản hồi từ bên nhà hàng. Tôi cũng làm trong ngành dịch vụ nên tôi hiểu, nhưng các bạn cư xử kém quá, resort 4 sao mà để nhân viên ăn nói như thế với khách. Nếu resort có chính sách rõ ràng là không cho khách quay lại thì tại sao không phát thẻ ăn sáng như những chỗ khác. Và tại sao khách nước ngoài đi ra vô như tôi các bạn không nói, mắc người Việt thì các bạn nói. Không lẽ các bạn không nói được tiếng anh nên cho qua, còn tiếng Việt các bạn giỏi nên muốn thể hiện. Mà nói như vậy là coi thường khách hàng, tôi không có đói hay thiếu thốn để mà phải làm như vậy. Cách xử lý của resort cũng quá kém, tôi đã phản ánh trực tiếp đến lễ tân mà chỉ là xin lỗi vì nhân viên đó mới và cũng không có phản hồi gì từ nhà hàng. Đừng lấy lý do là nhân viên mới, do khách sạn không chuyên nghiệp, coi thường khách.",SOL by Melia Phu Quoc,https://www.traveloka.com/en-vn/hotel/detail?spec=13-05-2023.14-05-2023.1.1.HOTEL.1000000626112.SOL%20by%20Melia%20Phu%20Quoc.1&contexts=%7B%22inventoryRateKey%22%3A%22povEwB3ZzsU2C6pd%2B6MdU13LUNuufACdbU0usK5vg0dM0tKsNUio4Rxug1zOzHJilcvZa8YdqqIySdppe7dolTIewZlxfjiOGz6oXLTucMvN0%2BgQ3yZPvZcoHwUFNN%2BZpcr%2F%2FNa8o9ElfN8zOYhzzZeg0X586laFpeUViPi9rxBmwBdHcCHNVGYbHYVgpznVIvEWeildVo7nbHxIWcXPVNGysXwP9P%2F6jQTjnyKeTv%2ByqYmxSenRKFEfSHS0XO3kZfZPEEhT4qTyZ4NnGlioFk6ay4RXlsebEjOdYqJCyZZxlxUTHNffO2l8jiZZrGWd1F5yTZNH82d3Ski2hEsRD2fxa3MY%2Bk28ILHsNwZ6G%2FNGOtaiV%2Bgh4YG%2FkiP9POwHR1hgSE9JVGuYmbD4FB8l0LkkIBHgoTM4X0fNS81%2BA6f4zV6DxmQzI9dGh%2BP9eA6j%2B%2BfNqDfMsi4qyKjapz8T4qQ%2BjgAtJSRmIL7WdsmYhVjSQb5voiknUxgKT%2Fom%2FJJYAUyxf%2BoM7B5yfJewzeVoU2%2FtVYQKI1lMuX%2BRaPNcBUAvSnVpp3982X8ufymNCG%2Bvqv3rBuUa%2BDAlSlNPC7rHF8TsYmOTADU69%2B%2B%2Fol8yLJTHHQhvr%2Bf5O5wjhPZDddaEMD1lhgrNFX59TpZvCV9M4rSDCIHqoFDFRnsCphC6IUw%3D%22%7D&prevSearchId=1765686709859674781&loginPromo=1
858,Lần tới phú quốc sẽ vẫn quay lại sol nhânviên phục vụ tốt phòng sạch sẽ bể bơi đẹp sạch nói chung rất oki,SOL by Melia Phu Quoc,https://www.traveloka.com/en-vn/hotel/detail?spec=13-05-2023.14-05-2023.1.1.HOTEL.1000000626112.SOL%20by%20Melia%20Phu%20Quoc.1&contexts=%7B%22inventoryRateKey%22%3A%22povEwB3ZzsU2C6pd%2B6MdU13LUNuufACdbU0usK5vg0dM0tKsNUio4Rxug1zOzHJilcvZa8YdqqIySdppe7dolTIewZlxfjiOGz6oXLTucMvN0%2BgQ3yZPvZcoHwUFNN%2BZpcr%2F%2FNa8o9ElfN8zOYhzzZeg0X586laFpeUViPi9rxBmwBdHcCHNVGYbHYVgpznVIvEWeildVo7nbHxIWcXPVNGysXwP9P%2F6jQTjnyKeTv%2ByqYmxSenRKFEfSHS0XO3kZfZPEEhT4qTyZ4NnGlioFk6ay4RXlsebEjOdYqJCyZZxlxUTHNffO2l8jiZZrGWd1F5yTZNH82d3Ski2hEsRD2fxa3MY%2Bk28ILHsNwZ6G%2FNGOtaiV%2Bgh4YG%2FkiP9POwHR1hgSE9JVGuYmbD4FB8l0LkkIBHgoTM4X0fNS81%2BA6f4zV6DxmQzI9dGh%2BP9eA6j%2B%2BfNqDfMsi4qyKjapz8T4qQ%2BjgAtJSRmIL7WdsmYhVjSQb5voiknUxgKT%2Fom%2FJJYAUyxf%2BoM7B5yfJewzeVoU2%2FtVYQKI1lMuX%2BRaPNcBUAvSnVpp3982X8ufymNCG%2Bvqv3rBuUa%2BDAlSlNPC7rHF8TsYmOTADU69%2B%2B%2Fol8yLJTHHQhvr%2Bf5O5wjhPZDddaEMD1lhgrNFX59TpZvCV9M4rSDCIHqoFDFRnsCphC6IUw%3D%22%7D&prevSearchId=1765686709859674781&loginPromo=1
859,,SOL by Melia Phu Quoc,https://www.traveloka.com/en-vn/hotel/detail?spec=13-05-2023.14-05-2023.1.1.HOTEL.1000000626112.SOL%20by%20Melia%20Phu%20Quoc.1&contexts=%7B%22inventoryRateKey%22%3A%22povEwB3ZzsU2C6pd%2B6MdU13LUNuufACdbU0usK5vg0dM0tKsNUio4Rxug1zOzHJilcvZa8YdqqIySdppe7dolTIewZlxfjiOGz6oXLTucMvN0%2BgQ3yZPvZcoHwUFNN%2BZpcr%2F%2FNa8o9ElfN8zOYhzzZeg0X586laFpeUViPi9rxBmwBdHcCHNVGYbHYVgpznVIvEWeildVo7nbHxIWcXPVNGysXwP9P%2F6jQTjnyKeTv%2ByqYmxSenRKFEfSHS0XO3kZfZPEEhT4qTyZ4NnGlioFk6ay4RXlsebEjOdYqJCyZZxlxUTHNffO2l8jiZZrGWd1F5yTZNH82d3Ski2hEsRD2fxa3MY%2Bk28ILHsNwZ6G%2FNGOtaiV%2Bgh4YG%2FkiP9POwHR1hgSE9JVGuYmbD4FB8l0LkkIBHgoTM4X0fNS81%2BA6f4zV6DxmQzI9dGh%2BP9eA6j%2B%2BfNqDfMsi4qyKjapz8T4qQ%2BjgAtJSRmIL7WdsmYhVjSQb5voiknUxgKT%2Fom%2FJJYAUyxf%2BoM7B5yfJewzeVoU2%2FtVYQKI1lMuX%2BRaPNcBUAvSnVpp3982X8ufymNCG%2Bvqv3rBuUa%2BDAlSlNPC7rHF8TsYmOTADU69%2B%2B%2Fol8yLJTHHQhvr%2Bf5O5wjhPZDddaEMD1lhgrNFX59TpZvCV9M4rSDCIHqoFDFRnsCphC6IUw%3D%22%7D&prevSearchId=1765686709859674781&loginPromo=1
860,Resort rất đẹp. Decor rất hợp ý mình. Chỉ có 1 vấn đề là bãi biển tắm có sứa. Bạn gái mình tắm bị sứa cắn :v,SOL by Melia Phu Quoc,https://www.traveloka.com/en-vn/hotel/detail?spec=13-05-2023.14-05-2023.1.1.HOTEL.1000000626112.SOL%20by%20Melia%20Phu%20Quoc.1&contexts=%7B%22inventoryRateKey%22%3A%22povEwB3ZzsU2C6pd%2B6MdU13LUNuufACdbU0usK5vg0dM0tKsNUio4Rxug1zOzHJilcvZa8YdqqIySdppe7dolTIewZlxfjiOGz6oXLTucMvN0%2BgQ3yZPvZcoHwUFNN%2BZpcr%2F%2FNa8o9ElfN8zOYhzzZeg0X586laFpeUViPi9rxBmwBdHcCHNVGYbHYVgpznVIvEWeildVo7nbHxIWcXPVNGysXwP9P%2F6jQTjnyKeTv%2ByqYmxSenRKFEfSHS0XO3kZfZPEEhT4qTyZ4NnGlioFk6ay4RXlsebEjOdYqJCyZZxlxUTHNffO2l8jiZZrGWd1F5yTZNH82d3Ski2hEsRD2fxa3MY%2Bk28ILHsNwZ6G%2FNGOtaiV%2Bgh4YG%2FkiP9POwHR1hgSE9JVGuYmbD4FB8l0LkkIBHgoTM4X0fNS81%2BA6f4zV6DxmQzI9dGh%2BP9eA6j%2B%2BfNqDfMsi4qyKjapz8T4qQ%2BjgAtJSRmIL7WdsmYhVjSQb5voiknUxgKT%2Fom%2FJJYAUyxf%2BoM7B5yfJewzeVoU2%2FtVYQKI1lMuX%2BRaPNcBUAvSnVpp3982X8ufymNCG%2Bvqv3rBuUa%2BDAlSlNPC7rHF8TsYmOTADU69%2B%2B%2Fol8yLJTHHQhvr%2Bf5O5wjhPZDddaEMD1lhgrNFX59TpZvCV9M4rSDCIHqoFDFRnsCphC6IUw%3D%22%7D&prevSearchId=1765686709859674781&loginPromo=1
861,"Tôi đã có thời gian rất thoải mái tại đây. Không gian rộng rãi, thoáng mát và rất đẹp, rất phong cách. Nhân viên dễ thương, chu đáo. Phòng rộng và sạch, view biển đẹp. Đồ ăn sáng tuy không phong phú lắm nhưng ngon. Bãi biển riêng sạch, hồ bơi rất tuyệt, club bãi biển mỗi tối càng tuyệt vời hơn. Có dịp tôi sẽ quay lại.",SOL by Melia Phu Quoc,https://www.traveloka.com/en-vn/hotel/detail?spec=13-05-2023.14-05-2023.1.1.HOTEL.1000000626112.SOL%20by%20Melia%20Phu%20Quoc.1&contexts=%7B%22inventoryRateKey%22%3A%22povEwB3ZzsU2C6pd%2B6MdU13LUNuufACdbU0usK5vg0dM0tKsNUio4Rxug1zOzHJilcvZa8YdqqIySdppe7dolTIewZlxfjiOGz6oXLTucMvN0%2BgQ3yZPvZcoHwUFNN%2BZpcr%2F%2FNa8o9ElfN8zOYhzzZeg0X586laFpeUViPi9rxBmwBdHcCHNVGYbHYVgpznVIvEWeildVo7nbHxIWcXPVNGysXwP9P%2F6jQTjnyKeTv%2ByqYmxSenRKFEfSHS0XO3kZfZPEEhT4qTyZ4NnGlioFk6ay4RXlsebEjOdYqJCyZZxlxUTHNffO2l8jiZZrGWd1F5yTZNH82d3Ski2hEsRD2fxa3MY%2Bk28ILHsNwZ6G%2FNGOtaiV%2Bgh4YG%2FkiP9POwHR1hgSE9JVGuYmbD4FB8l0LkkIBHgoTM4X0fNS81%2BA6f4zV6DxmQzI9dGh%2BP9eA6j%2B%2BfNqDfMsi4qyKjapz8T4qQ%2BjgAtJSRmIL7WdsmYhVjSQb5voiknUxgKT%2Fom%2FJJYAUyxf%2BoM7B5yfJewzeVoU2%2FtVYQKI1lMuX%2BRaPNcBUAvSnVpp3982X8ufymNCG%2Bvqv3rBuUa%2BDAlSlNPC7rHF8TsYmOTADU69%2B%2B%2Fol8yLJTHHQhvr%2Bf5O5wjhPZDddaEMD1lhgrNFX59TpZvCV9M4rSDCIHqoFDFRnsCphC6IUw%3D%22%7D&prevSearchId=1765686709859674781&loginPromo=1
862,,SOL by Melia Phu Quoc,https://www.traveloka.com/en-vn/hotel/detail?spec=13-05-2023.14-05-2023.1.1.HOTEL.1000000626112.SOL%20by%20Melia%20Phu%20Quoc.1&contexts=%7B%22inventoryRateKey%22%3A%22povEwB3ZzsU2C6pd%2B6MdU13LUNuufACdbU0usK5vg0dM0tKsNUio4Rxug1zOzHJilcvZa8YdqqIySdppe7dolTIewZlxfjiOGz6oXLTucMvN0%2BgQ3yZPvZcoHwUFNN%2BZpcr%2F%2FNa8o9ElfN8zOYhzzZeg0X586laFpeUViPi9rxBmwBdHcCHNVGYbHYVgpznVIvEWeildVo7nbHxIWcXPVNGysXwP9P%2F6jQTjnyKeTv%2ByqYmxSenRKFEfSHS0XO3kZfZPEEhT4qTyZ4NnGlioFk6ay4RXlsebEjOdYqJCyZZxlxUTHNffO2l8jiZZrGWd1F5yTZNH82d3Ski2hEsRD2fxa3MY%2Bk28ILHsNwZ6G%2FNGOtaiV%2Bgh4YG%2FkiP9POwHR1hgSE9JVGuYmbD4FB8l0LkkIBHgoTM4X0fNS81%2BA6f4zV6DxmQzI9dGh%2BP9eA6j%2B%2BfNqDfMsi4qyKjapz8T4qQ%2BjgAtJSRmIL7WdsmYhVjSQb5voiknUxgKT%2Fom%2FJJYAUyxf%2BoM7B5yfJewzeVoU2%2FtVYQKI1lMuX%2BRaPNcBUAvSnVpp3982X8ufymNCG%2Bvqv3rBuUa%2BDAlSlNPC7rHF8TsYmOTADU69%2B%2B%2Fol8yLJTHHQhvr%2Bf5O5wjhPZDddaEMD1lhgrNFX59TpZvCV9M4rSDCIHqoFDFRnsCphC6IUw%3D%22%7D&prevSearchId=1765686709859674781&loginPromo=1
863,"Phòng ốc sạch sẽ. Bể bơi đẹp. Tất cả mọi thứ khá tuyệt. Nhưng nhânviên hướng dẫn không chi tiết. Khi t hỏi về dịch vụ xe đi sân bay, nhânviên chỉ báo giờ chạy xe nhưng không có nhắc nhở cần phải báo đặt lịch trước. Đồ ăn không ngon với người việt",SOL by Melia Phu Quoc,https://www.traveloka.com/en-vn/hotel/detail?spec=13-05-2023.14-05-2023.1.1.HOTEL.1000000626112.SOL%20by%20Melia%20Phu%20Quoc.1&contexts=%7B%22inventoryRateKey%22%3A%22povEwB3ZzsU2C6pd%2B6MdU13LUNuufACdbU0usK5vg0dM0tKsNUio4Rxug1zOzHJilcvZa8YdqqIySdppe7dolTIewZlxfjiOGz6oXLTucMvN0%2BgQ3yZPvZcoHwUFNN%2BZpcr%2F%2FNa8o9ElfN8zOYhzzZeg0X586laFpeUViPi9rxBmwBdHcCHNVGYbHYVgpznVIvEWeildVo7nbHxIWcXPVNGysXwP9P%2F6jQTjnyKeTv%2ByqYmxSenRKFEfSHS0XO3kZfZPEEhT4qTyZ4NnGlioFk6ay4RXlsebEjOdYqJCyZZxlxUTHNffO2l8jiZZrGWd1F5yTZNH82d3Ski2hEsRD2fxa3MY%2Bk28ILHsNwZ6G%2FNGOtaiV%2Bgh4YG%2FkiP9POwHR1hgSE9JVGuYmbD4FB8l0LkkIBHgoTM4X0fNS81%2BA6f4zV6DxmQzI9dGh%2BP9eA6j%2B%2BfNqDfMsi4qyKjapz8T4qQ%2BjgAtJSRmIL7WdsmYhVjSQb5voiknUxgKT%2Fom%2FJJYAUyxf%2BoM7B5yfJewzeVoU2%2FtVYQKI1lMuX%2BRaPNcBUAvSnVpp3982X8ufymNCG%2Bvqv3rBuUa%2BDAlSlNPC7rHF8TsYmOTADU69%2B%2B%2Fol8yLJTHHQhvr%2Bf5O5wjhPZDddaEMD1lhgrNFX59TpZvCV9M4rSDCIHqoFDFRnsCphC6IUw%3D%22%7D&prevSearchId=1765686709859674781&loginPromo=1
864,"Thật tuyệt vời khi nghỉ dưỡng tại khách sạn. Từ thái độ phục vụ của nhân viên có thể thấy rất tốt và nhiệt tình, cảnh quan của khách sạn thì cực kì đẹp, mình rất thích. Bờ biển và bể bơi rất đẹp, 1 nơi nên tới để nghỉ dưỡng tại phú quốc!",SOL by Melia Phu Quoc,https://www.traveloka.com/en-vn/hotel/detail?spec=13-05-2023.14-05-2023.1.1.HOTEL.1000000626112.SOL%20by%20Melia%20Phu%20Quoc.1&contexts=%7B%22inventoryRateKey%22%3A%22povEwB3ZzsU2C6pd%2B6MdU13LUNuufACdbU0usK5vg0dM0tKsNUio4Rxug1zOzHJilcvZa8YdqqIySdppe7dolTIewZlxfjiOGz6oXLTucMvN0%2BgQ3yZPvZcoHwUFNN%2BZpcr%2F%2FNa8o9ElfN8zOYhzzZeg0X586laFpeUViPi9rxBmwBdHcCHNVGYbHYVgpznVIvEWeildVo7nbHxIWcXPVNGysXwP9P%2F6jQTjnyKeTv%2ByqYmxSenRKFEfSHS0XO3kZfZPEEhT4qTyZ4NnGlioFk6ay4RXlsebEjOdYqJCyZZxlxUTHNffO2l8jiZZrGWd1F5yTZNH82d3Ski2hEsRD2fxa3MY%2Bk28ILHsNwZ6G%2FNGOtaiV%2Bgh4YG%2FkiP9POwHR1hgSE9JVGuYmbD4FB8l0LkkIBHgoTM4X0fNS81%2BA6f4zV6DxmQzI9dGh%2BP9eA6j%2B%2BfNqDfMsi4qyKjapz8T4qQ%2BjgAtJSRmIL7WdsmYhVjSQb5voiknUxgKT%2Fom%2FJJYAUyxf%2BoM7B5yfJewzeVoU2%2FtVYQKI1lMuX%2BRaPNcBUAvSnVpp3982X8ufymNCG%2Bvqv3rBuUa%2BDAlSlNPC7rHF8TsYmOTADU69%2B%2B%2Fol8yLJTHHQhvr%2Bf5O5wjhPZDddaEMD1lhgrNFX59TpZvCV9M4rSDCIHqoFDFRnsCphC6IUw%3D%22%7D&prevSearchId=1765686709859674781&loginPromo=1
865,"+ Resort tuyệt đẹp với không gian bên trong thoáng đãng, rộng rãi, sạch đẹp đúng với đẳng cấp. Chất lượng dịch vụ tốt. Nếu bạn du lịch nghỉ dưỡng thì đây là nơi không thể phù hợp hơn! Rất quan tâm đến các chi tiết nhỏ dành cho khách hàng, ví dụ tặng bánh kem cho lễ honey moon của vợ chồng tôi. - Cách tương đối xa khu trung tâm và các điểm thăm quan. Bên ngoài gần các khu vực đang xây dựng nên đường xá bụi và vắng vẻ.",SOL by Melia Phu Quoc,https://www.traveloka.com/en-vn/hotel/detail?spec=13-05-2023.14-05-2023.1.1.HOTEL.1000000626112.SOL%20by%20Melia%20Phu%20Quoc.1&contexts=%7B%22inventoryRateKey%22%3A%22povEwB3ZzsU2C6pd%2B6MdU13LUNuufACdbU0usK5vg0dM0tKsNUio4Rxug1zOzHJilcvZa8YdqqIySdppe7dolTIewZlxfjiOGz6oXLTucMvN0%2BgQ3yZPvZcoHwUFNN%2BZpcr%2F%2FNa8o9ElfN8zOYhzzZeg0X586laFpeUViPi9rxBmwBdHcCHNVGYbHYVgpznVIvEWeildVo7nbHxIWcXPVNGysXwP9P%2F6jQTjnyKeTv%2ByqYmxSenRKFEfSHS0XO3kZfZPEEhT4qTyZ4NnGlioFk6ay4RXlsebEjOdYqJCyZZxlxUTHNffO2l8jiZZrGWd1F5yTZNH82d3Ski2hEsRD2fxa3MY%2Bk28ILHsNwZ6G%2FNGOtaiV%2Bgh4YG%2FkiP9POwHR1hgSE9JVGuYmbD4FB8l0LkkIBHgoTM4X0fNS81%2BA6f4zV6DxmQzI9dGh%2BP9eA6j%2B%2BfNqDfMsi4qyKjapz8T4qQ%2BjgAtJSRmIL7WdsmYhVjSQb5voiknUxgKT%2Fom%2FJJYAUyxf%2BoM7B5yfJewzeVoU2%2FtVYQKI1lMuX%2BRaPNcBUAvSnVpp3982X8ufymNCG%2Bvqv3rBuUa%2BDAlSlNPC7rHF8TsYmOTADU69%2B%2B%2Fol8yLJTHHQhvr%2Bf5O5wjhPZDddaEMD1lhgrNFX59TpZvCV9M4rSDCIHqoFDFRnsCphC6IUw%3D%22%7D&prevSearchId=1765686709859674781&loginPromo=1
866,"Kì nghỉ thật tuyệt, phòng óc ok, hồ bơi đẹp, trang trí đẹp. Chỉ có điều khi xả nước phòng vệ sinh thì thấy hơi có mùi nhẹ. Nhìn chung ok. Ăn sáng ngon, nhiều món. Nhân viên nhiệt tình dễ thương.",SOL by Melia Phu Quoc,https://www.traveloka.com/en-vn/hotel/detail?spec=13-05-2023.14-05-2023.1.1.HOTEL.1000000626112.SOL%20by%20Melia%20Phu%20Quoc.1&contexts=%7B%22inventoryRateKey%22%3A%22povEwB3ZzsU2C6pd%2B6MdU13LUNuufACdbU0usK5vg0dM0tKsNUio4Rxug1zOzHJilcvZa8YdqqIySdppe7dolTIewZlxfjiOGz6oXLTucMvN0%2BgQ3yZPvZcoHwUFNN%2BZpcr%2F%2FNa8o9ElfN8zOYhzzZeg0X586laFpeUViPi9rxBmwBdHcCHNVGYbHYVgpznVIvEWeildVo7nbHxIWcXPVNGysXwP9P%2F6jQTjnyKeTv%2ByqYmxSenRKFEfSHS0XO3kZfZPEEhT4qTyZ4NnGlioFk6ay4RXlsebEjOdYqJCyZZxlxUTHNffO2l8jiZZrGWd1F5yTZNH82d3Ski2hEsRD2fxa3MY%2Bk28ILHsNwZ6G%2FNGOtaiV%2Bgh4YG%2FkiP9POwHR1hgSE9JVGuYmbD4FB8l0LkkIBHgoTM4X0fNS81%2BA6f4zV6DxmQzI9dGh%2BP9eA6j%2B%2BfNqDfMsi4qyKjapz8T4qQ%2BjgAtJSRmIL7WdsmYhVjSQb5voiknUxgKT%2Fom%2FJJYAUyxf%2BoM7B5yfJewzeVoU2%2FtVYQKI1lMuX%2BRaPNcBUAvSnVpp3982X8ufymNCG%2Bvqv3rBuUa%2BDAlSlNPC7rHF8TsYmOTADU69%2B%2B%2Fol8yLJTHHQhvr%2Bf5O5wjhPZDddaEMD1lhgrNFX59TpZvCV9M4rSDCIHqoFDFRnsCphC6IUw%3D%22%7D&prevSearchId=1765686709859674781&loginPromo=1
867,,SOL by Melia Phu Quoc,https://www.traveloka.com/en-vn/hotel/detail?spec=13-05-2023.14-05-2023.1.1.HOTEL.1000000626112.SOL%20by%20Melia%20Phu%20Quoc.1&contexts=%7B%22inventoryRateKey%22%3A%22povEwB3ZzsU2C6pd%2B6MdU13LUNuufACdbU0usK5vg0dM0tKsNUio4Rxug1zOzHJilcvZa8YdqqIySdppe7dolTIewZlxfjiOGz6oXLTucMvN0%2BgQ3yZPvZcoHwUFNN%2BZpcr%2F%2FNa8o9ElfN8zOYhzzZeg0X586laFpeUViPi9rxBmwBdHcCHNVGYbHYVgpznVIvEWeildVo7nbHxIWcXPVNGysXwP9P%2F6jQTjnyKeTv%2ByqYmxSenRKFEfSHS0XO3kZfZPEEhT4qTyZ4NnGlioFk6ay4RXlsebEjOdYqJCyZZxlxUTHNffO2l8jiZZrGWd1F5yTZNH82d3Ski2hEsRD2fxa3MY%2Bk28ILHsNwZ6G%2FNGOtaiV%2Bgh4YG%2FkiP9POwHR1hgSE9JVGuYmbD4FB8l0LkkIBHgoTM4X0fNS81%2BA6f4zV6DxmQzI9dGh%2BP9eA6j%2B%2BfNqDfMsi4qyKjapz8T4qQ%2BjgAtJSRmIL7WdsmYhVjSQb5voiknUxgKT%2Fom%2FJJYAUyxf%2BoM7B5yfJewzeVoU2%2FtVYQKI1lMuX%2BRaPNcBUAvSnVpp3982X8ufymNCG%2Bvqv3rBuUa%2BDAlSlNPC7rHF8TsYmOTADU69%2B%2B%2Fol8yLJTHHQhvr%2Bf5O5wjhPZDddaEMD1lhgrNFX59TpZvCV9M4rSDCIHqoFDFRnsCphC6IUw%3D%22%7D&prevSearchId=1765686709859674781&loginPromo=1
868,,SOL by Melia Phu Quoc,https://www.traveloka.com/en-vn/hotel/detail?spec=13-05-2023.14-05-2023.1.1.HOTEL.1000000626112.SOL%20by%20Melia%20Phu%20Quoc.1&contexts=%7B%22inventoryRateKey%22%3A%22povEwB3ZzsU2C6pd%2B6MdU13LUNuufACdbU0usK5vg0dM0tKsNUio4Rxug1zOzHJilcvZa8YdqqIySdppe7dolTIewZlxfjiOGz6oXLTucMvN0%2BgQ3yZPvZcoHwUFNN%2BZpcr%2F%2FNa8o9ElfN8zOYhzzZeg0X586laFpeUViPi9rxBmwBdHcCHNVGYbHYVgpznVIvEWeildVo7nbHxIWcXPVNGysXwP9P%2F6jQTjnyKeTv%2ByqYmxSenRKFEfSHS0XO3kZfZPEEhT4qTyZ4NnGlioFk6ay4RXlsebEjOdYqJCyZZxlxUTHNffO2l8jiZZrGWd1F5yTZNH82d3Ski2hEsRD2fxa3MY%2Bk28ILHsNwZ6G%2FNGOtaiV%2Bgh4YG%2FkiP9POwHR1hgSE9JVGuYmbD4FB8l0LkkIBHgoTM4X0fNS81%2BA6f4zV6DxmQzI9dGh%2BP9eA6j%2B%2BfNqDfMsi4qyKjapz8T4qQ%2BjgAtJSRmIL7WdsmYhVjSQb5voiknUxgKT%2Fom%2FJJYAUyxf%2BoM7B5yfJewzeVoU2%2FtVYQKI1lMuX%2BRaPNcBUAvSnVpp3982X8ufymNCG%2Bvqv3rBuUa%2BDAlSlNPC7rHF8TsYmOTADU69%2B%2B%2Fol8yLJTHHQhvr%2Bf5O5wjhPZDddaEMD1lhgrNFX59TpZvCV9M4rSDCIHqoFDFRnsCphC6IUw%3D%22%7D&prevSearchId=1765686709859674781&loginPromo=1
869,"Phòng đẹp sạch sẽ, nhân viên thân thiện, bể bơi đẹp",SOL by Melia Phu Quoc,https://www.traveloka.com/en-vn/hotel/detail?spec=13-05-2023.14-05-2023.1.1.HOTEL.1000000626112.SOL%20by%20Melia%20Phu%20Quoc.1&contexts=%7B%22inventoryRateKey%22%3A%22povEwB3ZzsU2C6pd%2B6MdU13LUNuufACdbU0usK5vg0dM0tKsNUio4Rxug1zOzHJilcvZa8YdqqIySdppe7dolTIewZlxfjiOGz6oXLTucMvN0%2BgQ3yZPvZcoHwUFNN%2BZpcr%2F%2FNa8o9ElfN8zOYhzzZeg0X586laFpeUViPi9rxBmwBdHcCHNVGYbHYVgpznVIvEWeildVo7nbHxIWcXPVNGysXwP9P%2F6jQTjnyKeTv%2ByqYmxSenRKFEfSHS0XO3kZfZPEEhT4qTyZ4NnGlioFk6ay4RXlsebEjOdYqJCyZZxlxUTHNffO2l8jiZZrGWd1F5yTZNH82d3Ski2hEsRD2fxa3MY%2Bk28ILHsNwZ6G%2FNGOtaiV%2Bgh4YG%2FkiP9POwHR1hgSE9JVGuYmbD4FB8l0LkkIBHgoTM4X0fNS81%2BA6f4zV6DxmQzI9dGh%2BP9eA6j%2B%2BfNqDfMsi4qyKjapz8T4qQ%2BjgAtJSRmIL7WdsmYhVjSQb5voiknUxgKT%2Fom%2FJJYAUyxf%2BoM7B5yfJewzeVoU2%2FtVYQKI1lMuX%2BRaPNcBUAvSnVpp3982X8ufymNCG%2Bvqv3rBuUa%2BDAlSlNPC7rHF8TsYmOTADU69%2B%2B%2Fol8yLJTHHQhvr%2Bf5O5wjhPZDddaEMD1lhgrNFX59TpZvCV9M4rSDCIHqoFDFRnsCphC6IUw%3D%22%7D&prevSearchId=1765686709859674781&loginPromo=1
870,Mình đã có kì nghĩ tuyệt vời tại đây. Ngày kỉ niệm của mình thêm ý nghĩa hơn. Resot rất chu đáo và mình cảm thấy hài lòng!!,SOL by Melia Phu Quoc,https://www.traveloka.com/en-vn/hotel/detail?spec=13-05-2023.14-05-2023.1.1.HOTEL.1000000626112.SOL%20by%20Melia%20Phu%20Quoc.1&contexts=%7B%22inventoryRateKey%22%3A%22povEwB3ZzsU2C6pd%2B6MdU13LUNuufACdbU0usK5vg0dM0tKsNUio4Rxug1zOzHJilcvZa8YdqqIySdppe7dolTIewZlxfjiOGz6oXLTucMvN0%2BgQ3yZPvZcoHwUFNN%2BZpcr%2F%2FNa8o9ElfN8zOYhzzZeg0X586laFpeUViPi9rxBmwBdHcCHNVGYbHYVgpznVIvEWeildVo7nbHxIWcXPVNGysXwP9P%2F6jQTjnyKeTv%2ByqYmxSenRKFEfSHS0XO3kZfZPEEhT4qTyZ4NnGlioFk6ay4RXlsebEjOdYqJCyZZxlxUTHNffO2l8jiZZrGWd1F5yTZNH82d3Ski2hEsRD2fxa3MY%2Bk28ILHsNwZ6G%2FNGOtaiV%2Bgh4YG%2FkiP9POwHR1hgSE9JVGuYmbD4FB8l0LkkIBHgoTM4X0fNS81%2BA6f4zV6DxmQzI9dGh%2BP9eA6j%2B%2BfNqDfMsi4qyKjapz8T4qQ%2BjgAtJSRmIL7WdsmYhVjSQb5voiknUxgKT%2Fom%2FJJYAUyxf%2BoM7B5yfJewzeVoU2%2FtVYQKI1lMuX%2BRaPNcBUAvSnVpp3982X8ufymNCG%2Bvqv3rBuUa%2BDAlSlNPC7rHF8TsYmOTADU69%2B%2B%2Fol8yLJTHHQhvr%2Bf5O5wjhPZDddaEMD1lhgrNFX59TpZvCV9M4rSDCIHqoFDFRnsCphC6IUw%3D%22%7D&prevSearchId=1765686709859674781&loginPromo=1
871,,SOL by Melia Phu Quoc,https://www.traveloka.com/en-vn/hotel/detail?spec=13-05-2023.14-05-2023.1.1.HOTEL.1000000626112.SOL%20by%20Melia%20Phu%20Quoc.1&contexts=%7B%22inventoryRateKey%22%3A%22povEwB3ZzsU2C6pd%2B6MdU13LUNuufACdbU0usK5vg0dM0tKsNUio4Rxug1zOzHJilcvZa8YdqqIySdppe7dolTIewZlxfjiOGz6oXLTucMvN0%2BgQ3yZPvZcoHwUFNN%2BZpcr%2F%2FNa8o9ElfN8zOYhzzZeg0X586laFpeUViPi9rxBmwBdHcCHNVGYbHYVgpznVIvEWeildVo7nbHxIWcXPVNGysXwP9P%2F6jQTjnyKeTv%2ByqYmxSenRKFEfSHS0XO3kZfZPEEhT4qTyZ4NnGlioFk6ay4RXlsebEjOdYqJCyZZxlxUTHNffO2l8jiZZrGWd1F5yTZNH82d3Ski2hEsRD2fxa3MY%2Bk28ILHsNwZ6G%2FNGOtaiV%2Bgh4YG%2FkiP9POwHR1hgSE9JVGuYmbD4FB8l0LkkIBHgoTM4X0fNS81%2BA6f4zV6DxmQzI9dGh%2BP9eA6j%2B%2BfNqDfMsi4qyKjapz8T4qQ%2BjgAtJSRmIL7WdsmYhVjSQb5voiknUxgKT%2Fom%2FJJYAUyxf%2BoM7B5yfJewzeVoU2%2FtVYQKI1lMuX%2BRaPNcBUAvSnVpp3982X8ufymNCG%2Bvqv3rBuUa%2BDAlSlNPC7rHF8TsYmOTADU69%2B%2B%2Fol8yLJTHHQhvr%2Bf5O5wjhPZDddaEMD1lhgrNFX59TpZvCV9M4rSDCIHqoFDFRnsCphC6IUw%3D%22%7D&prevSearchId=1765686709859674781&loginPromo=1
872,,SOL by Melia Phu Quoc,https://www.traveloka.com/en-vn/hotel/detail?spec=13-05-2023.14-05-2023.1.1.HOTEL.1000000626112.SOL%20by%20Melia%20Phu%20Quoc.1&contexts=%7B%22inventoryRateKey%22%3A%22povEwB3ZzsU2C6pd%2B6MdU13LUNuufACdbU0usK5vg0dM0tKsNUio4Rxug1zOzHJilcvZa8YdqqIySdppe7dolTIewZlxfjiOGz6oXLTucMvN0%2BgQ3yZPvZcoHwUFNN%2BZpcr%2F%2FNa8o9ElfN8zOYhzzZeg0X586laFpeUViPi9rxBmwBdHcCHNVGYbHYVgpznVIvEWeildVo7nbHxIWcXPVNGysXwP9P%2F6jQTjnyKeTv%2ByqYmxSenRKFEfSHS0XO3kZfZPEEhT4qTyZ4NnGlioFk6ay4RXlsebEjOdYqJCyZZxlxUTHNffO2l8jiZZrGWd1F5yTZNH82d3Ski2hEsRD2fxa3MY%2Bk28ILHsNwZ6G%2FNGOtaiV%2Bgh4YG%2FkiP9POwHR1hgSE9JVGuYmbD4FB8l0LkkIBHgoTM4X0fNS81%2BA6f4zV6DxmQzI9dGh%2BP9eA6j%2B%2BfNqDfMsi4qyKjapz8T4qQ%2BjgAtJSRmIL7WdsmYhVjSQb5voiknUxgKT%2Fom%2FJJYAUyxf%2BoM7B5yfJewzeVoU2%2FtVYQKI1lMuX%2BRaPNcBUAvSnVpp3982X8ufymNCG%2Bvqv3rBuUa%2BDAlSlNPC7rHF8TsYmOTADU69%2B%2B%2Fol8yLJTHHQhvr%2Bf5O5wjhPZDddaEMD1lhgrNFX59TpZvCV9M4rSDCIHqoFDFRnsCphC6IUw%3D%22%7D&prevSearchId=1765686709859674781&loginPromo=1
873,"Phòng ngủ sạch sẽ, không gian thoải mái, nhânviên thân thiện va nhiệt tình. Hồ bơi đẹp va nhiu cây xanh.",SOL by Melia Phu Quoc,https://www.traveloka.com/en-vn/hotel/detail?spec=13-05-2023.14-05-2023.1.1.HOTEL.1000000626112.SOL%20by%20Melia%20Phu%20Quoc.1&contexts=%7B%22inventoryRateKey%22%3A%22povEwB3ZzsU2C6pd%2B6MdU13LUNuufACdbU0usK5vg0dM0tKsNUio4Rxug1zOzHJilcvZa8YdqqIySdppe7dolTIewZlxfjiOGz6oXLTucMvN0%2BgQ3yZPvZcoHwUFNN%2BZpcr%2F%2FNa8o9ElfN8zOYhzzZeg0X586laFpeUViPi9rxBmwBdHcCHNVGYbHYVgpznVIvEWeildVo7nbHxIWcXPVNGysXwP9P%2F6jQTjnyKeTv%2ByqYmxSenRKFEfSHS0XO3kZfZPEEhT4qTyZ4NnGlioFk6ay4RXlsebEjOdYqJCyZZxlxUTHNffO2l8jiZZrGWd1F5yTZNH82d3Ski2hEsRD2fxa3MY%2Bk28ILHsNwZ6G%2FNGOtaiV%2Bgh4YG%2FkiP9POwHR1hgSE9JVGuYmbD4FB8l0LkkIBHgoTM4X0fNS81%2BA6f4zV6DxmQzI9dGh%2BP9eA6j%2B%2BfNqDfMsi4qyKjapz8T4qQ%2BjgAtJSRmIL7WdsmYhVjSQb5voiknUxgKT%2Fom%2FJJYAUyxf%2BoM7B5yfJewzeVoU2%2FtVYQKI1lMuX%2BRaPNcBUAvSnVpp3982X8ufymNCG%2Bvqv3rBuUa%2BDAlSlNPC7rHF8TsYmOTADU69%2B%2B%2Fol8yLJTHHQhvr%2Bf5O5wjhPZDddaEMD1lhgrNFX59TpZvCV9M4rSDCIHqoFDFRnsCphC6IUw%3D%22%7D&prevSearchId=1765686709859674781&loginPromo=1
874,Phòng rất đẹp và thoải mái. Nhân viên phục vụ rất tốt và vui vẻ.,SOL by Melia Phu Quoc,https://www.traveloka.com/en-vn/hotel/detail?spec=13-05-2023.14-05-2023.1.1.HOTEL.1000000626112.SOL%20by%20Melia%20Phu%20Quoc.1&contexts=%7B%22inventoryRateKey%22%3A%22povEwB3ZzsU2C6pd%2B6MdU13LUNuufACdbU0usK5vg0dM0tKsNUio4Rxug1zOzHJilcvZa8YdqqIySdppe7dolTIewZlxfjiOGz6oXLTucMvN0%2BgQ3yZPvZcoHwUFNN%2BZpcr%2F%2FNa8o9ElfN8zOYhzzZeg0X586laFpeUViPi9rxBmwBdHcCHNVGYbHYVgpznVIvEWeildVo7nbHxIWcXPVNGysXwP9P%2F6jQTjnyKeTv%2ByqYmxSenRKFEfSHS0XO3kZfZPEEhT4qTyZ4NnGlioFk6ay4RXlsebEjOdYqJCyZZxlxUTHNffO2l8jiZZrGWd1F5yTZNH82d3Ski2hEsRD2fxa3MY%2Bk28ILHsNwZ6G%2FNGOtaiV%2Bgh4YG%2FkiP9POwHR1hgSE9JVGuYmbD4FB8l0LkkIBHgoTM4X0fNS81%2BA6f4zV6DxmQzI9dGh%2BP9eA6j%2B%2BfNqDfMsi4qyKjapz8T4qQ%2BjgAtJSRmIL7WdsmYhVjSQb5voiknUxgKT%2Fom%2FJJYAUyxf%2BoM7B5yfJewzeVoU2%2FtVYQKI1lMuX%2BRaPNcBUAvSnVpp3982X8ufymNCG%2Bvqv3rBuUa%2BDAlSlNPC7rHF8TsYmOTADU69%2B%2B%2Fol8yLJTHHQhvr%2Bf5O5wjhPZDddaEMD1lhgrNFX59TpZvCV9M4rSDCIHqoFDFRnsCphC6IUw%3D%22%7D&prevSearchId=1765686709859674781&loginPromo=1
875,"Khách sạn đẹp, rộng rãi, nhân viên nhiệt tình, tuy nhiên đồ ăn sáng chưa phong phú lắm.",SOL by Melia Phu Quoc,https://www.traveloka.com/en-vn/hotel/detail?spec=13-05-2023.14-05-2023.1.1.HOTEL.1000000626112.SOL%20by%20Melia%20Phu%20Quoc.1&contexts=%7B%22inventoryRateKey%22%3A%22povEwB3ZzsU2C6pd%2B6MdU13LUNuufACdbU0usK5vg0dM0tKsNUio4Rxug1zOzHJilcvZa8YdqqIySdppe7dolTIewZlxfjiOGz6oXLTucMvN0%2BgQ3yZPvZcoHwUFNN%2BZpcr%2F%2FNa8o9ElfN8zOYhzzZeg0X586laFpeUViPi9rxBmwBdHcCHNVGYbHYVgpznVIvEWeildVo7nbHxIWcXPVNGysXwP9P%2F6jQTjnyKeTv%2ByqYmxSenRKFEfSHS0XO3kZfZPEEhT4qTyZ4NnGlioFk6ay4RXlsebEjOdYqJCyZZxlxUTHNffO2l8jiZZrGWd1F5yTZNH82d3Ski2hEsRD2fxa3MY%2Bk28ILHsNwZ6G%2FNGOtaiV%2Bgh4YG%2FkiP9POwHR1hgSE9JVGuYmbD4FB8l0LkkIBHgoTM4X0fNS81%2BA6f4zV6DxmQzI9dGh%2BP9eA6j%2B%2BfNqDfMsi4qyKjapz8T4qQ%2BjgAtJSRmIL7WdsmYhVjSQb5voiknUxgKT%2Fom%2FJJYAUyxf%2BoM7B5yfJewzeVoU2%2FtVYQKI1lMuX%2BRaPNcBUAvSnVpp3982X8ufymNCG%2Bvqv3rBuUa%2BDAlSlNPC7rHF8TsYmOTADU69%2B%2B%2Fol8yLJTHHQhvr%2Bf5O5wjhPZDddaEMD1lhgrNFX59TpZvCV9M4rSDCIHqoFDFRnsCphC6IUw%3D%22%7D&prevSearchId=1765686709859674781&loginPromo=1
876,"Tất cả đều tốt! Bạn nên đến nơi này để trở về với thiên nhiên bên cạnh đó là sự tiện nghi hiện đại, giá tiền hợp lý! Thanks",SOL by Melia Phu Quoc,https://www.traveloka.com/en-vn/hotel/detail?spec=13-05-2023.14-05-2023.1.1.HOTEL.1000000626112.SOL%20by%20Melia%20Phu%20Quoc.1&contexts=%7B%22inventoryRateKey%22%3A%22povEwB3ZzsU2C6pd%2B6MdU13LUNuufACdbU0usK5vg0dM0tKsNUio4Rxug1zOzHJilcvZa8YdqqIySdppe7dolTIewZlxfjiOGz6oXLTucMvN0%2BgQ3yZPvZcoHwUFNN%2BZpcr%2F%2FNa8o9ElfN8zOYhzzZeg0X586laFpeUViPi9rxBmwBdHcCHNVGYbHYVgpznVIvEWeildVo7nbHxIWcXPVNGysXwP9P%2F6jQTjnyKeTv%2ByqYmxSenRKFEfSHS0XO3kZfZPEEhT4qTyZ4NnGlioFk6ay4RXlsebEjOdYqJCyZZxlxUTHNffO2l8jiZZrGWd1F5yTZNH82d3Ski2hEsRD2fxa3MY%2Bk28ILHsNwZ6G%2FNGOtaiV%2Bgh4YG%2FkiP9POwHR1hgSE9JVGuYmbD4FB8l0LkkIBHgoTM4X0fNS81%2BA6f4zV6DxmQzI9dGh%2BP9eA6j%2B%2BfNqDfMsi4qyKjapz8T4qQ%2BjgAtJSRmIL7WdsmYhVjSQb5voiknUxgKT%2Fom%2FJJYAUyxf%2BoM7B5yfJewzeVoU2%2FtVYQKI1lMuX%2BRaPNcBUAvSnVpp3982X8ufymNCG%2Bvqv3rBuUa%2BDAlSlNPC7rHF8TsYmOTADU69%2B%2B%2Fol8yLJTHHQhvr%2Bf5O5wjhPZDddaEMD1lhgrNFX59TpZvCV9M4rSDCIHqoFDFRnsCphC6IUw%3D%22%7D&prevSearchId=1765686709859674781&loginPromo=1
877,Rất hài lòng với sol beach house,SOL by Melia Phu Quoc,https://www.traveloka.com/en-vn/hotel/detail?spec=13-05-2023.14-05-2023.1.1.HOTEL.1000000626112.SOL%20by%20Melia%20Phu%20Quoc.1&contexts=%7B%22inventoryRateKey%22%3A%22povEwB3ZzsU2C6pd%2B6MdU13LUNuufACdbU0usK5vg0dM0tKsNUio4Rxug1zOzHJilcvZa8YdqqIySdppe7dolTIewZlxfjiOGz6oXLTucMvN0%2BgQ3yZPvZcoHwUFNN%2BZpcr%2F%2FNa8o9ElfN8zOYhzzZeg0X586laFpeUViPi9rxBmwBdHcCHNVGYbHYVgpznVIvEWeildVo7nbHxIWcXPVNGysXwP9P%2F6jQTjnyKeTv%2ByqYmxSenRKFEfSHS0XO3kZfZPEEhT4qTyZ4NnGlioFk6ay4RXlsebEjOdYqJCyZZxlxUTHNffO2l8jiZZrGWd1F5yTZNH82d3Ski2hEsRD2fxa3MY%2Bk28ILHsNwZ6G%2FNGOtaiV%2Bgh4YG%2FkiP9POwHR1hgSE9JVGuYmbD4FB8l0LkkIBHgoTM4X0fNS81%2BA6f4zV6DxmQzI9dGh%2BP9eA6j%2B%2BfNqDfMsi4qyKjapz8T4qQ%2BjgAtJSRmIL7WdsmYhVjSQb5voiknUxgKT%2Fom%2FJJYAUyxf%2BoM7B5yfJewzeVoU2%2FtVYQKI1lMuX%2BRaPNcBUAvSnVpp3982X8ufymNCG%2Bvqv3rBuUa%2BDAlSlNPC7rHF8TsYmOTADU69%2B%2B%2Fol8yLJTHHQhvr%2Bf5O5wjhPZDddaEMD1lhgrNFX59TpZvCV9M4rSDCIHqoFDFRnsCphC6IUw%3D%22%7D&prevSearchId=1765686709859674781&loginPromo=1
878,Nhân viên phục vụ khá chậm.. để khách phải chờ đợi lâu.. phòng nghỉ trung bình,SOL by Melia Phu Quoc,https://www.traveloka.com/en-vn/hotel/detail?spec=13-05-2023.14-05-2023.1.1.HOTEL.1000000626112.SOL%20by%20Melia%20Phu%20Quoc.1&contexts=%7B%22inventoryRateKey%22%3A%22povEwB3ZzsU2C6pd%2B6MdU13LUNuufACdbU0usK5vg0dM0tKsNUio4Rxug1zOzHJilcvZa8YdqqIySdppe7dolTIewZlxfjiOGz6oXLTucMvN0%2BgQ3yZPvZcoHwUFNN%2BZpcr%2F%2FNa8o9ElfN8zOYhzzZeg0X586laFpeUViPi9rxBmwBdHcCHNVGYbHYVgpznVIvEWeildVo7nbHxIWcXPVNGysXwP9P%2F6jQTjnyKeTv%2ByqYmxSenRKFEfSHS0XO3kZfZPEEhT4qTyZ4NnGlioFk6ay4RXlsebEjOdYqJCyZZxlxUTHNffO2l8jiZZrGWd1F5yTZNH82d3Ski2hEsRD2fxa3MY%2Bk28ILHsNwZ6G%2FNGOtaiV%2Bgh4YG%2FkiP9POwHR1hgSE9JVGuYmbD4FB8l0LkkIBHgoTM4X0fNS81%2BA6f4zV6DxmQzI9dGh%2BP9eA6j%2B%2BfNqDfMsi4qyKjapz8T4qQ%2BjgAtJSRmIL7WdsmYhVjSQb5voiknUxgKT%2Fom%2FJJYAUyxf%2BoM7B5yfJewzeVoU2%2FtVYQKI1lMuX%2BRaPNcBUAvSnVpp3982X8ufymNCG%2Bvqv3rBuUa%2BDAlSlNPC7rHF8TsYmOTADU69%2B%2B%2Fol8yLJTHHQhvr%2Bf5O5wjhPZDddaEMD1lhgrNFX59TpZvCV9M4rSDCIHqoFDFRnsCphC6IUw%3D%22%7D&prevSearchId=1765686709859674781&loginPromo=1
879,,SOL by Melia Phu Quoc,https://www.traveloka.com/en-vn/hotel/detail?spec=13-05-2023.14-05-2023.1.1.HOTEL.1000000626112.SOL%20by%20Melia%20Phu%20Quoc.1&contexts=%7B%22inventoryRateKey%22%3A%22povEwB3ZzsU2C6pd%2B6MdU13LUNuufACdbU0usK5vg0dM0tKsNUio4Rxug1zOzHJilcvZa8YdqqIySdppe7dolTIewZlxfjiOGz6oXLTucMvN0%2BgQ3yZPvZcoHwUFNN%2BZpcr%2F%2FNa8o9ElfN8zOYhzzZeg0X586laFpeUViPi9rxBmwBdHcCHNVGYbHYVgpznVIvEWeildVo7nbHxIWcXPVNGysXwP9P%2F6jQTjnyKeTv%2ByqYmxSenRKFEfSHS0XO3kZfZPEEhT4qTyZ4NnGlioFk6ay4RXlsebEjOdYqJCyZZxlxUTHNffO2l8jiZZrGWd1F5yTZNH82d3Ski2hEsRD2fxa3MY%2Bk28ILHsNwZ6G%2FNGOtaiV%2Bgh4YG%2FkiP9POwHR1hgSE9JVGuYmbD4FB8l0LkkIBHgoTM4X0fNS81%2BA6f4zV6DxmQzI9dGh%2BP9eA6j%2B%2BfNqDfMsi4qyKjapz8T4qQ%2BjgAtJSRmIL7WdsmYhVjSQb5voiknUxgKT%2Fom%2FJJYAUyxf%2BoM7B5yfJewzeVoU2%2FtVYQKI1lMuX%2BRaPNcBUAvSnVpp3982X8ufymNCG%2Bvqv3rBuUa%2BDAlSlNPC7rHF8TsYmOTADU69%2B%2B%2Fol8yLJTHHQhvr%2Bf5O5wjhPZDddaEMD1lhgrNFX59TpZvCV9M4rSDCIHqoFDFRnsCphC6IUw%3D%22%7D&prevSearchId=1765686709859674781&loginPromo=1
880,"Phòng sạch sẽ, đẹp, thoáng, đồ mới tinh. Highly recommend cho mn",Hill Star Hotel Phu Quoc,https://www.traveloka.com/en-vn/hotel/detail?spec=13-05-2023.14-05-2023.1.1.HOTEL.9000000975034.Hill%20Star%20Hotel%20Phu%20Quoc.1&contexts=%7B%22inventoryRateKey%22%3A%22povEwB3ZzsU2C6pd%2B6MdUwKh3BcjHsHvQbV0EUcyDRFM0tKsNUio4Rxug1zOzHJilcvZa8YdqqIySdppe7dolTIewZlxfjiOGz6oXLTucMvN0%2BgQ3yZPvZcoHwUFNN%2BZpcr%2F%2FNa8o9ElfN8zOYhzzZeg0X586laFpeUViPi9rxCNg2uRbmtFxDyEaU%2BMkBeNmhLDdV0WLeT%2FFKfQ0QL8LH02Dvlx%2F8PjYogEE5yzx6g6yOKyKeIDf7jO3GM45O1o1hmSkmz3HiZNSbS8gXb3CDW9nmlhkqLKa4lLkAkZpAG5JCAR4KEzOF9HzUvNfgOnqr5Ov2QSm2AvCfOdBe9Oy%2Fvnzag3zLIuKsio2qc%2FE%2BKC0I%2B4MpT6AtjonGvWhSFYeOjRTl6ytxGba%2F42pjcyyVc4KxuembJV6Yiv2h%2FCVOHi42A4Bx%2BAVZlB2OJQoCeizHaEIke4gLKBu993M9y78%2FmzREQ0KgV1vvYuRfaKd1eNmO0SRV1ogUSH81Kgs05B6IoMhVKT4w7TwrTxbp%2FQ2iMn1qdaM1viWqCGwU1siX1ZIegdsZIo1sjlWnbsTcjefS6Pj3RtIU6lROCEB6QAgiS1WJabPNVEO7waQAXksTDyQHUY2wqyAfRzb44KOjG0poBVHSJ1fq5iJGt%2Fs2ROyG2r1yuKaZ4GSAmh5BaCjz8%3D%22%7D&prevSearchId=1765686709859674781&loginPromo=1
881,"Nhân viên nhiệt tình. Phòng sạch sẽ, thoáng, toilet rộng. khách sạn có máy giặt (nước giặt mình tự chuẩn bị), có phòng bếp sạch thoáng.",Hill Star Hotel Phu Quoc,https://www.traveloka.com/en-vn/hotel/detail?spec=13-05-2023.14-05-2023.1.1.HOTEL.9000000975034.Hill%20Star%20Hotel%20Phu%20Quoc.1&contexts=%7B%22inventoryRateKey%22%3A%22povEwB3ZzsU2C6pd%2B6MdUwKh3BcjHsHvQbV0EUcyDRFM0tKsNUio4Rxug1zOzHJilcvZa8YdqqIySdppe7dolTIewZlxfjiOGz6oXLTucMvN0%2BgQ3yZPvZcoHwUFNN%2BZpcr%2F%2FNa8o9ElfN8zOYhzzZeg0X586laFpeUViPi9rxCNg2uRbmtFxDyEaU%2BMkBeNmhLDdV0WLeT%2FFKfQ0QL8LH02Dvlx%2F8PjYogEE5yzx6g6yOKyKeIDf7jO3GM45O1o1hmSkmz3HiZNSbS8gXb3CDW9nmlhkqLKa4lLkAkZpAG5JCAR4KEzOF9HzUvNfgOnqr5Ov2QSm2AvCfOdBe9Oy%2Fvnzag3zLIuKsio2qc%2FE%2BKC0I%2B4MpT6AtjonGvWhSFYeOjRTl6ytxGba%2F42pjcyyVc4KxuembJV6Yiv2h%2FCVOHi42A4Bx%2BAVZlB2OJQoCeizHaEIke4gLKBu993M9y78%2FmzREQ0KgV1vvYuRfaKd1eNmO0SRV1ogUSH81Kgs05B6IoMhVKT4w7TwrTxbp%2FQ2iMn1qdaM1viWqCGwU1siX1ZIegdsZIo1sjlWnbsTcjefS6Pj3RtIU6lROCEB6QAgiS1WJabPNVEO7waQAXksTDyQHUY2wqyAfRzb44KOjG0poBVHSJ1fq5iJGt%2Fs2ROyG2r1yuKaZ4GSAmh5BaCjz8%3D%22%7D&prevSearchId=1765686709859674781&loginPromo=1
882,"Phòng đẹp , luôn được dọn gọn gàng, nhân viên thân thiện dễ thương . Một kỳ nghỉ rất thoải mái☺️ Có dịp quay lại Phú Quốc vẫn sẽ chọn ở tại đây",Hill Star Hotel Phu Quoc,https://www.traveloka.com/en-vn/hotel/detail?spec=13-05-2023.14-05-2023.1.1.HOTEL.9000000975034.Hill%20Star%20Hotel%20Phu%20Quoc.1&contexts=%7B%22inventoryRateKey%22%3A%22povEwB3ZzsU2C6pd%2B6MdUwKh3BcjHsHvQbV0EUcyDRFM0tKsNUio4Rxug1zOzHJilcvZa8YdqqIySdppe7dolTIewZlxfjiOGz6oXLTucMvN0%2BgQ3yZPvZcoHwUFNN%2BZpcr%2F%2FNa8o9ElfN8zOYhzzZeg0X586laFpeUViPi9rxCNg2uRbmtFxDyEaU%2BMkBeNmhLDdV0WLeT%2FFKfQ0QL8LH02Dvlx%2F8PjYogEE5yzx6g6yOKyKeIDf7jO3GM45O1o1hmSkmz3HiZNSbS8gXb3CDW9nmlhkqLKa4lLkAkZpAG5JCAR4KEzOF9HzUvNfgOnqr5Ov2QSm2AvCfOdBe9Oy%2Fvnzag3zLIuKsio2qc%2FE%2BKC0I%2B4MpT6AtjonGvWhSFYeOjRTl6ytxGba%2F42pjcyyVc4KxuembJV6Yiv2h%2FCVOHi42A4Bx%2BAVZlB2OJQoCeizHaEIke4gLKBu993M9y78%2FmzREQ0KgV1vvYuRfaKd1eNmO0SRV1ogUSH81Kgs05B6IoMhVKT4w7TwrTxbp%2FQ2iMn1qdaM1viWqCGwU1siX1ZIegdsZIo1sjlWnbsTcjefS6Pj3RtIU6lROCEB6QAgiS1WJabPNVEO7waQAXksTDyQHUY2wqyAfRzb44KOjG0poBVHSJ1fq5iJGt%2Fs2ROyG2r1yuKaZ4GSAmh5BaCjz8%3D%22%7D&prevSearchId=1765686709859674781&loginPromo=1
883,"Kì nghỉ tuyệt vời, phòng sạch, moi, rộng nhân viên thân thiện",Hill Star Hotel Phu Quoc,https://www.traveloka.com/en-vn/hotel/detail?spec=13-05-2023.14-05-2023.1.1.HOTEL.9000000975034.Hill%20Star%20Hotel%20Phu%20Quoc.1&contexts=%7B%22inventoryRateKey%22%3A%22povEwB3ZzsU2C6pd%2B6MdUwKh3BcjHsHvQbV0EUcyDRFM0tKsNUio4Rxug1zOzHJilcvZa8YdqqIySdppe7dolTIewZlxfjiOGz6oXLTucMvN0%2BgQ3yZPvZcoHwUFNN%2BZpcr%2F%2FNa8o9ElfN8zOYhzzZeg0X586laFpeUViPi9rxCNg2uRbmtFxDyEaU%2BMkBeNmhLDdV0WLeT%2FFKfQ0QL8LH02Dvlx%2F8PjYogEE5yzx6g6yOKyKeIDf7jO3GM45O1o1hmSkmz3HiZNSbS8gXb3CDW9nmlhkqLKa4lLkAkZpAG5JCAR4KEzOF9HzUvNfgOnqr5Ov2QSm2AvCfOdBe9Oy%2Fvnzag3zLIuKsio2qc%2FE%2BKC0I%2B4MpT6AtjonGvWhSFYeOjRTl6ytxGba%2F42pjcyyVc4KxuembJV6Yiv2h%2FCVOHi42A4Bx%2BAVZlB2OJQoCeizHaEIke4gLKBu993M9y78%2FmzREQ0KgV1vvYuRfaKd1eNmO0SRV1ogUSH81Kgs05B6IoMhVKT4w7TwrTxbp%2FQ2iMn1qdaM1viWqCGwU1siX1ZIegdsZIo1sjlWnbsTcjefS6Pj3RtIU6lROCEB6QAgiS1WJabPNVEO7waQAXksTDyQHUY2wqyAfRzb44KOjG0poBVHSJ1fq5iJGt%2Fs2ROyG2r1yuKaZ4GSAmh5BaCjz8%3D%22%7D&prevSearchId=1765686709859674781&loginPromo=1
884,"khách sạn khá ổn, sạch sẽ, thoáng mát, phòng còn mới và staff thân thiện. Sẽ quay trở lại vào thời điểm khác.",Hill Star Hotel Phu Quoc,https://www.traveloka.com/en-vn/hotel/detail?spec=13-05-2023.14-05-2023.1.1.HOTEL.9000000975034.Hill%20Star%20Hotel%20Phu%20Quoc.1&contexts=%7B%22inventoryRateKey%22%3A%22povEwB3ZzsU2C6pd%2B6MdUwKh3BcjHsHvQbV0EUcyDRFM0tKsNUio4Rxug1zOzHJilcvZa8YdqqIySdppe7dolTIewZlxfjiOGz6oXLTucMvN0%2BgQ3yZPvZcoHwUFNN%2BZpcr%2F%2FNa8o9ElfN8zOYhzzZeg0X586laFpeUViPi9rxCNg2uRbmtFxDyEaU%2BMkBeNmhLDdV0WLeT%2FFKfQ0QL8LH02Dvlx%2F8PjYogEE5yzx6g6yOKyKeIDf7jO3GM45O1o1hmSkmz3HiZNSbS8gXb3CDW9nmlhkqLKa4lLkAkZpAG5JCAR4KEzOF9HzUvNfgOnqr5Ov2QSm2AvCfOdBe9Oy%2Fvnzag3zLIuKsio2qc%2FE%2BKC0I%2B4MpT6AtjonGvWhSFYeOjRTl6ytxGba%2F42pjcyyVc4KxuembJV6Yiv2h%2FCVOHi42A4Bx%2BAVZlB2OJQoCeizHaEIke4gLKBu993M9y78%2FmzREQ0KgV1vvYuRfaKd1eNmO0SRV1ogUSH81Kgs05B6IoMhVKT4w7TwrTxbp%2FQ2iMn1qdaM1viWqCGwU1siX1ZIegdsZIo1sjlWnbsTcjefS6Pj3RtIU6lROCEB6QAgiS1WJabPNVEO7waQAXksTDyQHUY2wqyAfRzb44KOjG0poBVHSJ1fq5iJGt%2Fs2ROyG2r1yuKaZ4GSAmh5BaCjz8%3D%22%7D&prevSearchId=1765686709859674781&loginPromo=1
885,"Khách sạn rất sạch sẽ, nhân viên dễ thương nhẹ nhàng, phòng có ban công nên sáng sủa thoải mái, bác bảo vệ cũng rất nhiệt tình, nếu muốn có trải nghiệm tốt thì nên chọn Hill Star Hotel nhé.",Hill Star Hotel Phu Quoc,https://www.traveloka.com/en-vn/hotel/detail?spec=13-05-2023.14-05-2023.1.1.HOTEL.9000000975034.Hill%20Star%20Hotel%20Phu%20Quoc.1&contexts=%7B%22inventoryRateKey%22%3A%22povEwB3ZzsU2C6pd%2B6MdUwKh3BcjHsHvQbV0EUcyDRFM0tKsNUio4Rxug1zOzHJilcvZa8YdqqIySdppe7dolTIewZlxfjiOGz6oXLTucMvN0%2BgQ3yZPvZcoHwUFNN%2BZpcr%2F%2FNa8o9ElfN8zOYhzzZeg0X586laFpeUViPi9rxCNg2uRbmtFxDyEaU%2BMkBeNmhLDdV0WLeT%2FFKfQ0QL8LH02Dvlx%2F8PjYogEE5yzx6g6yOKyKeIDf7jO3GM45O1o1hmSkmz3HiZNSbS8gXb3CDW9nmlhkqLKa4lLkAkZpAG5JCAR4KEzOF9HzUvNfgOnqr5Ov2QSm2AvCfOdBe9Oy%2Fvnzag3zLIuKsio2qc%2FE%2BKC0I%2B4MpT6AtjonGvWhSFYeOjRTl6ytxGba%2F42pjcyyVc4KxuembJV6Yiv2h%2FCVOHi42A4Bx%2BAVZlB2OJQoCeizHaEIke4gLKBu993M9y78%2FmzREQ0KgV1vvYuRfaKd1eNmO0SRV1ogUSH81Kgs05B6IoMhVKT4w7TwrTxbp%2FQ2iMn1qdaM1viWqCGwU1siX1ZIegdsZIo1sjlWnbsTcjefS6Pj3RtIU6lROCEB6QAgiS1WJabPNVEO7waQAXksTDyQHUY2wqyAfRzb44KOjG0poBVHSJ1fq5iJGt%2Fs2ROyG2r1yuKaZ4GSAmh5BaCjz8%3D%22%7D&prevSearchId=1765686709859674781&loginPromo=1
886,"Khach san hơi sâu trong hẻm, nhưng ô tô vẫn có thể vào được. Phù hợp cho gia đình ở trong kì nghỉ ở đảo.",Hill Star Hotel Phu Quoc,https://www.traveloka.com/en-vn/hotel/detail?spec=13-05-2023.14-05-2023.1.1.HOTEL.9000000975034.Hill%20Star%20Hotel%20Phu%20Quoc.1&contexts=%7B%22inventoryRateKey%22%3A%22povEwB3ZzsU2C6pd%2B6MdUwKh3BcjHsHvQbV0EUcyDRFM0tKsNUio4Rxug1zOzHJilcvZa8YdqqIySdppe7dolTIewZlxfjiOGz6oXLTucMvN0%2BgQ3yZPvZcoHwUFNN%2BZpcr%2F%2FNa8o9ElfN8zOYhzzZeg0X586laFpeUViPi9rxCNg2uRbmtFxDyEaU%2BMkBeNmhLDdV0WLeT%2FFKfQ0QL8LH02Dvlx%2F8PjYogEE5yzx6g6yOKyKeIDf7jO3GM45O1o1hmSkmz3HiZNSbS8gXb3CDW9nmlhkqLKa4lLkAkZpAG5JCAR4KEzOF9HzUvNfgOnqr5Ov2QSm2AvCfOdBe9Oy%2Fvnzag3zLIuKsio2qc%2FE%2BKC0I%2B4MpT6AtjonGvWhSFYeOjRTl6ytxGba%2F42pjcyyVc4KxuembJV6Yiv2h%2FCVOHi42A4Bx%2BAVZlB2OJQoCeizHaEIke4gLKBu993M9y78%2FmzREQ0KgV1vvYuRfaKd1eNmO0SRV1ogUSH81Kgs05B6IoMhVKT4w7TwrTxbp%2FQ2iMn1qdaM1viWqCGwU1siX1ZIegdsZIo1sjlWnbsTcjefS6Pj3RtIU6lROCEB6QAgiS1WJabPNVEO7waQAXksTDyQHUY2wqyAfRzb44KOjG0poBVHSJ1fq5iJGt%2Fs2ROyG2r1yuKaZ4GSAmh5BaCjz8%3D%22%7D&prevSearchId=1765686709859674781&loginPromo=1
887,"Phòng ốc sạch đẹp, nhân viên thân thiện",Hill Star Hotel Phu Quoc,https://www.traveloka.com/en-vn/hotel/detail?spec=13-05-2023.14-05-2023.1.1.HOTEL.9000000975034.Hill%20Star%20Hotel%20Phu%20Quoc.1&contexts=%7B%22inventoryRateKey%22%3A%22povEwB3ZzsU2C6pd%2B6MdUwKh3BcjHsHvQbV0EUcyDRFM0tKsNUio4Rxug1zOzHJilcvZa8YdqqIySdppe7dolTIewZlxfjiOGz6oXLTucMvN0%2BgQ3yZPvZcoHwUFNN%2BZpcr%2F%2FNa8o9ElfN8zOYhzzZeg0X586laFpeUViPi9rxCNg2uRbmtFxDyEaU%2BMkBeNmhLDdV0WLeT%2FFKfQ0QL8LH02Dvlx%2F8PjYogEE5yzx6g6yOKyKeIDf7jO3GM45O1o1hmSkmz3HiZNSbS8gXb3CDW9nmlhkqLKa4lLkAkZpAG5JCAR4KEzOF9HzUvNfgOnqr5Ov2QSm2AvCfOdBe9Oy%2Fvnzag3zLIuKsio2qc%2FE%2BKC0I%2B4MpT6AtjonGvWhSFYeOjRTl6ytxGba%2F42pjcyyVc4KxuembJV6Yiv2h%2FCVOHi42A4Bx%2BAVZlB2OJQoCeizHaEIke4gLKBu993M9y78%2FmzREQ0KgV1vvYuRfaKd1eNmO0SRV1ogUSH81Kgs05B6IoMhVKT4w7TwrTxbp%2FQ2iMn1qdaM1viWqCGwU1siX1ZIegdsZIo1sjlWnbsTcjefS6Pj3RtIU6lROCEB6QAgiS1WJabPNVEO7waQAXksTDyQHUY2wqyAfRzb44KOjG0poBVHSJ1fq5iJGt%2Fs2ROyG2r1yuKaZ4GSAmh5BaCjz8%3D%22%7D&prevSearchId=1765686709859674781&loginPromo=1
888,"Khách sạn phòng siêu mới đẹp, nhân viên nhiệt tình thân thiện, chu đáo. Có dịch vụ thuê xe ngay tại khach san. Hồ bơi siêu đẹp",Hill Star Hotel Phu Quoc,https://www.traveloka.com/en-vn/hotel/detail?spec=13-05-2023.14-05-2023.1.1.HOTEL.9000000975034.Hill%20Star%20Hotel%20Phu%20Quoc.1&contexts=%7B%22inventoryRateKey%22%3A%22povEwB3ZzsU2C6pd%2B6MdUwKh3BcjHsHvQbV0EUcyDRFM0tKsNUio4Rxug1zOzHJilcvZa8YdqqIySdppe7dolTIewZlxfjiOGz6oXLTucMvN0%2BgQ3yZPvZcoHwUFNN%2BZpcr%2F%2FNa8o9ElfN8zOYhzzZeg0X586laFpeUViPi9rxCNg2uRbmtFxDyEaU%2BMkBeNmhLDdV0WLeT%2FFKfQ0QL8LH02Dvlx%2F8PjYogEE5yzx6g6yOKyKeIDf7jO3GM45O1o1hmSkmz3HiZNSbS8gXb3CDW9nmlhkqLKa4lLkAkZpAG5JCAR4KEzOF9HzUvNfgOnqr5Ov2QSm2AvCfOdBe9Oy%2Fvnzag3zLIuKsio2qc%2FE%2BKC0I%2B4MpT6AtjonGvWhSFYeOjRTl6ytxGba%2F42pjcyyVc4KxuembJV6Yiv2h%2FCVOHi42A4Bx%2BAVZlB2OJQoCeizHaEIke4gLKBu993M9y78%2FmzREQ0KgV1vvYuRfaKd1eNmO0SRV1ogUSH81Kgs05B6IoMhVKT4w7TwrTxbp%2FQ2iMn1qdaM1viWqCGwU1siX1ZIegdsZIo1sjlWnbsTcjefS6Pj3RtIU6lROCEB6QAgiS1WJabPNVEO7waQAXksTDyQHUY2wqyAfRzb44KOjG0poBVHSJ1fq5iJGt%2Fs2ROyG2r1yuKaZ4GSAmh5BaCjz8%3D%22%7D&prevSearchId=1765686709859674781&loginPromo=1
889,"khách sạn mới sạch, có bếp để nấu ăn , có máy giặt de giặt đồ free nói chung la tuyệt vời ạ",Hill Star Hotel Phu Quoc,https://www.traveloka.com/en-vn/hotel/detail?spec=13-05-2023.14-05-2023.1.1.HOTEL.9000000975034.Hill%20Star%20Hotel%20Phu%20Quoc.1&contexts=%7B%22inventoryRateKey%22%3A%22povEwB3ZzsU2C6pd%2B6MdUwKh3BcjHsHvQbV0EUcyDRFM0tKsNUio4Rxug1zOzHJilcvZa8YdqqIySdppe7dolTIewZlxfjiOGz6oXLTucMvN0%2BgQ3yZPvZcoHwUFNN%2BZpcr%2F%2FNa8o9ElfN8zOYhzzZeg0X586laFpeUViPi9rxCNg2uRbmtFxDyEaU%2BMkBeNmhLDdV0WLeT%2FFKfQ0QL8LH02Dvlx%2F8PjYogEE5yzx6g6yOKyKeIDf7jO3GM45O1o1hmSkmz3HiZNSbS8gXb3CDW9nmlhkqLKa4lLkAkZpAG5JCAR4KEzOF9HzUvNfgOnqr5Ov2QSm2AvCfOdBe9Oy%2Fvnzag3zLIuKsio2qc%2FE%2BKC0I%2B4MpT6AtjonGvWhSFYeOjRTl6ytxGba%2F42pjcyyVc4KxuembJV6Yiv2h%2FCVOHi42A4Bx%2BAVZlB2OJQoCeizHaEIke4gLKBu993M9y78%2FmzREQ0KgV1vvYuRfaKd1eNmO0SRV1ogUSH81Kgs05B6IoMhVKT4w7TwrTxbp%2FQ2iMn1qdaM1viWqCGwU1siX1ZIegdsZIo1sjlWnbsTcjefS6Pj3RtIU6lROCEB6QAgiS1WJabPNVEO7waQAXksTDyQHUY2wqyAfRzb44KOjG0poBVHSJ1fq5iJGt%2Fs2ROyG2r1yuKaZ4GSAmh5BaCjz8%3D%22%7D&prevSearchId=1765686709859674781&loginPromo=1
890,"Recommended. Khách sạn sạch sẽ, nhân viên thân thiện.",Hill Star Hotel Phu Quoc,https://www.traveloka.com/en-vn/hotel/detail?spec=13-05-2023.14-05-2023.1.1.HOTEL.9000000975034.Hill%20Star%20Hotel%20Phu%20Quoc.1&contexts=%7B%22inventoryRateKey%22%3A%22povEwB3ZzsU2C6pd%2B6MdUwKh3BcjHsHvQbV0EUcyDRFM0tKsNUio4Rxug1zOzHJilcvZa8YdqqIySdppe7dolTIewZlxfjiOGz6oXLTucMvN0%2BgQ3yZPvZcoHwUFNN%2BZpcr%2F%2FNa8o9ElfN8zOYhzzZeg0X586laFpeUViPi9rxCNg2uRbmtFxDyEaU%2BMkBeNmhLDdV0WLeT%2FFKfQ0QL8LH02Dvlx%2F8PjYogEE5yzx6g6yOKyKeIDf7jO3GM45O1o1hmSkmz3HiZNSbS8gXb3CDW9nmlhkqLKa4lLkAkZpAG5JCAR4KEzOF9HzUvNfgOnqr5Ov2QSm2AvCfOdBe9Oy%2Fvnzag3zLIuKsio2qc%2FE%2BKC0I%2B4MpT6AtjonGvWhSFYeOjRTl6ytxGba%2F42pjcyyVc4KxuembJV6Yiv2h%2FCVOHi42A4Bx%2BAVZlB2OJQoCeizHaEIke4gLKBu993M9y78%2FmzREQ0KgV1vvYuRfaKd1eNmO0SRV1ogUSH81Kgs05B6IoMhVKT4w7TwrTxbp%2FQ2iMn1qdaM1viWqCGwU1siX1ZIegdsZIo1sjlWnbsTcjefS6Pj3RtIU6lROCEB6QAgiS1WJabPNVEO7waQAXksTDyQHUY2wqyAfRzb44KOjG0poBVHSJ1fq5iJGt%2Fs2ROyG2r1yuKaZ4GSAmh5BaCjz8%3D%22%7D&prevSearchId=1765686709859674781&loginPromo=1
891,"Phòng ốc sạch sẽ, chu đáo, vật dụng cá nhân đầy đủ thích hợp cho gia đình nhỏ, sẽ ghé lần sau nữa",Hill Star Hotel Phu Quoc,https://www.traveloka.com/en-vn/hotel/detail?spec=13-05-2023.14-05-2023.1.1.HOTEL.9000000975034.Hill%20Star%20Hotel%20Phu%20Quoc.1&contexts=%7B%22inventoryRateKey%22%3A%22povEwB3ZzsU2C6pd%2B6MdUwKh3BcjHsHvQbV0EUcyDRFM0tKsNUio4Rxug1zOzHJilcvZa8YdqqIySdppe7dolTIewZlxfjiOGz6oXLTucMvN0%2BgQ3yZPvZcoHwUFNN%2BZpcr%2F%2FNa8o9ElfN8zOYhzzZeg0X586laFpeUViPi9rxCNg2uRbmtFxDyEaU%2BMkBeNmhLDdV0WLeT%2FFKfQ0QL8LH02Dvlx%2F8PjYogEE5yzx6g6yOKyKeIDf7jO3GM45O1o1hmSkmz3HiZNSbS8gXb3CDW9nmlhkqLKa4lLkAkZpAG5JCAR4KEzOF9HzUvNfgOnqr5Ov2QSm2AvCfOdBe9Oy%2Fvnzag3zLIuKsio2qc%2FE%2BKC0I%2B4MpT6AtjonGvWhSFYeOjRTl6ytxGba%2F42pjcyyVc4KxuembJV6Yiv2h%2FCVOHi42A4Bx%2BAVZlB2OJQoCeizHaEIke4gLKBu993M9y78%2FmzREQ0KgV1vvYuRfaKd1eNmO0SRV1ogUSH81Kgs05B6IoMhVKT4w7TwrTxbp%2FQ2iMn1qdaM1viWqCGwU1siX1ZIegdsZIo1sjlWnbsTcjefS6Pj3RtIU6lROCEB6QAgiS1WJabPNVEO7waQAXksTDyQHUY2wqyAfRzb44KOjG0poBVHSJ1fq5iJGt%2Fs2ROyG2r1yuKaZ4GSAmh5BaCjz8%3D%22%7D&prevSearchId=1765686709859674781&loginPromo=1
892,"Khách sạn cực kì sạch sẽ, dọn phòng mỗi ngày, đầy đủ đồ dùng, còn cho dùng máy giặt miễn phí và bếp, chú bảo vệ và lễ tân thân thiện , hỗ trợ khách cực kì nhiệt tình, giá khách sạn cực kì hợp lí, cách chợ đêm tầm 1km thôi",Hill Star Hotel Phu Quoc,https://www.traveloka.com/en-vn/hotel/detail?spec=13-05-2023.14-05-2023.1.1.HOTEL.9000000975034.Hill%20Star%20Hotel%20Phu%20Quoc.1&contexts=%7B%22inventoryRateKey%22%3A%22povEwB3ZzsU2C6pd%2B6MdUwKh3BcjHsHvQbV0EUcyDRFM0tKsNUio4Rxug1zOzHJilcvZa8YdqqIySdppe7dolTIewZlxfjiOGz6oXLTucMvN0%2BgQ3yZPvZcoHwUFNN%2BZpcr%2F%2FNa8o9ElfN8zOYhzzZeg0X586laFpeUViPi9rxCNg2uRbmtFxDyEaU%2BMkBeNmhLDdV0WLeT%2FFKfQ0QL8LH02Dvlx%2F8PjYogEE5yzx6g6yOKyKeIDf7jO3GM45O1o1hmSkmz3HiZNSbS8gXb3CDW9nmlhkqLKa4lLkAkZpAG5JCAR4KEzOF9HzUvNfgOnqr5Ov2QSm2AvCfOdBe9Oy%2Fvnzag3zLIuKsio2qc%2FE%2BKC0I%2B4MpT6AtjonGvWhSFYeOjRTl6ytxGba%2F42pjcyyVc4KxuembJV6Yiv2h%2FCVOHi42A4Bx%2BAVZlB2OJQoCeizHaEIke4gLKBu993M9y78%2FmzREQ0KgV1vvYuRfaKd1eNmO0SRV1ogUSH81Kgs05B6IoMhVKT4w7TwrTxbp%2FQ2iMn1qdaM1viWqCGwU1siX1ZIegdsZIo1sjlWnbsTcjefS6Pj3RtIU6lROCEB6QAgiS1WJabPNVEO7waQAXksTDyQHUY2wqyAfRzb44KOjG0poBVHSJ1fq5iJGt%2Fs2ROyG2r1yuKaZ4GSAmh5BaCjz8%3D%22%7D&prevSearchId=1765686709859674781&loginPromo=1
893,"Khách sạn mới toanh và sạch sẽ. Bác bảo vệ nhiệt tình, chu đáo dù mình nhận phòng lúc 2h sáng.",Hill Star Hotel Phu Quoc,https://www.traveloka.com/en-vn/hotel/detail?spec=13-05-2023.14-05-2023.1.1.HOTEL.9000000975034.Hill%20Star%20Hotel%20Phu%20Quoc.1&contexts=%7B%22inventoryRateKey%22%3A%22povEwB3ZzsU2C6pd%2B6MdUwKh3BcjHsHvQbV0EUcyDRFM0tKsNUio4Rxug1zOzHJilcvZa8YdqqIySdppe7dolTIewZlxfjiOGz6oXLTucMvN0%2BgQ3yZPvZcoHwUFNN%2BZpcr%2F%2FNa8o9ElfN8zOYhzzZeg0X586laFpeUViPi9rxCNg2uRbmtFxDyEaU%2BMkBeNmhLDdV0WLeT%2FFKfQ0QL8LH02Dvlx%2F8PjYogEE5yzx6g6yOKyKeIDf7jO3GM45O1o1hmSkmz3HiZNSbS8gXb3CDW9nmlhkqLKa4lLkAkZpAG5JCAR4KEzOF9HzUvNfgOnqr5Ov2QSm2AvCfOdBe9Oy%2Fvnzag3zLIuKsio2qc%2FE%2BKC0I%2B4MpT6AtjonGvWhSFYeOjRTl6ytxGba%2F42pjcyyVc4KxuembJV6Yiv2h%2FCVOHi42A4Bx%2BAVZlB2OJQoCeizHaEIke4gLKBu993M9y78%2FmzREQ0KgV1vvYuRfaKd1eNmO0SRV1ogUSH81Kgs05B6IoMhVKT4w7TwrTxbp%2FQ2iMn1qdaM1viWqCGwU1siX1ZIegdsZIo1sjlWnbsTcjefS6Pj3RtIU6lROCEB6QAgiS1WJabPNVEO7waQAXksTDyQHUY2wqyAfRzb44KOjG0poBVHSJ1fq5iJGt%2Fs2ROyG2r1yuKaZ4GSAmh5BaCjz8%3D%22%7D&prevSearchId=1765686709859674781&loginPromo=1
894,"Phòng mới sạch sẽ, gọn gàng. Tiện ích tương đối đầy đủ, có máy giặt, bếp, hồ bơi, vệ sinh chung cũng sạch sẽ. Nhân viên dễ thương nhưng hơi ngơ xíu xiu, không biết nhiều về các điểm tham quan. Khách sạn trong ngõ, cách chợ đêm 1.8km đi bộ hơi xa mà đi taxi hơi lỡ dở. Ổn hen.",Hill Star Hotel Phu Quoc,https://www.traveloka.com/en-vn/hotel/detail?spec=13-05-2023.14-05-2023.1.1.HOTEL.9000000975034.Hill%20Star%20Hotel%20Phu%20Quoc.1&contexts=%7B%22inventoryRateKey%22%3A%22povEwB3ZzsU2C6pd%2B6MdUwKh3BcjHsHvQbV0EUcyDRFM0tKsNUio4Rxug1zOzHJilcvZa8YdqqIySdppe7dolTIewZlxfjiOGz6oXLTucMvN0%2BgQ3yZPvZcoHwUFNN%2BZpcr%2F%2FNa8o9ElfN8zOYhzzZeg0X586laFpeUViPi9rxCNg2uRbmtFxDyEaU%2BMkBeNmhLDdV0WLeT%2FFKfQ0QL8LH02Dvlx%2F8PjYogEE5yzx6g6yOKyKeIDf7jO3GM45O1o1hmSkmz3HiZNSbS8gXb3CDW9nmlhkqLKa4lLkAkZpAG5JCAR4KEzOF9HzUvNfgOnqr5Ov2QSm2AvCfOdBe9Oy%2Fvnzag3zLIuKsio2qc%2FE%2BKC0I%2B4MpT6AtjonGvWhSFYeOjRTl6ytxGba%2F42pjcyyVc4KxuembJV6Yiv2h%2FCVOHi42A4Bx%2BAVZlB2OJQoCeizHaEIke4gLKBu993M9y78%2FmzREQ0KgV1vvYuRfaKd1eNmO0SRV1ogUSH81Kgs05B6IoMhVKT4w7TwrTxbp%2FQ2iMn1qdaM1viWqCGwU1siX1ZIegdsZIo1sjlWnbsTcjefS6Pj3RtIU6lROCEB6QAgiS1WJabPNVEO7waQAXksTDyQHUY2wqyAfRzb44KOjG0poBVHSJ1fq5iJGt%2Fs2ROyG2r1yuKaZ4GSAmh5BaCjz8%3D%22%7D&prevSearchId=1765686709859674781&loginPromo=1
895,"Khách sạn sạch đẹp vì mới xây dựng, nhân viên thân thiện .",Hill Star Hotel Phu Quoc,https://www.traveloka.com/en-vn/hotel/detail?spec=13-05-2023.14-05-2023.1.1.HOTEL.9000000975034.Hill%20Star%20Hotel%20Phu%20Quoc.1&contexts=%7B%22inventoryRateKey%22%3A%22povEwB3ZzsU2C6pd%2B6MdUwKh3BcjHsHvQbV0EUcyDRFM0tKsNUio4Rxug1zOzHJilcvZa8YdqqIySdppe7dolTIewZlxfjiOGz6oXLTucMvN0%2BgQ3yZPvZcoHwUFNN%2BZpcr%2F%2FNa8o9ElfN8zOYhzzZeg0X586laFpeUViPi9rxCNg2uRbmtFxDyEaU%2BMkBeNmhLDdV0WLeT%2FFKfQ0QL8LH02Dvlx%2F8PjYogEE5yzx6g6yOKyKeIDf7jO3GM45O1o1hmSkmz3HiZNSbS8gXb3CDW9nmlhkqLKa4lLkAkZpAG5JCAR4KEzOF9HzUvNfgOnqr5Ov2QSm2AvCfOdBe9Oy%2Fvnzag3zLIuKsio2qc%2FE%2BKC0I%2B4MpT6AtjonGvWhSFYeOjRTl6ytxGba%2F42pjcyyVc4KxuembJV6Yiv2h%2FCVOHi42A4Bx%2BAVZlB2OJQoCeizHaEIke4gLKBu993M9y78%2FmzREQ0KgV1vvYuRfaKd1eNmO0SRV1ogUSH81Kgs05B6IoMhVKT4w7TwrTxbp%2FQ2iMn1qdaM1viWqCGwU1siX1ZIegdsZIo1sjlWnbsTcjefS6Pj3RtIU6lROCEB6QAgiS1WJabPNVEO7waQAXksTDyQHUY2wqyAfRzb44KOjG0poBVHSJ1fq5iJGt%2Fs2ROyG2r1yuKaZ4GSAmh5BaCjz8%3D%22%7D&prevSearchId=1765686709859674781&loginPromo=1
896,"chính sách phụ thu trẻ em từ 6 - 12t thêm 100k/đêm, mặc dù đã điền số tuổi ngay lúc book phòng. khách sạn sạch sẽ, có hồ bơi, nhân viên cũng nhiệt tình",Hill Star Hotel Phu Quoc,https://www.traveloka.com/en-vn/hotel/detail?spec=13-05-2023.14-05-2023.1.1.HOTEL.9000000975034.Hill%20Star%20Hotel%20Phu%20Quoc.1&contexts=%7B%22inventoryRateKey%22%3A%22povEwB3ZzsU2C6pd%2B6MdUwKh3BcjHsHvQbV0EUcyDRFM0tKsNUio4Rxug1zOzHJilcvZa8YdqqIySdppe7dolTIewZlxfjiOGz6oXLTucMvN0%2BgQ3yZPvZcoHwUFNN%2BZpcr%2F%2FNa8o9ElfN8zOYhzzZeg0X586laFpeUViPi9rxCNg2uRbmtFxDyEaU%2BMkBeNmhLDdV0WLeT%2FFKfQ0QL8LH02Dvlx%2F8PjYogEE5yzx6g6yOKyKeIDf7jO3GM45O1o1hmSkmz3HiZNSbS8gXb3CDW9nmlhkqLKa4lLkAkZpAG5JCAR4KEzOF9HzUvNfgOnqr5Ov2QSm2AvCfOdBe9Oy%2Fvnzag3zLIuKsio2qc%2FE%2BKC0I%2B4MpT6AtjonGvWhSFYeOjRTl6ytxGba%2F42pjcyyVc4KxuembJV6Yiv2h%2FCVOHi42A4Bx%2BAVZlB2OJQoCeizHaEIke4gLKBu993M9y78%2FmzREQ0KgV1vvYuRfaKd1eNmO0SRV1ogUSH81Kgs05B6IoMhVKT4w7TwrTxbp%2FQ2iMn1qdaM1viWqCGwU1siX1ZIegdsZIo1sjlWnbsTcjefS6Pj3RtIU6lROCEB6QAgiS1WJabPNVEO7waQAXksTDyQHUY2wqyAfRzb44KOjG0poBVHSJ1fq5iJGt%2Fs2ROyG2r1yuKaZ4GSAmh5BaCjz8%3D%22%7D&prevSearchId=1765686709859674781&loginPromo=1
897,"Sạch sẽ, phòng gọn gàng, đặc biệt khách sạn còn có nhà vệ sinh chung rất tiện lợi cho những khách chưa nhận phòng gửi hành lý tạm. Nhân viên thân thiện, nhiệt tình!",Hill Star Hotel Phu Quoc,https://www.traveloka.com/en-vn/hotel/detail?spec=13-05-2023.14-05-2023.1.1.HOTEL.9000000975034.Hill%20Star%20Hotel%20Phu%20Quoc.1&contexts=%7B%22inventoryRateKey%22%3A%22povEwB3ZzsU2C6pd%2B6MdUwKh3BcjHsHvQbV0EUcyDRFM0tKsNUio4Rxug1zOzHJilcvZa8YdqqIySdppe7dolTIewZlxfjiOGz6oXLTucMvN0%2BgQ3yZPvZcoHwUFNN%2BZpcr%2F%2FNa8o9ElfN8zOYhzzZeg0X586laFpeUViPi9rxCNg2uRbmtFxDyEaU%2BMkBeNmhLDdV0WLeT%2FFKfQ0QL8LH02Dvlx%2F8PjYogEE5yzx6g6yOKyKeIDf7jO3GM45O1o1hmSkmz3HiZNSbS8gXb3CDW9nmlhkqLKa4lLkAkZpAG5JCAR4KEzOF9HzUvNfgOnqr5Ov2QSm2AvCfOdBe9Oy%2Fvnzag3zLIuKsio2qc%2FE%2BKC0I%2B4MpT6AtjonGvWhSFYeOjRTl6ytxGba%2F42pjcyyVc4KxuembJV6Yiv2h%2FCVOHi42A4Bx%2BAVZlB2OJQoCeizHaEIke4gLKBu993M9y78%2FmzREQ0KgV1vvYuRfaKd1eNmO0SRV1ogUSH81Kgs05B6IoMhVKT4w7TwrTxbp%2FQ2iMn1qdaM1viWqCGwU1siX1ZIegdsZIo1sjlWnbsTcjefS6Pj3RtIU6lROCEB6QAgiS1WJabPNVEO7waQAXksTDyQHUY2wqyAfRzb44KOjG0poBVHSJ1fq5iJGt%2Fs2ROyG2r1yuKaZ4GSAmh5BaCjz8%3D%22%7D&prevSearchId=1765686709859674781&loginPromo=1
898,"khách sạn sạch sẽ, đầy đủ trang thiết bị, có nhà bếp nhỏ ở mỗi tầng",Hill Star Hotel Phu Quoc,https://www.traveloka.com/en-vn/hotel/detail?spec=13-05-2023.14-05-2023.1.1.HOTEL.9000000975034.Hill%20Star%20Hotel%20Phu%20Quoc.1&contexts=%7B%22inventoryRateKey%22%3A%22povEwB3ZzsU2C6pd%2B6MdUwKh3BcjHsHvQbV0EUcyDRFM0tKsNUio4Rxug1zOzHJilcvZa8YdqqIySdppe7dolTIewZlxfjiOGz6oXLTucMvN0%2BgQ3yZPvZcoHwUFNN%2BZpcr%2F%2FNa8o9ElfN8zOYhzzZeg0X586laFpeUViPi9rxCNg2uRbmtFxDyEaU%2BMkBeNmhLDdV0WLeT%2FFKfQ0QL8LH02Dvlx%2F8PjYogEE5yzx6g6yOKyKeIDf7jO3GM45O1o1hmSkmz3HiZNSbS8gXb3CDW9nmlhkqLKa4lLkAkZpAG5JCAR4KEzOF9HzUvNfgOnqr5Ov2QSm2AvCfOdBe9Oy%2Fvnzag3zLIuKsio2qc%2FE%2BKC0I%2B4MpT6AtjonGvWhSFYeOjRTl6ytxGba%2F42pjcyyVc4KxuembJV6Yiv2h%2FCVOHi42A4Bx%2BAVZlB2OJQoCeizHaEIke4gLKBu993M9y78%2FmzREQ0KgV1vvYuRfaKd1eNmO0SRV1ogUSH81Kgs05B6IoMhVKT4w7TwrTxbp%2FQ2iMn1qdaM1viWqCGwU1siX1ZIegdsZIo1sjlWnbsTcjefS6Pj3RtIU6lROCEB6QAgiS1WJabPNVEO7waQAXksTDyQHUY2wqyAfRzb44KOjG0poBVHSJ1fq5iJGt%2Fs2ROyG2r1yuKaZ4GSAmh5BaCjz8%3D%22%7D&prevSearchId=1765686709859674781&loginPromo=1
899,"Phòng rộng rãi sạch sẽ, đồ dùng như khăn tắm, nước lọc được thay mới và refill liên tục",Hill Star Hotel Phu Quoc,https://www.traveloka.com/en-vn/hotel/detail?spec=13-05-2023.14-05-2023.1.1.HOTEL.9000000975034.Hill%20Star%20Hotel%20Phu%20Quoc.1&contexts=%7B%22inventoryRateKey%22%3A%22povEwB3ZzsU2C6pd%2B6MdUwKh3BcjHsHvQbV0EUcyDRFM0tKsNUio4Rxug1zOzHJilcvZa8YdqqIySdppe7dolTIewZlxfjiOGz6oXLTucMvN0%2BgQ3yZPvZcoHwUFNN%2BZpcr%2F%2FNa8o9ElfN8zOYhzzZeg0X586laFpeUViPi9rxCNg2uRbmtFxDyEaU%2BMkBeNmhLDdV0WLeT%2FFKfQ0QL8LH02Dvlx%2F8PjYogEE5yzx6g6yOKyKeIDf7jO3GM45O1o1hmSkmz3HiZNSbS8gXb3CDW9nmlhkqLKa4lLkAkZpAG5JCAR4KEzOF9HzUvNfgOnqr5Ov2QSm2AvCfOdBe9Oy%2Fvnzag3zLIuKsio2qc%2FE%2BKC0I%2B4MpT6AtjonGvWhSFYeOjRTl6ytxGba%2F42pjcyyVc4KxuembJV6Yiv2h%2FCVOHi42A4Bx%2BAVZlB2OJQoCeizHaEIke4gLKBu993M9y78%2FmzREQ0KgV1vvYuRfaKd1eNmO0SRV1ogUSH81Kgs05B6IoMhVKT4w7TwrTxbp%2FQ2iMn1qdaM1viWqCGwU1siX1ZIegdsZIo1sjlWnbsTcjefS6Pj3RtIU6lROCEB6QAgiS1WJabPNVEO7waQAXksTDyQHUY2wqyAfRzb44KOjG0poBVHSJ1fq5iJGt%2Fs2ROyG2r1yuKaZ4GSAmh5BaCjz8%3D%22%7D&prevSearchId=1765686709859674781&loginPromo=1
900,Phòng sạch sẽ và đẹp hơn sự kiến,Hill Star Hotel Phu Quoc,https://www.traveloka.com/en-vn/hotel/detail?spec=13-05-2023.14-05-2023.1.1.HOTEL.9000000975034.Hill%20Star%20Hotel%20Phu%20Quoc.1&contexts=%7B%22inventoryRateKey%22%3A%22povEwB3ZzsU2C6pd%2B6MdUwKh3BcjHsHvQbV0EUcyDRFM0tKsNUio4Rxug1zOzHJilcvZa8YdqqIySdppe7dolTIewZlxfjiOGz6oXLTucMvN0%2BgQ3yZPvZcoHwUFNN%2BZpcr%2F%2FNa8o9ElfN8zOYhzzZeg0X586laFpeUViPi9rxCNg2uRbmtFxDyEaU%2BMkBeNmhLDdV0WLeT%2FFKfQ0QL8LH02Dvlx%2F8PjYogEE5yzx6g6yOKyKeIDf7jO3GM45O1o1hmSkmz3HiZNSbS8gXb3CDW9nmlhkqLKa4lLkAkZpAG5JCAR4KEzOF9HzUvNfgOnqr5Ov2QSm2AvCfOdBe9Oy%2Fvnzag3zLIuKsio2qc%2FE%2BKC0I%2B4MpT6AtjonGvWhSFYeOjRTl6ytxGba%2F42pjcyyVc4KxuembJV6Yiv2h%2FCVOHi42A4Bx%2BAVZlB2OJQoCeizHaEIke4gLKBu993M9y78%2FmzREQ0KgV1vvYuRfaKd1eNmO0SRV1ogUSH81Kgs05B6IoMhVKT4w7TwrTxbp%2FQ2iMn1qdaM1viWqCGwU1siX1ZIegdsZIo1sjlWnbsTcjefS6Pj3RtIU6lROCEB6QAgiS1WJabPNVEO7waQAXksTDyQHUY2wqyAfRzb44KOjG0poBVHSJ1fq5iJGt%2Fs2ROyG2r1yuKaZ4GSAmh5BaCjz8%3D%22%7D&prevSearchId=1765686709859674781&loginPromo=1
901,"Khách sạn đẹp, sạch sẽ, nằm ngay trung tâm tiện đi lại. Chất lượng tuyệt vời lắm nha. Lễ tân với chú bảo vệ vui vẻ, giúp đỡ nhiệt tình lắm",Hill Star Hotel Phu Quoc,https://www.traveloka.com/en-vn/hotel/detail?spec=13-05-2023.14-05-2023.1.1.HOTEL.9000000975034.Hill%20Star%20Hotel%20Phu%20Quoc.1&contexts=%7B%22inventoryRateKey%22%3A%22povEwB3ZzsU2C6pd%2B6MdUwKh3BcjHsHvQbV0EUcyDRFM0tKsNUio4Rxug1zOzHJilcvZa8YdqqIySdppe7dolTIewZlxfjiOGz6oXLTucMvN0%2BgQ3yZPvZcoHwUFNN%2BZpcr%2F%2FNa8o9ElfN8zOYhzzZeg0X586laFpeUViPi9rxCNg2uRbmtFxDyEaU%2BMkBeNmhLDdV0WLeT%2FFKfQ0QL8LH02Dvlx%2F8PjYogEE5yzx6g6yOKyKeIDf7jO3GM45O1o1hmSkmz3HiZNSbS8gXb3CDW9nmlhkqLKa4lLkAkZpAG5JCAR4KEzOF9HzUvNfgOnqr5Ov2QSm2AvCfOdBe9Oy%2Fvnzag3zLIuKsio2qc%2FE%2BKC0I%2B4MpT6AtjonGvWhSFYeOjRTl6ytxGba%2F42pjcyyVc4KxuembJV6Yiv2h%2FCVOHi42A4Bx%2BAVZlB2OJQoCeizHaEIke4gLKBu993M9y78%2FmzREQ0KgV1vvYuRfaKd1eNmO0SRV1ogUSH81Kgs05B6IoMhVKT4w7TwrTxbp%2FQ2iMn1qdaM1viWqCGwU1siX1ZIegdsZIo1sjlWnbsTcjefS6Pj3RtIU6lROCEB6QAgiS1WJabPNVEO7waQAXksTDyQHUY2wqyAfRzb44KOjG0poBVHSJ1fq5iJGt%2Fs2ROyG2r1yuKaZ4GSAmh5BaCjz8%3D%22%7D&prevSearchId=1765686709859674781&loginPromo=1
902,"Chụp hình trên app 1 đường ra lễ tân dắt lên phòng 1 nẻo. Mình đặt phòng deluxe 25m vuông mà dắt lên phòng 15m nhỏ xíu. Đề nghị để rõ hạng phòng nào có ban công, phòng nào không view giá rõ ràng, diện tích đúng thực tế up. Mình khiếu nại đòi đổi phòng lễ tân nói do app up nhầm hình, và phòng không thể giống như hình được chỉ là giống chút ít thôi. Mình đòi đổi phòng nên mới đổi được phòng không có ban công ở gác xếp nhưng được cái đúng diện tích mình đặt. Bay ra trễ gặp nói qua lại muốn mệt giấc 10h đêm ☹️ Chỉ được cái gần trung tâm nên tiện mình đi công tác.",Hill Star Hotel Phu Quoc,https://www.traveloka.com/en-vn/hotel/detail?spec=13-05-2023.14-05-2023.1.1.HOTEL.9000000975034.Hill%20Star%20Hotel%20Phu%20Quoc.1&contexts=%7B%22inventoryRateKey%22%3A%22povEwB3ZzsU2C6pd%2B6MdUwKh3BcjHsHvQbV0EUcyDRFM0tKsNUio4Rxug1zOzHJilcvZa8YdqqIySdppe7dolTIewZlxfjiOGz6oXLTucMvN0%2BgQ3yZPvZcoHwUFNN%2BZpcr%2F%2FNa8o9ElfN8zOYhzzZeg0X586laFpeUViPi9rxCNg2uRbmtFxDyEaU%2BMkBeNmhLDdV0WLeT%2FFKfQ0QL8LH02Dvlx%2F8PjYogEE5yzx6g6yOKyKeIDf7jO3GM45O1o1hmSkmz3HiZNSbS8gXb3CDW9nmlhkqLKa4lLkAkZpAG5JCAR4KEzOF9HzUvNfgOnqr5Ov2QSm2AvCfOdBe9Oy%2Fvnzag3zLIuKsio2qc%2FE%2BKC0I%2B4MpT6AtjonGvWhSFYeOjRTl6ytxGba%2F42pjcyyVc4KxuembJV6Yiv2h%2FCVOHi42A4Bx%2BAVZlB2OJQoCeizHaEIke4gLKBu993M9y78%2FmzREQ0KgV1vvYuRfaKd1eNmO0SRV1ogUSH81Kgs05B6IoMhVKT4w7TwrTxbp%2FQ2iMn1qdaM1viWqCGwU1siX1ZIegdsZIo1sjlWnbsTcjefS6Pj3RtIU6lROCEB6QAgiS1WJabPNVEO7waQAXksTDyQHUY2wqyAfRzb44KOjG0poBVHSJ1fq5iJGt%2Fs2ROyG2r1yuKaZ4GSAmh5BaCjz8%3D%22%7D&prevSearchId=1765686709859674781&loginPromo=1
903,"Khách sạn mới, nhân viên thân thiện.",Hill Star Hotel Phu Quoc,https://www.traveloka.com/en-vn/hotel/detail?spec=13-05-2023.14-05-2023.1.1.HOTEL.9000000975034.Hill%20Star%20Hotel%20Phu%20Quoc.1&contexts=%7B%22inventoryRateKey%22%3A%22povEwB3ZzsU2C6pd%2B6MdUwKh3BcjHsHvQbV0EUcyDRFM0tKsNUio4Rxug1zOzHJilcvZa8YdqqIySdppe7dolTIewZlxfjiOGz6oXLTucMvN0%2BgQ3yZPvZcoHwUFNN%2BZpcr%2F%2FNa8o9ElfN8zOYhzzZeg0X586laFpeUViPi9rxCNg2uRbmtFxDyEaU%2BMkBeNmhLDdV0WLeT%2FFKfQ0QL8LH02Dvlx%2F8PjYogEE5yzx6g6yOKyKeIDf7jO3GM45O1o1hmSkmz3HiZNSbS8gXb3CDW9nmlhkqLKa4lLkAkZpAG5JCAR4KEzOF9HzUvNfgOnqr5Ov2QSm2AvCfOdBe9Oy%2Fvnzag3zLIuKsio2qc%2FE%2BKC0I%2B4MpT6AtjonGvWhSFYeOjRTl6ytxGba%2F42pjcyyVc4KxuembJV6Yiv2h%2FCVOHi42A4Bx%2BAVZlB2OJQoCeizHaEIke4gLKBu993M9y78%2FmzREQ0KgV1vvYuRfaKd1eNmO0SRV1ogUSH81Kgs05B6IoMhVKT4w7TwrTxbp%2FQ2iMn1qdaM1viWqCGwU1siX1ZIegdsZIo1sjlWnbsTcjefS6Pj3RtIU6lROCEB6QAgiS1WJabPNVEO7waQAXksTDyQHUY2wqyAfRzb44KOjG0poBVHSJ1fq5iJGt%2Fs2ROyG2r1yuKaZ4GSAmh5BaCjz8%3D%22%7D&prevSearchId=1765686709859674781&loginPromo=1
904,"Dịch vụ lưu trú của khách sạn Hill Star rất tốt. Bạn nhân viên dễ thương, nhiệt tình",Hill Star Hotel Phu Quoc,https://www.traveloka.com/en-vn/hotel/detail?spec=13-05-2023.14-05-2023.1.1.HOTEL.9000000975034.Hill%20Star%20Hotel%20Phu%20Quoc.1&contexts=%7B%22inventoryRateKey%22%3A%22povEwB3ZzsU2C6pd%2B6MdUwKh3BcjHsHvQbV0EUcyDRFM0tKsNUio4Rxug1zOzHJilcvZa8YdqqIySdppe7dolTIewZlxfjiOGz6oXLTucMvN0%2BgQ3yZPvZcoHwUFNN%2BZpcr%2F%2FNa8o9ElfN8zOYhzzZeg0X586laFpeUViPi9rxCNg2uRbmtFxDyEaU%2BMkBeNmhLDdV0WLeT%2FFKfQ0QL8LH02Dvlx%2F8PjYogEE5yzx6g6yOKyKeIDf7jO3GM45O1o1hmSkmz3HiZNSbS8gXb3CDW9nmlhkqLKa4lLkAkZpAG5JCAR4KEzOF9HzUvNfgOnqr5Ov2QSm2AvCfOdBe9Oy%2Fvnzag3zLIuKsio2qc%2FE%2BKC0I%2B4MpT6AtjonGvWhSFYeOjRTl6ytxGba%2F42pjcyyVc4KxuembJV6Yiv2h%2FCVOHi42A4Bx%2BAVZlB2OJQoCeizHaEIke4gLKBu993M9y78%2FmzREQ0KgV1vvYuRfaKd1eNmO0SRV1ogUSH81Kgs05B6IoMhVKT4w7TwrTxbp%2FQ2iMn1qdaM1viWqCGwU1siX1ZIegdsZIo1sjlWnbsTcjefS6Pj3RtIU6lROCEB6QAgiS1WJabPNVEO7waQAXksTDyQHUY2wqyAfRzb44KOjG0poBVHSJ1fq5iJGt%2Fs2ROyG2r1yuKaZ4GSAmh5BaCjz8%3D%22%7D&prevSearchId=1765686709859674781&loginPromo=1
905,"khách sạn nằm trong hẻm nhưng cũng khá gần trung tâm. Phòng mới, đẹp, sạch sẽ",Hill Star Hotel Phu Quoc,https://www.traveloka.com/en-vn/hotel/detail?spec=13-05-2023.14-05-2023.1.1.HOTEL.9000000975034.Hill%20Star%20Hotel%20Phu%20Quoc.1&contexts=%7B%22inventoryRateKey%22%3A%22povEwB3ZzsU2C6pd%2B6MdUwKh3BcjHsHvQbV0EUcyDRFM0tKsNUio4Rxug1zOzHJilcvZa8YdqqIySdppe7dolTIewZlxfjiOGz6oXLTucMvN0%2BgQ3yZPvZcoHwUFNN%2BZpcr%2F%2FNa8o9ElfN8zOYhzzZeg0X586laFpeUViPi9rxCNg2uRbmtFxDyEaU%2BMkBeNmhLDdV0WLeT%2FFKfQ0QL8LH02Dvlx%2F8PjYogEE5yzx6g6yOKyKeIDf7jO3GM45O1o1hmSkmz3HiZNSbS8gXb3CDW9nmlhkqLKa4lLkAkZpAG5JCAR4KEzOF9HzUvNfgOnqr5Ov2QSm2AvCfOdBe9Oy%2Fvnzag3zLIuKsio2qc%2FE%2BKC0I%2B4MpT6AtjonGvWhSFYeOjRTl6ytxGba%2F42pjcyyVc4KxuembJV6Yiv2h%2FCVOHi42A4Bx%2BAVZlB2OJQoCeizHaEIke4gLKBu993M9y78%2FmzREQ0KgV1vvYuRfaKd1eNmO0SRV1ogUSH81Kgs05B6IoMhVKT4w7TwrTxbp%2FQ2iMn1qdaM1viWqCGwU1siX1ZIegdsZIo1sjlWnbsTcjefS6Pj3RtIU6lROCEB6QAgiS1WJabPNVEO7waQAXksTDyQHUY2wqyAfRzb44KOjG0poBVHSJ1fq5iJGt%2Fs2ROyG2r1yuKaZ4GSAmh5BaCjz8%3D%22%7D&prevSearchId=1765686709859674781&loginPromo=1
906,"Phòng sạch sẽ và mới. Nhân viên thân thiện, nhiệt tình. Rất đáng để quay lại.",Hill Star Hotel Phu Quoc,https://www.traveloka.com/en-vn/hotel/detail?spec=13-05-2023.14-05-2023.1.1.HOTEL.9000000975034.Hill%20Star%20Hotel%20Phu%20Quoc.1&contexts=%7B%22inventoryRateKey%22%3A%22povEwB3ZzsU2C6pd%2B6MdUwKh3BcjHsHvQbV0EUcyDRFM0tKsNUio4Rxug1zOzHJilcvZa8YdqqIySdppe7dolTIewZlxfjiOGz6oXLTucMvN0%2BgQ3yZPvZcoHwUFNN%2BZpcr%2F%2FNa8o9ElfN8zOYhzzZeg0X586laFpeUViPi9rxCNg2uRbmtFxDyEaU%2BMkBeNmhLDdV0WLeT%2FFKfQ0QL8LH02Dvlx%2F8PjYogEE5yzx6g6yOKyKeIDf7jO3GM45O1o1hmSkmz3HiZNSbS8gXb3CDW9nmlhkqLKa4lLkAkZpAG5JCAR4KEzOF9HzUvNfgOnqr5Ov2QSm2AvCfOdBe9Oy%2Fvnzag3zLIuKsio2qc%2FE%2BKC0I%2B4MpT6AtjonGvWhSFYeOjRTl6ytxGba%2F42pjcyyVc4KxuembJV6Yiv2h%2FCVOHi42A4Bx%2BAVZlB2OJQoCeizHaEIke4gLKBu993M9y78%2FmzREQ0KgV1vvYuRfaKd1eNmO0SRV1ogUSH81Kgs05B6IoMhVKT4w7TwrTxbp%2FQ2iMn1qdaM1viWqCGwU1siX1ZIegdsZIo1sjlWnbsTcjefS6Pj3RtIU6lROCEB6QAgiS1WJabPNVEO7waQAXksTDyQHUY2wqyAfRzb44KOjG0poBVHSJ1fq5iJGt%2Fs2ROyG2r1yuKaZ4GSAmh5BaCjz8%3D%22%7D&prevSearchId=1765686709859674781&loginPromo=1
907,"phòng sạch sẽ có tivi kết nối youtube có máy giặt miễn phis ,giá cả hợp lý",Hill Star Hotel Phu Quoc,https://www.traveloka.com/en-vn/hotel/detail?spec=13-05-2023.14-05-2023.1.1.HOTEL.9000000975034.Hill%20Star%20Hotel%20Phu%20Quoc.1&contexts=%7B%22inventoryRateKey%22%3A%22povEwB3ZzsU2C6pd%2B6MdUwKh3BcjHsHvQbV0EUcyDRFM0tKsNUio4Rxug1zOzHJilcvZa8YdqqIySdppe7dolTIewZlxfjiOGz6oXLTucMvN0%2BgQ3yZPvZcoHwUFNN%2BZpcr%2F%2FNa8o9ElfN8zOYhzzZeg0X586laFpeUViPi9rxCNg2uRbmtFxDyEaU%2BMkBeNmhLDdV0WLeT%2FFKfQ0QL8LH02Dvlx%2F8PjYogEE5yzx6g6yOKyKeIDf7jO3GM45O1o1hmSkmz3HiZNSbS8gXb3CDW9nmlhkqLKa4lLkAkZpAG5JCAR4KEzOF9HzUvNfgOnqr5Ov2QSm2AvCfOdBe9Oy%2Fvnzag3zLIuKsio2qc%2FE%2BKC0I%2B4MpT6AtjonGvWhSFYeOjRTl6ytxGba%2F42pjcyyVc4KxuembJV6Yiv2h%2FCVOHi42A4Bx%2BAVZlB2OJQoCeizHaEIke4gLKBu993M9y78%2FmzREQ0KgV1vvYuRfaKd1eNmO0SRV1ogUSH81Kgs05B6IoMhVKT4w7TwrTxbp%2FQ2iMn1qdaM1viWqCGwU1siX1ZIegdsZIo1sjlWnbsTcjefS6Pj3RtIU6lROCEB6QAgiS1WJabPNVEO7waQAXksTDyQHUY2wqyAfRzb44KOjG0poBVHSJ1fq5iJGt%2Fs2ROyG2r1yuKaZ4GSAmh5BaCjz8%3D%22%7D&prevSearchId=1765686709859674781&loginPromo=1
908,"Khách sạn mới, sạch sẽ, nhân viên thân thiện, giá hợp lý, tuy nhiên không phục vụ bữa sáng. Sẽ quay lại.",Hill Star Hotel Phu Quoc,https://www.traveloka.com/en-vn/hotel/detail?spec=13-05-2023.14-05-2023.1.1.HOTEL.9000000975034.Hill%20Star%20Hotel%20Phu%20Quoc.1&contexts=%7B%22inventoryRateKey%22%3A%22povEwB3ZzsU2C6pd%2B6MdUwKh3BcjHsHvQbV0EUcyDRFM0tKsNUio4Rxug1zOzHJilcvZa8YdqqIySdppe7dolTIewZlxfjiOGz6oXLTucMvN0%2BgQ3yZPvZcoHwUFNN%2BZpcr%2F%2FNa8o9ElfN8zOYhzzZeg0X586laFpeUViPi9rxCNg2uRbmtFxDyEaU%2BMkBeNmhLDdV0WLeT%2FFKfQ0QL8LH02Dvlx%2F8PjYogEE5yzx6g6yOKyKeIDf7jO3GM45O1o1hmSkmz3HiZNSbS8gXb3CDW9nmlhkqLKa4lLkAkZpAG5JCAR4KEzOF9HzUvNfgOnqr5Ov2QSm2AvCfOdBe9Oy%2Fvnzag3zLIuKsio2qc%2FE%2BKC0I%2B4MpT6AtjonGvWhSFYeOjRTl6ytxGba%2F42pjcyyVc4KxuembJV6Yiv2h%2FCVOHi42A4Bx%2BAVZlB2OJQoCeizHaEIke4gLKBu993M9y78%2FmzREQ0KgV1vvYuRfaKd1eNmO0SRV1ogUSH81Kgs05B6IoMhVKT4w7TwrTxbp%2FQ2iMn1qdaM1viWqCGwU1siX1ZIegdsZIo1sjlWnbsTcjefS6Pj3RtIU6lROCEB6QAgiS1WJabPNVEO7waQAXksTDyQHUY2wqyAfRzb44KOjG0poBVHSJ1fq5iJGt%2Fs2ROyG2r1yuKaZ4GSAmh5BaCjz8%3D%22%7D&prevSearchId=1765686709859674781&loginPromo=1
909,"Rất tốt, sạch sẽ, mới mẻ, thân thiện",Hill Star Hotel Phu Quoc,https://www.traveloka.com/en-vn/hotel/detail?spec=13-05-2023.14-05-2023.1.1.HOTEL.9000000975034.Hill%20Star%20Hotel%20Phu%20Quoc.1&contexts=%7B%22inventoryRateKey%22%3A%22povEwB3ZzsU2C6pd%2B6MdUwKh3BcjHsHvQbV0EUcyDRFM0tKsNUio4Rxug1zOzHJilcvZa8YdqqIySdppe7dolTIewZlxfjiOGz6oXLTucMvN0%2BgQ3yZPvZcoHwUFNN%2BZpcr%2F%2FNa8o9ElfN8zOYhzzZeg0X586laFpeUViPi9rxCNg2uRbmtFxDyEaU%2BMkBeNmhLDdV0WLeT%2FFKfQ0QL8LH02Dvlx%2F8PjYogEE5yzx6g6yOKyKeIDf7jO3GM45O1o1hmSkmz3HiZNSbS8gXb3CDW9nmlhkqLKa4lLkAkZpAG5JCAR4KEzOF9HzUvNfgOnqr5Ov2QSm2AvCfOdBe9Oy%2Fvnzag3zLIuKsio2qc%2FE%2BKC0I%2B4MpT6AtjonGvWhSFYeOjRTl6ytxGba%2F42pjcyyVc4KxuembJV6Yiv2h%2FCVOHi42A4Bx%2BAVZlB2OJQoCeizHaEIke4gLKBu993M9y78%2FmzREQ0KgV1vvYuRfaKd1eNmO0SRV1ogUSH81Kgs05B6IoMhVKT4w7TwrTxbp%2FQ2iMn1qdaM1viWqCGwU1siX1ZIegdsZIo1sjlWnbsTcjefS6Pj3RtIU6lROCEB6QAgiS1WJabPNVEO7waQAXksTDyQHUY2wqyAfRzb44KOjG0poBVHSJ1fq5iJGt%2Fs2ROyG2r1yuKaZ4GSAmh5BaCjz8%3D%22%7D&prevSearchId=1765686709859674781&loginPromo=1
910,"Nếu theo mình nhận xét trên thang điểm 10 thì mình sẽ cho khách sạn 10/10 vì nó rất xứng đáng và rất ok vì việc vệ sinh ổn , thời gian vi vu thoải máy lễ tân ân cần lịch sự . Và nếu chọn lại thêm một chuyến đi tiếp theo nữa tôi sẽ chọn Hill Star . Tuyệt vời 👌",Hill Star Hotel Phu Quoc,https://www.traveloka.com/en-vn/hotel/detail?spec=13-05-2023.14-05-2023.1.1.HOTEL.9000000975034.Hill%20Star%20Hotel%20Phu%20Quoc.1&contexts=%7B%22inventoryRateKey%22%3A%22povEwB3ZzsU2C6pd%2B6MdUwKh3BcjHsHvQbV0EUcyDRFM0tKsNUio4Rxug1zOzHJilcvZa8YdqqIySdppe7dolTIewZlxfjiOGz6oXLTucMvN0%2BgQ3yZPvZcoHwUFNN%2BZpcr%2F%2FNa8o9ElfN8zOYhzzZeg0X586laFpeUViPi9rxCNg2uRbmtFxDyEaU%2BMkBeNmhLDdV0WLeT%2FFKfQ0QL8LH02Dvlx%2F8PjYogEE5yzx6g6yOKyKeIDf7jO3GM45O1o1hmSkmz3HiZNSbS8gXb3CDW9nmlhkqLKa4lLkAkZpAG5JCAR4KEzOF9HzUvNfgOnqr5Ov2QSm2AvCfOdBe9Oy%2Fvnzag3zLIuKsio2qc%2FE%2BKC0I%2B4MpT6AtjonGvWhSFYeOjRTl6ytxGba%2F42pjcyyVc4KxuembJV6Yiv2h%2FCVOHi42A4Bx%2BAVZlB2OJQoCeizHaEIke4gLKBu993M9y78%2FmzREQ0KgV1vvYuRfaKd1eNmO0SRV1ogUSH81Kgs05B6IoMhVKT4w7TwrTxbp%2FQ2iMn1qdaM1viWqCGwU1siX1ZIegdsZIo1sjlWnbsTcjefS6Pj3RtIU6lROCEB6QAgiS1WJabPNVEO7waQAXksTDyQHUY2wqyAfRzb44KOjG0poBVHSJ1fq5iJGt%2Fs2ROyG2r1yuKaZ4GSAmh5BaCjz8%3D%22%7D&prevSearchId=1765686709859674781&loginPromo=1
911,Khách sạn rất sạch sẽ và gọn gàng.,Hill Star Hotel Phu Quoc,https://www.traveloka.com/en-vn/hotel/detail?spec=13-05-2023.14-05-2023.1.1.HOTEL.9000000975034.Hill%20Star%20Hotel%20Phu%20Quoc.1&contexts=%7B%22inventoryRateKey%22%3A%22povEwB3ZzsU2C6pd%2B6MdUwKh3BcjHsHvQbV0EUcyDRFM0tKsNUio4Rxug1zOzHJilcvZa8YdqqIySdppe7dolTIewZlxfjiOGz6oXLTucMvN0%2BgQ3yZPvZcoHwUFNN%2BZpcr%2F%2FNa8o9ElfN8zOYhzzZeg0X586laFpeUViPi9rxCNg2uRbmtFxDyEaU%2BMkBeNmhLDdV0WLeT%2FFKfQ0QL8LH02Dvlx%2F8PjYogEE5yzx6g6yOKyKeIDf7jO3GM45O1o1hmSkmz3HiZNSbS8gXb3CDW9nmlhkqLKa4lLkAkZpAG5JCAR4KEzOF9HzUvNfgOnqr5Ov2QSm2AvCfOdBe9Oy%2Fvnzag3zLIuKsio2qc%2FE%2BKC0I%2B4MpT6AtjonGvWhSFYeOjRTl6ytxGba%2F42pjcyyVc4KxuembJV6Yiv2h%2FCVOHi42A4Bx%2BAVZlB2OJQoCeizHaEIke4gLKBu993M9y78%2FmzREQ0KgV1vvYuRfaKd1eNmO0SRV1ogUSH81Kgs05B6IoMhVKT4w7TwrTxbp%2FQ2iMn1qdaM1viWqCGwU1siX1ZIegdsZIo1sjlWnbsTcjefS6Pj3RtIU6lROCEB6QAgiS1WJabPNVEO7waQAXksTDyQHUY2wqyAfRzb44KOjG0poBVHSJ1fq5iJGt%2Fs2ROyG2r1yuKaZ4GSAmh5BaCjz8%3D%22%7D&prevSearchId=1765686709859674781&loginPromo=1
912,"Khách sạn mới, đẹp, nhân viên nhiệt tình. Vị trí phù hợp với bạn nào thích yên tĩnh nên hơi xa trung tâm và biển 1 chút. Đặc biệt có máy giặt free, tiện lợi cho khách giặt đồ, không phải mang đồ bẩn về nhà hay đi giặt tốn kém. Nói chung rất ổn với mức giá.",Hill Star Hotel Phu Quoc,https://www.traveloka.com/en-vn/hotel/detail?spec=13-05-2023.14-05-2023.1.1.HOTEL.9000000975034.Hill%20Star%20Hotel%20Phu%20Quoc.1&contexts=%7B%22inventoryRateKey%22%3A%22povEwB3ZzsU2C6pd%2B6MdUwKh3BcjHsHvQbV0EUcyDRFM0tKsNUio4Rxug1zOzHJilcvZa8YdqqIySdppe7dolTIewZlxfjiOGz6oXLTucMvN0%2BgQ3yZPvZcoHwUFNN%2BZpcr%2F%2FNa8o9ElfN8zOYhzzZeg0X586laFpeUViPi9rxCNg2uRbmtFxDyEaU%2BMkBeNmhLDdV0WLeT%2FFKfQ0QL8LH02Dvlx%2F8PjYogEE5yzx6g6yOKyKeIDf7jO3GM45O1o1hmSkmz3HiZNSbS8gXb3CDW9nmlhkqLKa4lLkAkZpAG5JCAR4KEzOF9HzUvNfgOnqr5Ov2QSm2AvCfOdBe9Oy%2Fvnzag3zLIuKsio2qc%2FE%2BKC0I%2B4MpT6AtjonGvWhSFYeOjRTl6ytxGba%2F42pjcyyVc4KxuembJV6Yiv2h%2FCVOHi42A4Bx%2BAVZlB2OJQoCeizHaEIke4gLKBu993M9y78%2FmzREQ0KgV1vvYuRfaKd1eNmO0SRV1ogUSH81Kgs05B6IoMhVKT4w7TwrTxbp%2FQ2iMn1qdaM1viWqCGwU1siX1ZIegdsZIo1sjlWnbsTcjefS6Pj3RtIU6lROCEB6QAgiS1WJabPNVEO7waQAXksTDyQHUY2wqyAfRzb44KOjG0poBVHSJ1fq5iJGt%2Fs2ROyG2r1yuKaZ4GSAmh5BaCjz8%3D%22%7D&prevSearchId=1765686709859674781&loginPromo=1
913,Mình book lux có bồn tắm nhưng tới nhận phòng lux mà không có thấy,Hill Star Hotel Phu Quoc,https://www.traveloka.com/en-vn/hotel/detail?spec=13-05-2023.14-05-2023.1.1.HOTEL.9000000975034.Hill%20Star%20Hotel%20Phu%20Quoc.1&contexts=%7B%22inventoryRateKey%22%3A%22povEwB3ZzsU2C6pd%2B6MdUwKh3BcjHsHvQbV0EUcyDRFM0tKsNUio4Rxug1zOzHJilcvZa8YdqqIySdppe7dolTIewZlxfjiOGz6oXLTucMvN0%2BgQ3yZPvZcoHwUFNN%2BZpcr%2F%2FNa8o9ElfN8zOYhzzZeg0X586laFpeUViPi9rxCNg2uRbmtFxDyEaU%2BMkBeNmhLDdV0WLeT%2FFKfQ0QL8LH02Dvlx%2F8PjYogEE5yzx6g6yOKyKeIDf7jO3GM45O1o1hmSkmz3HiZNSbS8gXb3CDW9nmlhkqLKa4lLkAkZpAG5JCAR4KEzOF9HzUvNfgOnqr5Ov2QSm2AvCfOdBe9Oy%2Fvnzag3zLIuKsio2qc%2FE%2BKC0I%2B4MpT6AtjonGvWhSFYeOjRTl6ytxGba%2F42pjcyyVc4KxuembJV6Yiv2h%2FCVOHi42A4Bx%2BAVZlB2OJQoCeizHaEIke4gLKBu993M9y78%2FmzREQ0KgV1vvYuRfaKd1eNmO0SRV1ogUSH81Kgs05B6IoMhVKT4w7TwrTxbp%2FQ2iMn1qdaM1viWqCGwU1siX1ZIegdsZIo1sjlWnbsTcjefS6Pj3RtIU6lROCEB6QAgiS1WJabPNVEO7waQAXksTDyQHUY2wqyAfRzb44KOjG0poBVHSJ1fq5iJGt%2Fs2ROyG2r1yuKaZ4GSAmh5BaCjz8%3D%22%7D&prevSearchId=1765686709859674781&loginPromo=1
914,"Anh Chị vui vẻ, dễ thương, tư vấn nhiệt tình. Phòng sạch sẽ, đầy đủ tiện nghi. được sử dụng bếp, máy giặt miễn phí. Cảm giác như ở nhà vậy!!!!!",Hill Star Hotel Phu Quoc,https://www.traveloka.com/en-vn/hotel/detail?spec=13-05-2023.14-05-2023.1.1.HOTEL.9000000975034.Hill%20Star%20Hotel%20Phu%20Quoc.1&contexts=%7B%22inventoryRateKey%22%3A%22povEwB3ZzsU2C6pd%2B6MdUwKh3BcjHsHvQbV0EUcyDRFM0tKsNUio4Rxug1zOzHJilcvZa8YdqqIySdppe7dolTIewZlxfjiOGz6oXLTucMvN0%2BgQ3yZPvZcoHwUFNN%2BZpcr%2F%2FNa8o9ElfN8zOYhzzZeg0X586laFpeUViPi9rxCNg2uRbmtFxDyEaU%2BMkBeNmhLDdV0WLeT%2FFKfQ0QL8LH02Dvlx%2F8PjYogEE5yzx6g6yOKyKeIDf7jO3GM45O1o1hmSkmz3HiZNSbS8gXb3CDW9nmlhkqLKa4lLkAkZpAG5JCAR4KEzOF9HzUvNfgOnqr5Ov2QSm2AvCfOdBe9Oy%2Fvnzag3zLIuKsio2qc%2FE%2BKC0I%2B4MpT6AtjonGvWhSFYeOjRTl6ytxGba%2F42pjcyyVc4KxuembJV6Yiv2h%2FCVOHi42A4Bx%2BAVZlB2OJQoCeizHaEIke4gLKBu993M9y78%2FmzREQ0KgV1vvYuRfaKd1eNmO0SRV1ogUSH81Kgs05B6IoMhVKT4w7TwrTxbp%2FQ2iMn1qdaM1viWqCGwU1siX1ZIegdsZIo1sjlWnbsTcjefS6Pj3RtIU6lROCEB6QAgiS1WJabPNVEO7waQAXksTDyQHUY2wqyAfRzb44KOjG0poBVHSJ1fq5iJGt%2Fs2ROyG2r1yuKaZ4GSAmh5BaCjz8%3D%22%7D&prevSearchId=1765686709859674781&loginPromo=1
915,"khách sạn sạch sẽ, anh chủ cực và các nhân viên nhiệt tình, dễ thương",Hill Star Hotel Phu Quoc,https://www.traveloka.com/en-vn/hotel/detail?spec=13-05-2023.14-05-2023.1.1.HOTEL.9000000975034.Hill%20Star%20Hotel%20Phu%20Quoc.1&contexts=%7B%22inventoryRateKey%22%3A%22povEwB3ZzsU2C6pd%2B6MdUwKh3BcjHsHvQbV0EUcyDRFM0tKsNUio4Rxug1zOzHJilcvZa8YdqqIySdppe7dolTIewZlxfjiOGz6oXLTucMvN0%2BgQ3yZPvZcoHwUFNN%2BZpcr%2F%2FNa8o9ElfN8zOYhzzZeg0X586laFpeUViPi9rxCNg2uRbmtFxDyEaU%2BMkBeNmhLDdV0WLeT%2FFKfQ0QL8LH02Dvlx%2F8PjYogEE5yzx6g6yOKyKeIDf7jO3GM45O1o1hmSkmz3HiZNSbS8gXb3CDW9nmlhkqLKa4lLkAkZpAG5JCAR4KEzOF9HzUvNfgOnqr5Ov2QSm2AvCfOdBe9Oy%2Fvnzag3zLIuKsio2qc%2FE%2BKC0I%2B4MpT6AtjonGvWhSFYeOjRTl6ytxGba%2F42pjcyyVc4KxuembJV6Yiv2h%2FCVOHi42A4Bx%2BAVZlB2OJQoCeizHaEIke4gLKBu993M9y78%2FmzREQ0KgV1vvYuRfaKd1eNmO0SRV1ogUSH81Kgs05B6IoMhVKT4w7TwrTxbp%2FQ2iMn1qdaM1viWqCGwU1siX1ZIegdsZIo1sjlWnbsTcjefS6Pj3RtIU6lROCEB6QAgiS1WJabPNVEO7waQAXksTDyQHUY2wqyAfRzb44KOjG0poBVHSJ1fq5iJGt%2Fs2ROyG2r1yuKaZ4GSAmh5BaCjz8%3D%22%7D&prevSearchId=1765686709859674781&loginPromo=1
916,- Phòng không khoá được - Cách xử lí tình huống của khách sạn không tốt - Lễ tân không trực thường xuyên làm khách phải chờ lâ. Không hài lòng và sẽ không có lần thứ 2 quay lại đây,Hill Star Hotel Phu Quoc,https://www.traveloka.com/en-vn/hotel/detail?spec=13-05-2023.14-05-2023.1.1.HOTEL.9000000975034.Hill%20Star%20Hotel%20Phu%20Quoc.1&contexts=%7B%22inventoryRateKey%22%3A%22povEwB3ZzsU2C6pd%2B6MdUwKh3BcjHsHvQbV0EUcyDRFM0tKsNUio4Rxug1zOzHJilcvZa8YdqqIySdppe7dolTIewZlxfjiOGz6oXLTucMvN0%2BgQ3yZPvZcoHwUFNN%2BZpcr%2F%2FNa8o9ElfN8zOYhzzZeg0X586laFpeUViPi9rxCNg2uRbmtFxDyEaU%2BMkBeNmhLDdV0WLeT%2FFKfQ0QL8LH02Dvlx%2F8PjYogEE5yzx6g6yOKyKeIDf7jO3GM45O1o1hmSkmz3HiZNSbS8gXb3CDW9nmlhkqLKa4lLkAkZpAG5JCAR4KEzOF9HzUvNfgOnqr5Ov2QSm2AvCfOdBe9Oy%2Fvnzag3zLIuKsio2qc%2FE%2BKC0I%2B4MpT6AtjonGvWhSFYeOjRTl6ytxGba%2F42pjcyyVc4KxuembJV6Yiv2h%2FCVOHi42A4Bx%2BAVZlB2OJQoCeizHaEIke4gLKBu993M9y78%2FmzREQ0KgV1vvYuRfaKd1eNmO0SRV1ogUSH81Kgs05B6IoMhVKT4w7TwrTxbp%2FQ2iMn1qdaM1viWqCGwU1siX1ZIegdsZIo1sjlWnbsTcjefS6Pj3RtIU6lROCEB6QAgiS1WJabPNVEO7waQAXksTDyQHUY2wqyAfRzb44KOjG0poBVHSJ1fq5iJGt%2Fs2ROyG2r1yuKaZ4GSAmh5BaCjz8%3D%22%7D&prevSearchId=1765686709859674781&loginPromo=1
917,"Phòng giá rẻ, sạch sẽ, nhân viên thân thiện. Mình đi công tác chắc chắn sẽ trở lại.",Hill Star Hotel Phu Quoc,https://www.traveloka.com/en-vn/hotel/detail?spec=13-05-2023.14-05-2023.1.1.HOTEL.9000000975034.Hill%20Star%20Hotel%20Phu%20Quoc.1&contexts=%7B%22inventoryRateKey%22%3A%22povEwB3ZzsU2C6pd%2B6MdUwKh3BcjHsHvQbV0EUcyDRFM0tKsNUio4Rxug1zOzHJilcvZa8YdqqIySdppe7dolTIewZlxfjiOGz6oXLTucMvN0%2BgQ3yZPvZcoHwUFNN%2BZpcr%2F%2FNa8o9ElfN8zOYhzzZeg0X586laFpeUViPi9rxCNg2uRbmtFxDyEaU%2BMkBeNmhLDdV0WLeT%2FFKfQ0QL8LH02Dvlx%2F8PjYogEE5yzx6g6yOKyKeIDf7jO3GM45O1o1hmSkmz3HiZNSbS8gXb3CDW9nmlhkqLKa4lLkAkZpAG5JCAR4KEzOF9HzUvNfgOnqr5Ov2QSm2AvCfOdBe9Oy%2Fvnzag3zLIuKsio2qc%2FE%2BKC0I%2B4MpT6AtjonGvWhSFYeOjRTl6ytxGba%2F42pjcyyVc4KxuembJV6Yiv2h%2FCVOHi42A4Bx%2BAVZlB2OJQoCeizHaEIke4gLKBu993M9y78%2FmzREQ0KgV1vvYuRfaKd1eNmO0SRV1ogUSH81Kgs05B6IoMhVKT4w7TwrTxbp%2FQ2iMn1qdaM1viWqCGwU1siX1ZIegdsZIo1sjlWnbsTcjefS6Pj3RtIU6lROCEB6QAgiS1WJabPNVEO7waQAXksTDyQHUY2wqyAfRzb44KOjG0poBVHSJ1fq5iJGt%2Fs2ROyG2r1yuKaZ4GSAmh5BaCjz8%3D%22%7D&prevSearchId=1765686709859674781&loginPromo=1
918,"Khách sạn sạch sẽ, mới và đẹp Nhân viên nhiệt tình thân thiện Trong hẻm nên đi đường tối hơi sợ 😄",Hill Star Hotel Phu Quoc,https://www.traveloka.com/en-vn/hotel/detail?spec=13-05-2023.14-05-2023.1.1.HOTEL.9000000975034.Hill%20Star%20Hotel%20Phu%20Quoc.1&contexts=%7B%22inventoryRateKey%22%3A%22povEwB3ZzsU2C6pd%2B6MdUwKh3BcjHsHvQbV0EUcyDRFM0tKsNUio4Rxug1zOzHJilcvZa8YdqqIySdppe7dolTIewZlxfjiOGz6oXLTucMvN0%2BgQ3yZPvZcoHwUFNN%2BZpcr%2F%2FNa8o9ElfN8zOYhzzZeg0X586laFpeUViPi9rxCNg2uRbmtFxDyEaU%2BMkBeNmhLDdV0WLeT%2FFKfQ0QL8LH02Dvlx%2F8PjYogEE5yzx6g6yOKyKeIDf7jO3GM45O1o1hmSkmz3HiZNSbS8gXb3CDW9nmlhkqLKa4lLkAkZpAG5JCAR4KEzOF9HzUvNfgOnqr5Ov2QSm2AvCfOdBe9Oy%2Fvnzag3zLIuKsio2qc%2FE%2BKC0I%2B4MpT6AtjonGvWhSFYeOjRTl6ytxGba%2F42pjcyyVc4KxuembJV6Yiv2h%2FCVOHi42A4Bx%2BAVZlB2OJQoCeizHaEIke4gLKBu993M9y78%2FmzREQ0KgV1vvYuRfaKd1eNmO0SRV1ogUSH81Kgs05B6IoMhVKT4w7TwrTxbp%2FQ2iMn1qdaM1viWqCGwU1siX1ZIegdsZIo1sjlWnbsTcjefS6Pj3RtIU6lROCEB6QAgiS1WJabPNVEO7waQAXksTDyQHUY2wqyAfRzb44KOjG0poBVHSJ1fq5iJGt%2Fs2ROyG2r1yuKaZ4GSAmh5BaCjz8%3D%22%7D&prevSearchId=1765686709859674781&loginPromo=1
919,"Kháchsạn mới sạch sẽ, nhân viên nhiệt tình thân thiệt",Hill Star Hotel Phu Quoc,https://www.traveloka.com/en-vn/hotel/detail?spec=13-05-2023.14-05-2023.1.1.HOTEL.9000000975034.Hill%20Star%20Hotel%20Phu%20Quoc.1&contexts=%7B%22inventoryRateKey%22%3A%22povEwB3ZzsU2C6pd%2B6MdUwKh3BcjHsHvQbV0EUcyDRFM0tKsNUio4Rxug1zOzHJilcvZa8YdqqIySdppe7dolTIewZlxfjiOGz6oXLTucMvN0%2BgQ3yZPvZcoHwUFNN%2BZpcr%2F%2FNa8o9ElfN8zOYhzzZeg0X586laFpeUViPi9rxCNg2uRbmtFxDyEaU%2BMkBeNmhLDdV0WLeT%2FFKfQ0QL8LH02Dvlx%2F8PjYogEE5yzx6g6yOKyKeIDf7jO3GM45O1o1hmSkmz3HiZNSbS8gXb3CDW9nmlhkqLKa4lLkAkZpAG5JCAR4KEzOF9HzUvNfgOnqr5Ov2QSm2AvCfOdBe9Oy%2Fvnzag3zLIuKsio2qc%2FE%2BKC0I%2B4MpT6AtjonGvWhSFYeOjRTl6ytxGba%2F42pjcyyVc4KxuembJV6Yiv2h%2FCVOHi42A4Bx%2BAVZlB2OJQoCeizHaEIke4gLKBu993M9y78%2FmzREQ0KgV1vvYuRfaKd1eNmO0SRV1ogUSH81Kgs05B6IoMhVKT4w7TwrTxbp%2FQ2iMn1qdaM1viWqCGwU1siX1ZIegdsZIo1sjlWnbsTcjefS6Pj3RtIU6lROCEB6QAgiS1WJabPNVEO7waQAXksTDyQHUY2wqyAfRzb44KOjG0poBVHSJ1fq5iJGt%2Fs2ROyG2r1yuKaZ4GSAmh5BaCjz8%3D%22%7D&prevSearchId=1765686709859674781&loginPromo=1
920,"Khách sạn cũ nhưng yên bình, sạch sẽ, nhân viên thân thiện, vị trí tiện lợi đi lại và tắm biển. Bữa sáng hơi đơn giản so với cấp độ 4* Sẽ lựa chọn cho kỳ nghỉ tương lai. Pleasure feeling.",Saigon Phu Quoc Resort & Spa,https://www.traveloka.com/en-vn/hotel/detail?spec=13-05-2023.14-05-2023.1.1.HOTEL.1000000246732.Saigon%20Phu%20Quoc%20Resort%20%26%20Spa.1&contexts=%7B%22inventoryRateKey%22%3A%22povEwB3ZzsU2C6pd%2B6MdU13LUNuufACdbU0usK5vg0dM0tKsNUio4Rxug1zOzHJilcvZa8YdqqIySdppe7dolTIewZlxfjiOGz6oXLTucMvN0%2BgQ3yZPvZcoHwUFNN%2BZpcr%2F%2FNa8o9ElfN8zOYhzzZeg0X586laFpeUViPi9rxCUbHSgYCYNvlUx5CDP7kZSIvEWeildVo7nbHxIWcXPVNGysXwP9P%2F6jQTjnyKeTv%2ByqYmxSenRKFEfSHS0XO3kZfZPEEhT4qTyZ4NnGlioFk6ay4RXlsebEjOdYqJCyZZxlxUTHNffO2l8jiZZrGWd1F5yTZNH82d3Ski2hEsRD2fxa3MY%2Bk28ILHsNwZ6G%2FNGOtaiV%2Bgh4YG%2FkiP9POwHR1hgSE9JVGuYmbD4FB8l0LkkIBHgoTM4X0fNS81%2BA6f4zV6DxmQzI9dGh%2BP9eA6j%2B%2BfNqDfMsi4qyKjapz8T4qQ%2BjgAtJSRmIL7WdsmYhVjSQb5voiknUxgKT%2Fom%2FJJYAUyxf%2BoM7B5yfJewzeVoU2%2FtVYQKI1lMuX%2BRaPNcBUAvSnVpp3982X8ufymNCG%2Bvqv3rBuUa%2BDAlSlNPC7rHF8TsYmOTADU69%2B%2B%2Fol8yLJTHHQhvr%2Bf5O5wjhPZDddaEMD1lhgrNFX59TpZvCV9M4rSDCIHqoFDFRnsCphC6IUw%3D%22%7D&prevSearchId=1765686709859674781&loginPromo=1
921,Khách sạn tốt nhưng hơi nhiều muỗi,Saigon Phu Quoc Resort & Spa,https://www.traveloka.com/en-vn/hotel/detail?spec=13-05-2023.14-05-2023.1.1.HOTEL.1000000246732.Saigon%20Phu%20Quoc%20Resort%20%26%20Spa.1&contexts=%7B%22inventoryRateKey%22%3A%22povEwB3ZzsU2C6pd%2B6MdU13LUNuufACdbU0usK5vg0dM0tKsNUio4Rxug1zOzHJilcvZa8YdqqIySdppe7dolTIewZlxfjiOGz6oXLTucMvN0%2BgQ3yZPvZcoHwUFNN%2BZpcr%2F%2FNa8o9ElfN8zOYhzzZeg0X586laFpeUViPi9rxCUbHSgYCYNvlUx5CDP7kZSIvEWeildVo7nbHxIWcXPVNGysXwP9P%2F6jQTjnyKeTv%2ByqYmxSenRKFEfSHS0XO3kZfZPEEhT4qTyZ4NnGlioFk6ay4RXlsebEjOdYqJCyZZxlxUTHNffO2l8jiZZrGWd1F5yTZNH82d3Ski2hEsRD2fxa3MY%2Bk28ILHsNwZ6G%2FNGOtaiV%2Bgh4YG%2FkiP9POwHR1hgSE9JVGuYmbD4FB8l0LkkIBHgoTM4X0fNS81%2BA6f4zV6DxmQzI9dGh%2BP9eA6j%2B%2BfNqDfMsi4qyKjapz8T4qQ%2BjgAtJSRmIL7WdsmYhVjSQb5voiknUxgKT%2Fom%2FJJYAUyxf%2BoM7B5yfJewzeVoU2%2FtVYQKI1lMuX%2BRaPNcBUAvSnVpp3982X8ufymNCG%2Bvqv3rBuUa%2BDAlSlNPC7rHF8TsYmOTADU69%2B%2B%2Fol8yLJTHHQhvr%2Bf5O5wjhPZDddaEMD1lhgrNFX59TpZvCV9M4rSDCIHqoFDFRnsCphC6IUw%3D%22%7D&prevSearchId=1765686709859674781&loginPromo=1
922,"vi tri trung tam, tien di lai, bien không duoc dep lam nhu tren Bac dao va Nam dao. Nhung noi chung ok.",Saigon Phu Quoc Resort & Spa,https://www.traveloka.com/en-vn/hotel/detail?spec=13-05-2023.14-05-2023.1.1.HOTEL.1000000246732.Saigon%20Phu%20Quoc%20Resort%20%26%20Spa.1&contexts=%7B%22inventoryRateKey%22%3A%22povEwB3ZzsU2C6pd%2B6MdU13LUNuufACdbU0usK5vg0dM0tKsNUio4Rxug1zOzHJilcvZa8YdqqIySdppe7dolTIewZlxfjiOGz6oXLTucMvN0%2BgQ3yZPvZcoHwUFNN%2BZpcr%2F%2FNa8o9ElfN8zOYhzzZeg0X586laFpeUViPi9rxCUbHSgYCYNvlUx5CDP7kZSIvEWeildVo7nbHxIWcXPVNGysXwP9P%2F6jQTjnyKeTv%2ByqYmxSenRKFEfSHS0XO3kZfZPEEhT4qTyZ4NnGlioFk6ay4RXlsebEjOdYqJCyZZxlxUTHNffO2l8jiZZrGWd1F5yTZNH82d3Ski2hEsRD2fxa3MY%2Bk28ILHsNwZ6G%2FNGOtaiV%2Bgh4YG%2FkiP9POwHR1hgSE9JVGuYmbD4FB8l0LkkIBHgoTM4X0fNS81%2BA6f4zV6DxmQzI9dGh%2BP9eA6j%2B%2BfNqDfMsi4qyKjapz8T4qQ%2BjgAtJSRmIL7WdsmYhVjSQb5voiknUxgKT%2Fom%2FJJYAUyxf%2BoM7B5yfJewzeVoU2%2FtVYQKI1lMuX%2BRaPNcBUAvSnVpp3982X8ufymNCG%2Bvqv3rBuUa%2BDAlSlNPC7rHF8TsYmOTADU69%2B%2B%2Fol8yLJTHHQhvr%2Bf5O5wjhPZDddaEMD1lhgrNFX59TpZvCV9M4rSDCIHqoFDFRnsCphC6IUw%3D%22%7D&prevSearchId=1765686709859674781&loginPromo=1
923,"Đây là 1 trong những Resort đầu tiên tại Phú Quốc nên đúng là hằn dấu vết thời gian. Có lẽ resort cũng đang trong tiến trình cải tạo/nâng cấp nên 1 phòng mình nhận thì rất ok, phòng kia thì kém hơn 1 chút. Theo mình, resort nên cải tạo lại tổng thể toàn bộ thì sẽ hấp dẫn khách hơn. Vị trí của resort quá tốt và các phòng đều được bố trí có view nên là một thuận lợi lớn.",Saigon Phu Quoc Resort & Spa,https://www.traveloka.com/en-vn/hotel/detail?spec=13-05-2023.14-05-2023.1.1.HOTEL.1000000246732.Saigon%20Phu%20Quoc%20Resort%20%26%20Spa.1&contexts=%7B%22inventoryRateKey%22%3A%22povEwB3ZzsU2C6pd%2B6MdU13LUNuufACdbU0usK5vg0dM0tKsNUio4Rxug1zOzHJilcvZa8YdqqIySdppe7dolTIewZlxfjiOGz6oXLTucMvN0%2BgQ3yZPvZcoHwUFNN%2BZpcr%2F%2FNa8o9ElfN8zOYhzzZeg0X586laFpeUViPi9rxCUbHSgYCYNvlUx5CDP7kZSIvEWeildVo7nbHxIWcXPVNGysXwP9P%2F6jQTjnyKeTv%2ByqYmxSenRKFEfSHS0XO3kZfZPEEhT4qTyZ4NnGlioFk6ay4RXlsebEjOdYqJCyZZxlxUTHNffO2l8jiZZrGWd1F5yTZNH82d3Ski2hEsRD2fxa3MY%2Bk28ILHsNwZ6G%2FNGOtaiV%2Bgh4YG%2FkiP9POwHR1hgSE9JVGuYmbD4FB8l0LkkIBHgoTM4X0fNS81%2BA6f4zV6DxmQzI9dGh%2BP9eA6j%2B%2BfNqDfMsi4qyKjapz8T4qQ%2BjgAtJSRmIL7WdsmYhVjSQb5voiknUxgKT%2Fom%2FJJYAUyxf%2BoM7B5yfJewzeVoU2%2FtVYQKI1lMuX%2BRaPNcBUAvSnVpp3982X8ufymNCG%2Bvqv3rBuUa%2BDAlSlNPC7rHF8TsYmOTADU69%2B%2B%2Fol8yLJTHHQhvr%2Bf5O5wjhPZDddaEMD1lhgrNFX59TpZvCV9M4rSDCIHqoFDFRnsCphC6IUw%3D%22%7D&prevSearchId=1765686709859674781&loginPromo=1
924,"Thức ăn son ngon vừa miệng, không gian yên tĩnh sạch sẽ, thoải mái, lần sau sẽ ở nếu có dịp quay lại PQ.",Saigon Phu Quoc Resort & Spa,https://www.traveloka.com/en-vn/hotel/detail?spec=13-05-2023.14-05-2023.1.1.HOTEL.1000000246732.Saigon%20Phu%20Quoc%20Resort%20%26%20Spa.1&contexts=%7B%22inventoryRateKey%22%3A%22povEwB3ZzsU2C6pd%2B6MdU13LUNuufACdbU0usK5vg0dM0tKsNUio4Rxug1zOzHJilcvZa8YdqqIySdppe7dolTIewZlxfjiOGz6oXLTucMvN0%2BgQ3yZPvZcoHwUFNN%2BZpcr%2F%2FNa8o9ElfN8zOYhzzZeg0X586laFpeUViPi9rxCUbHSgYCYNvlUx5CDP7kZSIvEWeildVo7nbHxIWcXPVNGysXwP9P%2F6jQTjnyKeTv%2ByqYmxSenRKFEfSHS0XO3kZfZPEEhT4qTyZ4NnGlioFk6ay4RXlsebEjOdYqJCyZZxlxUTHNffO2l8jiZZrGWd1F5yTZNH82d3Ski2hEsRD2fxa3MY%2Bk28ILHsNwZ6G%2FNGOtaiV%2Bgh4YG%2FkiP9POwHR1hgSE9JVGuYmbD4FB8l0LkkIBHgoTM4X0fNS81%2BA6f4zV6DxmQzI9dGh%2BP9eA6j%2B%2BfNqDfMsi4qyKjapz8T4qQ%2BjgAtJSRmIL7WdsmYhVjSQb5voiknUxgKT%2Fom%2FJJYAUyxf%2BoM7B5yfJewzeVoU2%2FtVYQKI1lMuX%2BRaPNcBUAvSnVpp3982X8ufymNCG%2Bvqv3rBuUa%2BDAlSlNPC7rHF8TsYmOTADU69%2B%2B%2Fol8yLJTHHQhvr%2Bf5O5wjhPZDddaEMD1lhgrNFX59TpZvCV9M4rSDCIHqoFDFRnsCphC6IUw%3D%22%7D&prevSearchId=1765686709859674781&loginPromo=1
925,"Phòng lình ở được nâng hạng phòng . Phòng rộng sạch sẽ, hướng nhìn ra biển . Rất hài lòng dịch vụ ở đây . Lần sau đến sẽ lại chọn ở đây .",Saigon Phu Quoc Resort & Spa,https://www.traveloka.com/en-vn/hotel/detail?spec=13-05-2023.14-05-2023.1.1.HOTEL.1000000246732.Saigon%20Phu%20Quoc%20Resort%20%26%20Spa.1&contexts=%7B%22inventoryRateKey%22%3A%22povEwB3ZzsU2C6pd%2B6MdU13LUNuufACdbU0usK5vg0dM0tKsNUio4Rxug1zOzHJilcvZa8YdqqIySdppe7dolTIewZlxfjiOGz6oXLTucMvN0%2BgQ3yZPvZcoHwUFNN%2BZpcr%2F%2FNa8o9ElfN8zOYhzzZeg0X586laFpeUViPi9rxCUbHSgYCYNvlUx5CDP7kZSIvEWeildVo7nbHxIWcXPVNGysXwP9P%2F6jQTjnyKeTv%2ByqYmxSenRKFEfSHS0XO3kZfZPEEhT4qTyZ4NnGlioFk6ay4RXlsebEjOdYqJCyZZxlxUTHNffO2l8jiZZrGWd1F5yTZNH82d3Ski2hEsRD2fxa3MY%2Bk28ILHsNwZ6G%2FNGOtaiV%2Bgh4YG%2FkiP9POwHR1hgSE9JVGuYmbD4FB8l0LkkIBHgoTM4X0fNS81%2BA6f4zV6DxmQzI9dGh%2BP9eA6j%2B%2BfNqDfMsi4qyKjapz8T4qQ%2BjgAtJSRmIL7WdsmYhVjSQb5voiknUxgKT%2Fom%2FJJYAUyxf%2BoM7B5yfJewzeVoU2%2FtVYQKI1lMuX%2BRaPNcBUAvSnVpp3982X8ufymNCG%2Bvqv3rBuUa%2BDAlSlNPC7rHF8TsYmOTADU69%2B%2B%2Fol8yLJTHHQhvr%2Bf5O5wjhPZDddaEMD1lhgrNFX59TpZvCV9M4rSDCIHqoFDFRnsCphC6IUw%3D%22%7D&prevSearchId=1765686709859674781&loginPromo=1
926,"Phòng rộng rãi, đồ ăn sáng khá ổn, Tuy nhiên phòng hơi cũ và phòng của mình thì bị hư máy lạnh, không có đủ nước nóng để xả bồn",Saigon Phu Quoc Resort & Spa,https://www.traveloka.com/en-vn/hotel/detail?spec=13-05-2023.14-05-2023.1.1.HOTEL.1000000246732.Saigon%20Phu%20Quoc%20Resort%20%26%20Spa.1&contexts=%7B%22inventoryRateKey%22%3A%22povEwB3ZzsU2C6pd%2B6MdU13LUNuufACdbU0usK5vg0dM0tKsNUio4Rxug1zOzHJilcvZa8YdqqIySdppe7dolTIewZlxfjiOGz6oXLTucMvN0%2BgQ3yZPvZcoHwUFNN%2BZpcr%2F%2FNa8o9ElfN8zOYhzzZeg0X586laFpeUViPi9rxCUbHSgYCYNvlUx5CDP7kZSIvEWeildVo7nbHxIWcXPVNGysXwP9P%2F6jQTjnyKeTv%2ByqYmxSenRKFEfSHS0XO3kZfZPEEhT4qTyZ4NnGlioFk6ay4RXlsebEjOdYqJCyZZxlxUTHNffO2l8jiZZrGWd1F5yTZNH82d3Ski2hEsRD2fxa3MY%2Bk28ILHsNwZ6G%2FNGOtaiV%2Bgh4YG%2FkiP9POwHR1hgSE9JVGuYmbD4FB8l0LkkIBHgoTM4X0fNS81%2BA6f4zV6DxmQzI9dGh%2BP9eA6j%2B%2BfNqDfMsi4qyKjapz8T4qQ%2BjgAtJSRmIL7WdsmYhVjSQb5voiknUxgKT%2Fom%2FJJYAUyxf%2BoM7B5yfJewzeVoU2%2FtVYQKI1lMuX%2BRaPNcBUAvSnVpp3982X8ufymNCG%2Bvqv3rBuUa%2BDAlSlNPC7rHF8TsYmOTADU69%2B%2B%2Fol8yLJTHHQhvr%2Bf5O5wjhPZDddaEMD1lhgrNFX59TpZvCV9M4rSDCIHqoFDFRnsCphC6IUw%3D%22%7D&prevSearchId=1765686709859674781&loginPromo=1
927,Phòng rất tệ bẩn và ra giường bị dơ nằm bị ngứa. Khu phòng nhìn khu nhà tập thể,Saigon Phu Quoc Resort & Spa,https://www.traveloka.com/en-vn/hotel/detail?spec=13-05-2023.14-05-2023.1.1.HOTEL.1000000246732.Saigon%20Phu%20Quoc%20Resort%20%26%20Spa.1&contexts=%7B%22inventoryRateKey%22%3A%22povEwB3ZzsU2C6pd%2B6MdU13LUNuufACdbU0usK5vg0dM0tKsNUio4Rxug1zOzHJilcvZa8YdqqIySdppe7dolTIewZlxfjiOGz6oXLTucMvN0%2BgQ3yZPvZcoHwUFNN%2BZpcr%2F%2FNa8o9ElfN8zOYhzzZeg0X586laFpeUViPi9rxCUbHSgYCYNvlUx5CDP7kZSIvEWeildVo7nbHxIWcXPVNGysXwP9P%2F6jQTjnyKeTv%2ByqYmxSenRKFEfSHS0XO3kZfZPEEhT4qTyZ4NnGlioFk6ay4RXlsebEjOdYqJCyZZxlxUTHNffO2l8jiZZrGWd1F5yTZNH82d3Ski2hEsRD2fxa3MY%2Bk28ILHsNwZ6G%2FNGOtaiV%2Bgh4YG%2FkiP9POwHR1hgSE9JVGuYmbD4FB8l0LkkIBHgoTM4X0fNS81%2BA6f4zV6DxmQzI9dGh%2BP9eA6j%2B%2BfNqDfMsi4qyKjapz8T4qQ%2BjgAtJSRmIL7WdsmYhVjSQb5voiknUxgKT%2Fom%2FJJYAUyxf%2BoM7B5yfJewzeVoU2%2FtVYQKI1lMuX%2BRaPNcBUAvSnVpp3982X8ufymNCG%2Bvqv3rBuUa%2BDAlSlNPC7rHF8TsYmOTADU69%2B%2B%2Fol8yLJTHHQhvr%2Bf5O5wjhPZDddaEMD1lhgrNFX59TpZvCV9M4rSDCIHqoFDFRnsCphC6IUw%3D%22%7D&prevSearchId=1765686709859674781&loginPromo=1
928,"Khách sạn bẩn , sàn gỗ mốc trắng không xứng 4sao . Bể bơi bé và nước không thay , không có lễ tân đón tiếp , khách sạn không có thang máy khách tự bê vali lên tầng 3 ! Đoàn mình nhiều trẻ em các cháu rất vất vả mang đồ lên tầng . Hành lang ướt và nhiều rêu dễ trơn trượt nguy hiểm ! Tôi không bao giờ chon khách sạn này lần 2 !",Saigon Phu Quoc Resort & Spa,https://www.traveloka.com/en-vn/hotel/detail?spec=13-05-2023.14-05-2023.1.1.HOTEL.1000000246732.Saigon%20Phu%20Quoc%20Resort%20%26%20Spa.1&contexts=%7B%22inventoryRateKey%22%3A%22povEwB3ZzsU2C6pd%2B6MdU13LUNuufACdbU0usK5vg0dM0tKsNUio4Rxug1zOzHJilcvZa8YdqqIySdppe7dolTIewZlxfjiOGz6oXLTucMvN0%2BgQ3yZPvZcoHwUFNN%2BZpcr%2F%2FNa8o9ElfN8zOYhzzZeg0X586laFpeUViPi9rxCUbHSgYCYNvlUx5CDP7kZSIvEWeildVo7nbHxIWcXPVNGysXwP9P%2F6jQTjnyKeTv%2ByqYmxSenRKFEfSHS0XO3kZfZPEEhT4qTyZ4NnGlioFk6ay4RXlsebEjOdYqJCyZZxlxUTHNffO2l8jiZZrGWd1F5yTZNH82d3Ski2hEsRD2fxa3MY%2Bk28ILHsNwZ6G%2FNGOtaiV%2Bgh4YG%2FkiP9POwHR1hgSE9JVGuYmbD4FB8l0LkkIBHgoTM4X0fNS81%2BA6f4zV6DxmQzI9dGh%2BP9eA6j%2B%2BfNqDfMsi4qyKjapz8T4qQ%2BjgAtJSRmIL7WdsmYhVjSQb5voiknUxgKT%2Fom%2FJJYAUyxf%2BoM7B5yfJewzeVoU2%2FtVYQKI1lMuX%2BRaPNcBUAvSnVpp3982X8ufymNCG%2Bvqv3rBuUa%2BDAlSlNPC7rHF8TsYmOTADU69%2B%2B%2Fol8yLJTHHQhvr%2Bf5O5wjhPZDddaEMD1lhgrNFX59TpZvCV9M4rSDCIHqoFDFRnsCphC6IUw%3D%22%7D&prevSearchId=1765686709859674781&loginPromo=1
929,"Máy lạnh không đủ công suất, cửa kéo kính phòng tắm hư, phòng có muỗi",Saigon Phu Quoc Resort & Spa,https://www.traveloka.com/en-vn/hotel/detail?spec=13-05-2023.14-05-2023.1.1.HOTEL.1000000246732.Saigon%20Phu%20Quoc%20Resort%20%26%20Spa.1&contexts=%7B%22inventoryRateKey%22%3A%22povEwB3ZzsU2C6pd%2B6MdU13LUNuufACdbU0usK5vg0dM0tKsNUio4Rxug1zOzHJilcvZa8YdqqIySdppe7dolTIewZlxfjiOGz6oXLTucMvN0%2BgQ3yZPvZcoHwUFNN%2BZpcr%2F%2FNa8o9ElfN8zOYhzzZeg0X586laFpeUViPi9rxCUbHSgYCYNvlUx5CDP7kZSIvEWeildVo7nbHxIWcXPVNGysXwP9P%2F6jQTjnyKeTv%2ByqYmxSenRKFEfSHS0XO3kZfZPEEhT4qTyZ4NnGlioFk6ay4RXlsebEjOdYqJCyZZxlxUTHNffO2l8jiZZrGWd1F5yTZNH82d3Ski2hEsRD2fxa3MY%2Bk28ILHsNwZ6G%2FNGOtaiV%2Bgh4YG%2FkiP9POwHR1hgSE9JVGuYmbD4FB8l0LkkIBHgoTM4X0fNS81%2BA6f4zV6DxmQzI9dGh%2BP9eA6j%2B%2BfNqDfMsi4qyKjapz8T4qQ%2BjgAtJSRmIL7WdsmYhVjSQb5voiknUxgKT%2Fom%2FJJYAUyxf%2BoM7B5yfJewzeVoU2%2FtVYQKI1lMuX%2BRaPNcBUAvSnVpp3982X8ufymNCG%2Bvqv3rBuUa%2BDAlSlNPC7rHF8TsYmOTADU69%2B%2B%2Fol8yLJTHHQhvr%2Bf5O5wjhPZDddaEMD1lhgrNFX59TpZvCV9M4rSDCIHqoFDFRnsCphC6IUw%3D%22%7D&prevSearchId=1765686709859674781&loginPromo=1
930,"Nhân viên thân thiện, mặc dù phòng ốc không còn mới nhưng nằm ở trung tâm tiện cho di chuyển và ăn uống.",Saigon Phu Quoc Resort & Spa,https://www.traveloka.com/en-vn/hotel/detail?spec=13-05-2023.14-05-2023.1.1.HOTEL.1000000246732.Saigon%20Phu%20Quoc%20Resort%20%26%20Spa.1&contexts=%7B%22inventoryRateKey%22%3A%22povEwB3ZzsU2C6pd%2B6MdU13LUNuufACdbU0usK5vg0dM0tKsNUio4Rxug1zOzHJilcvZa8YdqqIySdppe7dolTIewZlxfjiOGz6oXLTucMvN0%2BgQ3yZPvZcoHwUFNN%2BZpcr%2F%2FNa8o9ElfN8zOYhzzZeg0X586laFpeUViPi9rxCUbHSgYCYNvlUx5CDP7kZSIvEWeildVo7nbHxIWcXPVNGysXwP9P%2F6jQTjnyKeTv%2ByqYmxSenRKFEfSHS0XO3kZfZPEEhT4qTyZ4NnGlioFk6ay4RXlsebEjOdYqJCyZZxlxUTHNffO2l8jiZZrGWd1F5yTZNH82d3Ski2hEsRD2fxa3MY%2Bk28ILHsNwZ6G%2FNGOtaiV%2Bgh4YG%2FkiP9POwHR1hgSE9JVGuYmbD4FB8l0LkkIBHgoTM4X0fNS81%2BA6f4zV6DxmQzI9dGh%2BP9eA6j%2B%2BfNqDfMsi4qyKjapz8T4qQ%2BjgAtJSRmIL7WdsmYhVjSQb5voiknUxgKT%2Fom%2FJJYAUyxf%2BoM7B5yfJewzeVoU2%2FtVYQKI1lMuX%2BRaPNcBUAvSnVpp3982X8ufymNCG%2Bvqv3rBuUa%2BDAlSlNPC7rHF8TsYmOTADU69%2B%2B%2Fol8yLJTHHQhvr%2Bf5O5wjhPZDddaEMD1lhgrNFX59TpZvCV9M4rSDCIHqoFDFRnsCphC6IUw%3D%22%7D&prevSearchId=1765686709859674781&loginPromo=1
931,Khuân viên cảnh quan resort rất đẹp phòng sạch sẽ nhưng đồ ăn sáng bị nguội cà phê ngon,Saigon Phu Quoc Resort & Spa,https://www.traveloka.com/en-vn/hotel/detail?spec=13-05-2023.14-05-2023.1.1.HOTEL.1000000246732.Saigon%20Phu%20Quoc%20Resort%20%26%20Spa.1&contexts=%7B%22inventoryRateKey%22%3A%22povEwB3ZzsU2C6pd%2B6MdU13LUNuufACdbU0usK5vg0dM0tKsNUio4Rxug1zOzHJilcvZa8YdqqIySdppe7dolTIewZlxfjiOGz6oXLTucMvN0%2BgQ3yZPvZcoHwUFNN%2BZpcr%2F%2FNa8o9ElfN8zOYhzzZeg0X586laFpeUViPi9rxCUbHSgYCYNvlUx5CDP7kZSIvEWeildVo7nbHxIWcXPVNGysXwP9P%2F6jQTjnyKeTv%2ByqYmxSenRKFEfSHS0XO3kZfZPEEhT4qTyZ4NnGlioFk6ay4RXlsebEjOdYqJCyZZxlxUTHNffO2l8jiZZrGWd1F5yTZNH82d3Ski2hEsRD2fxa3MY%2Bk28ILHsNwZ6G%2FNGOtaiV%2Bgh4YG%2FkiP9POwHR1hgSE9JVGuYmbD4FB8l0LkkIBHgoTM4X0fNS81%2BA6f4zV6DxmQzI9dGh%2BP9eA6j%2B%2BfNqDfMsi4qyKjapz8T4qQ%2BjgAtJSRmIL7WdsmYhVjSQb5voiknUxgKT%2Fom%2FJJYAUyxf%2BoM7B5yfJewzeVoU2%2FtVYQKI1lMuX%2BRaPNcBUAvSnVpp3982X8ufymNCG%2Bvqv3rBuUa%2BDAlSlNPC7rHF8TsYmOTADU69%2B%2B%2Fol8yLJTHHQhvr%2Bf5O5wjhPZDddaEMD1lhgrNFX59TpZvCV9M4rSDCIHqoFDFRnsCphC6IUw%3D%22%7D&prevSearchId=1765686709859674781&loginPromo=1
932,Kháchsạn hơi cũ nhưng nhân viên rất nhiệt tình và dễ thương,Saigon Phu Quoc Resort & Spa,https://www.traveloka.com/en-vn/hotel/detail?spec=13-05-2023.14-05-2023.1.1.HOTEL.1000000246732.Saigon%20Phu%20Quoc%20Resort%20%26%20Spa.1&contexts=%7B%22inventoryRateKey%22%3A%22povEwB3ZzsU2C6pd%2B6MdU13LUNuufACdbU0usK5vg0dM0tKsNUio4Rxug1zOzHJilcvZa8YdqqIySdppe7dolTIewZlxfjiOGz6oXLTucMvN0%2BgQ3yZPvZcoHwUFNN%2BZpcr%2F%2FNa8o9ElfN8zOYhzzZeg0X586laFpeUViPi9rxCUbHSgYCYNvlUx5CDP7kZSIvEWeildVo7nbHxIWcXPVNGysXwP9P%2F6jQTjnyKeTv%2ByqYmxSenRKFEfSHS0XO3kZfZPEEhT4qTyZ4NnGlioFk6ay4RXlsebEjOdYqJCyZZxlxUTHNffO2l8jiZZrGWd1F5yTZNH82d3Ski2hEsRD2fxa3MY%2Bk28ILHsNwZ6G%2FNGOtaiV%2Bgh4YG%2FkiP9POwHR1hgSE9JVGuYmbD4FB8l0LkkIBHgoTM4X0fNS81%2BA6f4zV6DxmQzI9dGh%2BP9eA6j%2B%2BfNqDfMsi4qyKjapz8T4qQ%2BjgAtJSRmIL7WdsmYhVjSQb5voiknUxgKT%2Fom%2FJJYAUyxf%2BoM7B5yfJewzeVoU2%2FtVYQKI1lMuX%2BRaPNcBUAvSnVpp3982X8ufymNCG%2Bvqv3rBuUa%2BDAlSlNPC7rHF8TsYmOTADU69%2B%2B%2Fol8yLJTHHQhvr%2Bf5O5wjhPZDddaEMD1lhgrNFX59TpZvCV9M4rSDCIHqoFDFRnsCphC6IUw%3D%22%7D&prevSearchId=1765686709859674781&loginPromo=1
933,"Resort nằm sát biển. Hoàng hôn xuống có dừa có cây có cỏ, khung cảnh rất thơ. Mình có book nhầm ngày resort hỗ trợ mình rất nhiệt tình. Mấy chị Nhân viên thân thiệt dễ thương lắm. Mình nghĩ resort sẽ thích hợp cho bạn nào thích phong cảnh thiên nhiên, thoáng mát á.",Saigon Phu Quoc Resort & Spa,https://www.traveloka.com/en-vn/hotel/detail?spec=13-05-2023.14-05-2023.1.1.HOTEL.1000000246732.Saigon%20Phu%20Quoc%20Resort%20%26%20Spa.1&contexts=%7B%22inventoryRateKey%22%3A%22povEwB3ZzsU2C6pd%2B6MdU13LUNuufACdbU0usK5vg0dM0tKsNUio4Rxug1zOzHJilcvZa8YdqqIySdppe7dolTIewZlxfjiOGz6oXLTucMvN0%2BgQ3yZPvZcoHwUFNN%2BZpcr%2F%2FNa8o9ElfN8zOYhzzZeg0X586laFpeUViPi9rxCUbHSgYCYNvlUx5CDP7kZSIvEWeildVo7nbHxIWcXPVNGysXwP9P%2F6jQTjnyKeTv%2ByqYmxSenRKFEfSHS0XO3kZfZPEEhT4qTyZ4NnGlioFk6ay4RXlsebEjOdYqJCyZZxlxUTHNffO2l8jiZZrGWd1F5yTZNH82d3Ski2hEsRD2fxa3MY%2Bk28ILHsNwZ6G%2FNGOtaiV%2Bgh4YG%2FkiP9POwHR1hgSE9JVGuYmbD4FB8l0LkkIBHgoTM4X0fNS81%2BA6f4zV6DxmQzI9dGh%2BP9eA6j%2B%2BfNqDfMsi4qyKjapz8T4qQ%2BjgAtJSRmIL7WdsmYhVjSQb5voiknUxgKT%2Fom%2FJJYAUyxf%2BoM7B5yfJewzeVoU2%2FtVYQKI1lMuX%2BRaPNcBUAvSnVpp3982X8ufymNCG%2Bvqv3rBuUa%2BDAlSlNPC7rHF8TsYmOTADU69%2B%2B%2Fol8yLJTHHQhvr%2Bf5O5wjhPZDddaEMD1lhgrNFX59TpZvCV9M4rSDCIHqoFDFRnsCphC6IUw%3D%22%7D&prevSearchId=1765686709859674781&loginPromo=1
934,"Khách sạn tuy hơi cũ, đồ ăn sáng hơi ít món, nhân viên nhiệt tình, bãi biển riêng đẹp, hô bơi tạm ổn, khuôn viên xanh mát",Saigon Phu Quoc Resort & Spa,https://www.traveloka.com/en-vn/hotel/detail?spec=13-05-2023.14-05-2023.1.1.HOTEL.1000000246732.Saigon%20Phu%20Quoc%20Resort%20%26%20Spa.1&contexts=%7B%22inventoryRateKey%22%3A%22povEwB3ZzsU2C6pd%2B6MdU13LUNuufACdbU0usK5vg0dM0tKsNUio4Rxug1zOzHJilcvZa8YdqqIySdppe7dolTIewZlxfjiOGz6oXLTucMvN0%2BgQ3yZPvZcoHwUFNN%2BZpcr%2F%2FNa8o9ElfN8zOYhzzZeg0X586laFpeUViPi9rxCUbHSgYCYNvlUx5CDP7kZSIvEWeildVo7nbHxIWcXPVNGysXwP9P%2F6jQTjnyKeTv%2ByqYmxSenRKFEfSHS0XO3kZfZPEEhT4qTyZ4NnGlioFk6ay4RXlsebEjOdYqJCyZZxlxUTHNffO2l8jiZZrGWd1F5yTZNH82d3Ski2hEsRD2fxa3MY%2Bk28ILHsNwZ6G%2FNGOtaiV%2Bgh4YG%2FkiP9POwHR1hgSE9JVGuYmbD4FB8l0LkkIBHgoTM4X0fNS81%2BA6f4zV6DxmQzI9dGh%2BP9eA6j%2B%2BfNqDfMsi4qyKjapz8T4qQ%2BjgAtJSRmIL7WdsmYhVjSQb5voiknUxgKT%2Fom%2FJJYAUyxf%2BoM7B5yfJewzeVoU2%2FtVYQKI1lMuX%2BRaPNcBUAvSnVpp3982X8ufymNCG%2Bvqv3rBuUa%2BDAlSlNPC7rHF8TsYmOTADU69%2B%2B%2Fol8yLJTHHQhvr%2Bf5O5wjhPZDddaEMD1lhgrNFX59TpZvCV9M4rSDCIHqoFDFRnsCphC6IUw%3D%22%7D&prevSearchId=1765686709859674781&loginPromo=1
935,,Saigon Phu Quoc Resort & Spa,https://www.traveloka.com/en-vn/hotel/detail?spec=13-05-2023.14-05-2023.1.1.HOTEL.1000000246732.Saigon%20Phu%20Quoc%20Resort%20%26%20Spa.1&contexts=%7B%22inventoryRateKey%22%3A%22povEwB3ZzsU2C6pd%2B6MdU13LUNuufACdbU0usK5vg0dM0tKsNUio4Rxug1zOzHJilcvZa8YdqqIySdppe7dolTIewZlxfjiOGz6oXLTucMvN0%2BgQ3yZPvZcoHwUFNN%2BZpcr%2F%2FNa8o9ElfN8zOYhzzZeg0X586laFpeUViPi9rxCUbHSgYCYNvlUx5CDP7kZSIvEWeildVo7nbHxIWcXPVNGysXwP9P%2F6jQTjnyKeTv%2ByqYmxSenRKFEfSHS0XO3kZfZPEEhT4qTyZ4NnGlioFk6ay4RXlsebEjOdYqJCyZZxlxUTHNffO2l8jiZZrGWd1F5yTZNH82d3Ski2hEsRD2fxa3MY%2Bk28ILHsNwZ6G%2FNGOtaiV%2Bgh4YG%2FkiP9POwHR1hgSE9JVGuYmbD4FB8l0LkkIBHgoTM4X0fNS81%2BA6f4zV6DxmQzI9dGh%2BP9eA6j%2B%2BfNqDfMsi4qyKjapz8T4qQ%2BjgAtJSRmIL7WdsmYhVjSQb5voiknUxgKT%2Fom%2FJJYAUyxf%2BoM7B5yfJewzeVoU2%2FtVYQKI1lMuX%2BRaPNcBUAvSnVpp3982X8ufymNCG%2Bvqv3rBuUa%2BDAlSlNPC7rHF8TsYmOTADU69%2B%2B%2Fol8yLJTHHQhvr%2Bf5O5wjhPZDddaEMD1lhgrNFX59TpZvCV9M4rSDCIHqoFDFRnsCphC6IUw%3D%22%7D&prevSearchId=1765686709859674781&loginPromo=1
936,"Khách sạn chu đáo, từ khâu đưa rước đến khi nhận phòng, ai cũng nhiệt tình, nói chung rất tốt",Saigon Phu Quoc Resort & Spa,https://www.traveloka.com/en-vn/hotel/detail?spec=13-05-2023.14-05-2023.1.1.HOTEL.1000000246732.Saigon%20Phu%20Quoc%20Resort%20%26%20Spa.1&contexts=%7B%22inventoryRateKey%22%3A%22povEwB3ZzsU2C6pd%2B6MdU13LUNuufACdbU0usK5vg0dM0tKsNUio4Rxug1zOzHJilcvZa8YdqqIySdppe7dolTIewZlxfjiOGz6oXLTucMvN0%2BgQ3yZPvZcoHwUFNN%2BZpcr%2F%2FNa8o9ElfN8zOYhzzZeg0X586laFpeUViPi9rxCUbHSgYCYNvlUx5CDP7kZSIvEWeildVo7nbHxIWcXPVNGysXwP9P%2F6jQTjnyKeTv%2ByqYmxSenRKFEfSHS0XO3kZfZPEEhT4qTyZ4NnGlioFk6ay4RXlsebEjOdYqJCyZZxlxUTHNffO2l8jiZZrGWd1F5yTZNH82d3Ski2hEsRD2fxa3MY%2Bk28ILHsNwZ6G%2FNGOtaiV%2Bgh4YG%2FkiP9POwHR1hgSE9JVGuYmbD4FB8l0LkkIBHgoTM4X0fNS81%2BA6f4zV6DxmQzI9dGh%2BP9eA6j%2B%2BfNqDfMsi4qyKjapz8T4qQ%2BjgAtJSRmIL7WdsmYhVjSQb5voiknUxgKT%2Fom%2FJJYAUyxf%2BoM7B5yfJewzeVoU2%2FtVYQKI1lMuX%2BRaPNcBUAvSnVpp3982X8ufymNCG%2Bvqv3rBuUa%2BDAlSlNPC7rHF8TsYmOTADU69%2B%2B%2Fol8yLJTHHQhvr%2Bf5O5wjhPZDddaEMD1lhgrNFX59TpZvCV9M4rSDCIHqoFDFRnsCphC6IUw%3D%22%7D&prevSearchId=1765686709859674781&loginPromo=1
937,"Phòng sạch sẽ, khung cảnh thiên nhiên thanh bình, nhân viên nhiệt tình, thân thiện.",Saigon Phu Quoc Resort & Spa,https://www.traveloka.com/en-vn/hotel/detail?spec=13-05-2023.14-05-2023.1.1.HOTEL.1000000246732.Saigon%20Phu%20Quoc%20Resort%20%26%20Spa.1&contexts=%7B%22inventoryRateKey%22%3A%22povEwB3ZzsU2C6pd%2B6MdU13LUNuufACdbU0usK5vg0dM0tKsNUio4Rxug1zOzHJilcvZa8YdqqIySdppe7dolTIewZlxfjiOGz6oXLTucMvN0%2BgQ3yZPvZcoHwUFNN%2BZpcr%2F%2FNa8o9ElfN8zOYhzzZeg0X586laFpeUViPi9rxCUbHSgYCYNvlUx5CDP7kZSIvEWeildVo7nbHxIWcXPVNGysXwP9P%2F6jQTjnyKeTv%2ByqYmxSenRKFEfSHS0XO3kZfZPEEhT4qTyZ4NnGlioFk6ay4RXlsebEjOdYqJCyZZxlxUTHNffO2l8jiZZrGWd1F5yTZNH82d3Ski2hEsRD2fxa3MY%2Bk28ILHsNwZ6G%2FNGOtaiV%2Bgh4YG%2FkiP9POwHR1hgSE9JVGuYmbD4FB8l0LkkIBHgoTM4X0fNS81%2BA6f4zV6DxmQzI9dGh%2BP9eA6j%2B%2BfNqDfMsi4qyKjapz8T4qQ%2BjgAtJSRmIL7WdsmYhVjSQb5voiknUxgKT%2Fom%2FJJYAUyxf%2BoM7B5yfJewzeVoU2%2FtVYQKI1lMuX%2BRaPNcBUAvSnVpp3982X8ufymNCG%2Bvqv3rBuUa%2BDAlSlNPC7rHF8TsYmOTADU69%2B%2B%2Fol8yLJTHHQhvr%2Bf5O5wjhPZDddaEMD1lhgrNFX59TpZvCV9M4rSDCIHqoFDFRnsCphC6IUw%3D%22%7D&prevSearchId=1765686709859674781&loginPromo=1
938,"Rất thích khuôn viên ở đây, cây cối nhiều, bãi biển đẹp. Phòng ốc sạch sẽ, tiện nghi. Nhân viên nhiệt tình , chu đáo. Nói tóm lại là ok!",Saigon Phu Quoc Resort & Spa,https://www.traveloka.com/en-vn/hotel/detail?spec=13-05-2023.14-05-2023.1.1.HOTEL.1000000246732.Saigon%20Phu%20Quoc%20Resort%20%26%20Spa.1&contexts=%7B%22inventoryRateKey%22%3A%22povEwB3ZzsU2C6pd%2B6MdU13LUNuufACdbU0usK5vg0dM0tKsNUio4Rxug1zOzHJilcvZa8YdqqIySdppe7dolTIewZlxfjiOGz6oXLTucMvN0%2BgQ3yZPvZcoHwUFNN%2BZpcr%2F%2FNa8o9ElfN8zOYhzzZeg0X586laFpeUViPi9rxCUbHSgYCYNvlUx5CDP7kZSIvEWeildVo7nbHxIWcXPVNGysXwP9P%2F6jQTjnyKeTv%2ByqYmxSenRKFEfSHS0XO3kZfZPEEhT4qTyZ4NnGlioFk6ay4RXlsebEjOdYqJCyZZxlxUTHNffO2l8jiZZrGWd1F5yTZNH82d3Ski2hEsRD2fxa3MY%2Bk28ILHsNwZ6G%2FNGOtaiV%2Bgh4YG%2FkiP9POwHR1hgSE9JVGuYmbD4FB8l0LkkIBHgoTM4X0fNS81%2BA6f4zV6DxmQzI9dGh%2BP9eA6j%2B%2BfNqDfMsi4qyKjapz8T4qQ%2BjgAtJSRmIL7WdsmYhVjSQb5voiknUxgKT%2Fom%2FJJYAUyxf%2BoM7B5yfJewzeVoU2%2FtVYQKI1lMuX%2BRaPNcBUAvSnVpp3982X8ufymNCG%2Bvqv3rBuUa%2BDAlSlNPC7rHF8TsYmOTADU69%2B%2B%2Fol8yLJTHHQhvr%2Bf5O5wjhPZDddaEMD1lhgrNFX59TpZvCV9M4rSDCIHqoFDFRnsCphC6IUw%3D%22%7D&prevSearchId=1765686709859674781&loginPromo=1
939,"resort cũ nhưng nói chubg ổn, sạch sẽ gì cũng có.ăn sáng ok nè. nhân viên tốt bụng. có cái buổi tối lối đi resort tối thôi vì bật ít đèn mà còn đèn âm u. tối ngủ hay bị phá chuông phòng và điện thoại phòng",Saigon Phu Quoc Resort & Spa,https://www.traveloka.com/en-vn/hotel/detail?spec=13-05-2023.14-05-2023.1.1.HOTEL.1000000246732.Saigon%20Phu%20Quoc%20Resort%20%26%20Spa.1&contexts=%7B%22inventoryRateKey%22%3A%22povEwB3ZzsU2C6pd%2B6MdU13LUNuufACdbU0usK5vg0dM0tKsNUio4Rxug1zOzHJilcvZa8YdqqIySdppe7dolTIewZlxfjiOGz6oXLTucMvN0%2BgQ3yZPvZcoHwUFNN%2BZpcr%2F%2FNa8o9ElfN8zOYhzzZeg0X586laFpeUViPi9rxCUbHSgYCYNvlUx5CDP7kZSIvEWeildVo7nbHxIWcXPVNGysXwP9P%2F6jQTjnyKeTv%2ByqYmxSenRKFEfSHS0XO3kZfZPEEhT4qTyZ4NnGlioFk6ay4RXlsebEjOdYqJCyZZxlxUTHNffO2l8jiZZrGWd1F5yTZNH82d3Ski2hEsRD2fxa3MY%2Bk28ILHsNwZ6G%2FNGOtaiV%2Bgh4YG%2FkiP9POwHR1hgSE9JVGuYmbD4FB8l0LkkIBHgoTM4X0fNS81%2BA6f4zV6DxmQzI9dGh%2BP9eA6j%2B%2BfNqDfMsi4qyKjapz8T4qQ%2BjgAtJSRmIL7WdsmYhVjSQb5voiknUxgKT%2Fom%2FJJYAUyxf%2BoM7B5yfJewzeVoU2%2FtVYQKI1lMuX%2BRaPNcBUAvSnVpp3982X8ufymNCG%2Bvqv3rBuUa%2BDAlSlNPC7rHF8TsYmOTADU69%2B%2B%2Fol8yLJTHHQhvr%2Bf5O5wjhPZDddaEMD1lhgrNFX59TpZvCV9M4rSDCIHqoFDFRnsCphC6IUw%3D%22%7D&prevSearchId=1765686709859674781&loginPromo=1
940,"phòng VIP mở cửa là biển trước mặt. cảm giác thật thư giãn. Nhân viên lịch sự, dễ thương. Ăn sáng chưa được phong phú.",Saigon Phu Quoc Resort & Spa,https://www.traveloka.com/en-vn/hotel/detail?spec=13-05-2023.14-05-2023.1.1.HOTEL.1000000246732.Saigon%20Phu%20Quoc%20Resort%20%26%20Spa.1&contexts=%7B%22inventoryRateKey%22%3A%22povEwB3ZzsU2C6pd%2B6MdU13LUNuufACdbU0usK5vg0dM0tKsNUio4Rxug1zOzHJilcvZa8YdqqIySdppe7dolTIewZlxfjiOGz6oXLTucMvN0%2BgQ3yZPvZcoHwUFNN%2BZpcr%2F%2FNa8o9ElfN8zOYhzzZeg0X586laFpeUViPi9rxCUbHSgYCYNvlUx5CDP7kZSIvEWeildVo7nbHxIWcXPVNGysXwP9P%2F6jQTjnyKeTv%2ByqYmxSenRKFEfSHS0XO3kZfZPEEhT4qTyZ4NnGlioFk6ay4RXlsebEjOdYqJCyZZxlxUTHNffO2l8jiZZrGWd1F5yTZNH82d3Ski2hEsRD2fxa3MY%2Bk28ILHsNwZ6G%2FNGOtaiV%2Bgh4YG%2FkiP9POwHR1hgSE9JVGuYmbD4FB8l0LkkIBHgoTM4X0fNS81%2BA6f4zV6DxmQzI9dGh%2BP9eA6j%2B%2BfNqDfMsi4qyKjapz8T4qQ%2BjgAtJSRmIL7WdsmYhVjSQb5voiknUxgKT%2Fom%2FJJYAUyxf%2BoM7B5yfJewzeVoU2%2FtVYQKI1lMuX%2BRaPNcBUAvSnVpp3982X8ufymNCG%2Bvqv3rBuUa%2BDAlSlNPC7rHF8TsYmOTADU69%2B%2B%2Fol8yLJTHHQhvr%2Bf5O5wjhPZDddaEMD1lhgrNFX59TpZvCV9M4rSDCIHqoFDFRnsCphC6IUw%3D%22%7D&prevSearchId=1765686709859674781&loginPromo=1
941,,Saigon Phu Quoc Resort & Spa,https://www.traveloka.com/en-vn/hotel/detail?spec=13-05-2023.14-05-2023.1.1.HOTEL.1000000246732.Saigon%20Phu%20Quoc%20Resort%20%26%20Spa.1&contexts=%7B%22inventoryRateKey%22%3A%22povEwB3ZzsU2C6pd%2B6MdU13LUNuufACdbU0usK5vg0dM0tKsNUio4Rxug1zOzHJilcvZa8YdqqIySdppe7dolTIewZlxfjiOGz6oXLTucMvN0%2BgQ3yZPvZcoHwUFNN%2BZpcr%2F%2FNa8o9ElfN8zOYhzzZeg0X586laFpeUViPi9rxCUbHSgYCYNvlUx5CDP7kZSIvEWeildVo7nbHxIWcXPVNGysXwP9P%2F6jQTjnyKeTv%2ByqYmxSenRKFEfSHS0XO3kZfZPEEhT4qTyZ4NnGlioFk6ay4RXlsebEjOdYqJCyZZxlxUTHNffO2l8jiZZrGWd1F5yTZNH82d3Ski2hEsRD2fxa3MY%2Bk28ILHsNwZ6G%2FNGOtaiV%2Bgh4YG%2FkiP9POwHR1hgSE9JVGuYmbD4FB8l0LkkIBHgoTM4X0fNS81%2BA6f4zV6DxmQzI9dGh%2BP9eA6j%2B%2BfNqDfMsi4qyKjapz8T4qQ%2BjgAtJSRmIL7WdsmYhVjSQb5voiknUxgKT%2Fom%2FJJYAUyxf%2BoM7B5yfJewzeVoU2%2FtVYQKI1lMuX%2BRaPNcBUAvSnVpp3982X8ufymNCG%2Bvqv3rBuUa%2BDAlSlNPC7rHF8TsYmOTADU69%2B%2B%2Fol8yLJTHHQhvr%2Bf5O5wjhPZDddaEMD1lhgrNFX59TpZvCV9M4rSDCIHqoFDFRnsCphC6IUw%3D%22%7D&prevSearchId=1765686709859674781&loginPromo=1
942,Rất tuyệt vời với mọi thứ. Tôi đến đây lần thứ 2 nhưng vẫn không biết chán. Tôi có một kỳ nghỉ rất thú vị và hài lòng bên gia đình. Nếu có dịp nhất định sẽ lại đến nơi này ❤️,Saigon Phu Quoc Resort & Spa,https://www.traveloka.com/en-vn/hotel/detail?spec=13-05-2023.14-05-2023.1.1.HOTEL.1000000246732.Saigon%20Phu%20Quoc%20Resort%20%26%20Spa.1&contexts=%7B%22inventoryRateKey%22%3A%22povEwB3ZzsU2C6pd%2B6MdU13LUNuufACdbU0usK5vg0dM0tKsNUio4Rxug1zOzHJilcvZa8YdqqIySdppe7dolTIewZlxfjiOGz6oXLTucMvN0%2BgQ3yZPvZcoHwUFNN%2BZpcr%2F%2FNa8o9ElfN8zOYhzzZeg0X586laFpeUViPi9rxCUbHSgYCYNvlUx5CDP7kZSIvEWeildVo7nbHxIWcXPVNGysXwP9P%2F6jQTjnyKeTv%2ByqYmxSenRKFEfSHS0XO3kZfZPEEhT4qTyZ4NnGlioFk6ay4RXlsebEjOdYqJCyZZxlxUTHNffO2l8jiZZrGWd1F5yTZNH82d3Ski2hEsRD2fxa3MY%2Bk28ILHsNwZ6G%2FNGOtaiV%2Bgh4YG%2FkiP9POwHR1hgSE9JVGuYmbD4FB8l0LkkIBHgoTM4X0fNS81%2BA6f4zV6DxmQzI9dGh%2BP9eA6j%2B%2BfNqDfMsi4qyKjapz8T4qQ%2BjgAtJSRmIL7WdsmYhVjSQb5voiknUxgKT%2Fom%2FJJYAUyxf%2BoM7B5yfJewzeVoU2%2FtVYQKI1lMuX%2BRaPNcBUAvSnVpp3982X8ufymNCG%2Bvqv3rBuUa%2BDAlSlNPC7rHF8TsYmOTADU69%2B%2B%2Fol8yLJTHHQhvr%2Bf5O5wjhPZDddaEMD1lhgrNFX59TpZvCV9M4rSDCIHqoFDFRnsCphC6IUw%3D%22%7D&prevSearchId=1765686709859674781&loginPromo=1
943,,Saigon Phu Quoc Resort & Spa,https://www.traveloka.com/en-vn/hotel/detail?spec=13-05-2023.14-05-2023.1.1.HOTEL.1000000246732.Saigon%20Phu%20Quoc%20Resort%20%26%20Spa.1&contexts=%7B%22inventoryRateKey%22%3A%22povEwB3ZzsU2C6pd%2B6MdU13LUNuufACdbU0usK5vg0dM0tKsNUio4Rxug1zOzHJilcvZa8YdqqIySdppe7dolTIewZlxfjiOGz6oXLTucMvN0%2BgQ3yZPvZcoHwUFNN%2BZpcr%2F%2FNa8o9ElfN8zOYhzzZeg0X586laFpeUViPi9rxCUbHSgYCYNvlUx5CDP7kZSIvEWeildVo7nbHxIWcXPVNGysXwP9P%2F6jQTjnyKeTv%2ByqYmxSenRKFEfSHS0XO3kZfZPEEhT4qTyZ4NnGlioFk6ay4RXlsebEjOdYqJCyZZxlxUTHNffO2l8jiZZrGWd1F5yTZNH82d3Ski2hEsRD2fxa3MY%2Bk28ILHsNwZ6G%2FNGOtaiV%2Bgh4YG%2FkiP9POwHR1hgSE9JVGuYmbD4FB8l0LkkIBHgoTM4X0fNS81%2BA6f4zV6DxmQzI9dGh%2BP9eA6j%2B%2BfNqDfMsi4qyKjapz8T4qQ%2BjgAtJSRmIL7WdsmYhVjSQb5voiknUxgKT%2Fom%2FJJYAUyxf%2BoM7B5yfJewzeVoU2%2FtVYQKI1lMuX%2BRaPNcBUAvSnVpp3982X8ufymNCG%2Bvqv3rBuUa%2BDAlSlNPC7rHF8TsYmOTADU69%2B%2B%2Fol8yLJTHHQhvr%2Bf5O5wjhPZDddaEMD1lhgrNFX59TpZvCV9M4rSDCIHqoFDFRnsCphC6IUw%3D%22%7D&prevSearchId=1765686709859674781&loginPromo=1
944,,Saigon Phu Quoc Resort & Spa,https://www.traveloka.com/en-vn/hotel/detail?spec=13-05-2023.14-05-2023.1.1.HOTEL.1000000246732.Saigon%20Phu%20Quoc%20Resort%20%26%20Spa.1&contexts=%7B%22inventoryRateKey%22%3A%22povEwB3ZzsU2C6pd%2B6MdU13LUNuufACdbU0usK5vg0dM0tKsNUio4Rxug1zOzHJilcvZa8YdqqIySdppe7dolTIewZlxfjiOGz6oXLTucMvN0%2BgQ3yZPvZcoHwUFNN%2BZpcr%2F%2FNa8o9ElfN8zOYhzzZeg0X586laFpeUViPi9rxCUbHSgYCYNvlUx5CDP7kZSIvEWeildVo7nbHxIWcXPVNGysXwP9P%2F6jQTjnyKeTv%2ByqYmxSenRKFEfSHS0XO3kZfZPEEhT4qTyZ4NnGlioFk6ay4RXlsebEjOdYqJCyZZxlxUTHNffO2l8jiZZrGWd1F5yTZNH82d3Ski2hEsRD2fxa3MY%2Bk28ILHsNwZ6G%2FNGOtaiV%2Bgh4YG%2FkiP9POwHR1hgSE9JVGuYmbD4FB8l0LkkIBHgoTM4X0fNS81%2BA6f4zV6DxmQzI9dGh%2BP9eA6j%2B%2BfNqDfMsi4qyKjapz8T4qQ%2BjgAtJSRmIL7WdsmYhVjSQb5voiknUxgKT%2Fom%2FJJYAUyxf%2BoM7B5yfJewzeVoU2%2FtVYQKI1lMuX%2BRaPNcBUAvSnVpp3982X8ufymNCG%2Bvqv3rBuUa%2BDAlSlNPC7rHF8TsYmOTADU69%2B%2B%2Fol8yLJTHHQhvr%2Bf5O5wjhPZDddaEMD1lhgrNFX59TpZvCV9M4rSDCIHqoFDFRnsCphC6IUw%3D%22%7D&prevSearchId=1765686709859674781&loginPromo=1
945,"Cảm giác thật tuyệt vời khi ở đây mặc dù thời điểm này du khách người Nga ở nhiều. Phòng đẹp và ấm cúm nằm ngủ là không muốn dậy đi chơi :v Buffet nhiều món ăn no xỉu :)) Tiếp tân dễ thương, nhiệt tình hướng dẫn khách :3",Saigon Phu Quoc Resort & Spa,https://www.traveloka.com/en-vn/hotel/detail?spec=13-05-2023.14-05-2023.1.1.HOTEL.1000000246732.Saigon%20Phu%20Quoc%20Resort%20%26%20Spa.1&contexts=%7B%22inventoryRateKey%22%3A%22povEwB3ZzsU2C6pd%2B6MdU13LUNuufACdbU0usK5vg0dM0tKsNUio4Rxug1zOzHJilcvZa8YdqqIySdppe7dolTIewZlxfjiOGz6oXLTucMvN0%2BgQ3yZPvZcoHwUFNN%2BZpcr%2F%2FNa8o9ElfN8zOYhzzZeg0X586laFpeUViPi9rxCUbHSgYCYNvlUx5CDP7kZSIvEWeildVo7nbHxIWcXPVNGysXwP9P%2F6jQTjnyKeTv%2ByqYmxSenRKFEfSHS0XO3kZfZPEEhT4qTyZ4NnGlioFk6ay4RXlsebEjOdYqJCyZZxlxUTHNffO2l8jiZZrGWd1F5yTZNH82d3Ski2hEsRD2fxa3MY%2Bk28ILHsNwZ6G%2FNGOtaiV%2Bgh4YG%2FkiP9POwHR1hgSE9JVGuYmbD4FB8l0LkkIBHgoTM4X0fNS81%2BA6f4zV6DxmQzI9dGh%2BP9eA6j%2B%2BfNqDfMsi4qyKjapz8T4qQ%2BjgAtJSRmIL7WdsmYhVjSQb5voiknUxgKT%2Fom%2FJJYAUyxf%2BoM7B5yfJewzeVoU2%2FtVYQKI1lMuX%2BRaPNcBUAvSnVpp3982X8ufymNCG%2Bvqv3rBuUa%2BDAlSlNPC7rHF8TsYmOTADU69%2B%2B%2Fol8yLJTHHQhvr%2Bf5O5wjhPZDddaEMD1lhgrNFX59TpZvCV9M4rSDCIHqoFDFRnsCphC6IUw%3D%22%7D&prevSearchId=1765686709859674781&loginPromo=1
946,"Dịch vụ hoàn hảo. Phòng sạch sẽ, giống như gia đình mình đặt. Nhân viên nice. Mọi thứ thật tuyệt vời!",Saigon Phu Quoc Resort & Spa,https://www.traveloka.com/en-vn/hotel/detail?spec=13-05-2023.14-05-2023.1.1.HOTEL.1000000246732.Saigon%20Phu%20Quoc%20Resort%20%26%20Spa.1&contexts=%7B%22inventoryRateKey%22%3A%22povEwB3ZzsU2C6pd%2B6MdU13LUNuufACdbU0usK5vg0dM0tKsNUio4Rxug1zOzHJilcvZa8YdqqIySdppe7dolTIewZlxfjiOGz6oXLTucMvN0%2BgQ3yZPvZcoHwUFNN%2BZpcr%2F%2FNa8o9ElfN8zOYhzzZeg0X586laFpeUViPi9rxCUbHSgYCYNvlUx5CDP7kZSIvEWeildVo7nbHxIWcXPVNGysXwP9P%2F6jQTjnyKeTv%2ByqYmxSenRKFEfSHS0XO3kZfZPEEhT4qTyZ4NnGlioFk6ay4RXlsebEjOdYqJCyZZxlxUTHNffO2l8jiZZrGWd1F5yTZNH82d3Ski2hEsRD2fxa3MY%2Bk28ILHsNwZ6G%2FNGOtaiV%2Bgh4YG%2FkiP9POwHR1hgSE9JVGuYmbD4FB8l0LkkIBHgoTM4X0fNS81%2BA6f4zV6DxmQzI9dGh%2BP9eA6j%2B%2BfNqDfMsi4qyKjapz8T4qQ%2BjgAtJSRmIL7WdsmYhVjSQb5voiknUxgKT%2Fom%2FJJYAUyxf%2BoM7B5yfJewzeVoU2%2FtVYQKI1lMuX%2BRaPNcBUAvSnVpp3982X8ufymNCG%2Bvqv3rBuUa%2BDAlSlNPC7rHF8TsYmOTADU69%2B%2B%2Fol8yLJTHHQhvr%2Bf5O5wjhPZDddaEMD1lhgrNFX59TpZvCV9M4rSDCIHqoFDFRnsCphC6IUw%3D%22%7D&prevSearchId=1765686709859674781&loginPromo=1
947,,Saigon Phu Quoc Resort & Spa,https://www.traveloka.com/en-vn/hotel/detail?spec=13-05-2023.14-05-2023.1.1.HOTEL.1000000246732.Saigon%20Phu%20Quoc%20Resort%20%26%20Spa.1&contexts=%7B%22inventoryRateKey%22%3A%22povEwB3ZzsU2C6pd%2B6MdU13LUNuufACdbU0usK5vg0dM0tKsNUio4Rxug1zOzHJilcvZa8YdqqIySdppe7dolTIewZlxfjiOGz6oXLTucMvN0%2BgQ3yZPvZcoHwUFNN%2BZpcr%2F%2FNa8o9ElfN8zOYhzzZeg0X586laFpeUViPi9rxCUbHSgYCYNvlUx5CDP7kZSIvEWeildVo7nbHxIWcXPVNGysXwP9P%2F6jQTjnyKeTv%2ByqYmxSenRKFEfSHS0XO3kZfZPEEhT4qTyZ4NnGlioFk6ay4RXlsebEjOdYqJCyZZxlxUTHNffO2l8jiZZrGWd1F5yTZNH82d3Ski2hEsRD2fxa3MY%2Bk28ILHsNwZ6G%2FNGOtaiV%2Bgh4YG%2FkiP9POwHR1hgSE9JVGuYmbD4FB8l0LkkIBHgoTM4X0fNS81%2BA6f4zV6DxmQzI9dGh%2BP9eA6j%2B%2BfNqDfMsi4qyKjapz8T4qQ%2BjgAtJSRmIL7WdsmYhVjSQb5voiknUxgKT%2Fom%2FJJYAUyxf%2BoM7B5yfJewzeVoU2%2FtVYQKI1lMuX%2BRaPNcBUAvSnVpp3982X8ufymNCG%2Bvqv3rBuUa%2BDAlSlNPC7rHF8TsYmOTADU69%2B%2B%2Fol8yLJTHHQhvr%2Bf5O5wjhPZDddaEMD1lhgrNFX59TpZvCV9M4rSDCIHqoFDFRnsCphC6IUw%3D%22%7D&prevSearchId=1765686709859674781&loginPromo=1
948,,Saigon Phu Quoc Resort & Spa,https://www.traveloka.com/en-vn/hotel/detail?spec=13-05-2023.14-05-2023.1.1.HOTEL.1000000246732.Saigon%20Phu%20Quoc%20Resort%20%26%20Spa.1&contexts=%7B%22inventoryRateKey%22%3A%22povEwB3ZzsU2C6pd%2B6MdU13LUNuufACdbU0usK5vg0dM0tKsNUio4Rxug1zOzHJilcvZa8YdqqIySdppe7dolTIewZlxfjiOGz6oXLTucMvN0%2BgQ3yZPvZcoHwUFNN%2BZpcr%2F%2FNa8o9ElfN8zOYhzzZeg0X586laFpeUViPi9rxCUbHSgYCYNvlUx5CDP7kZSIvEWeildVo7nbHxIWcXPVNGysXwP9P%2F6jQTjnyKeTv%2ByqYmxSenRKFEfSHS0XO3kZfZPEEhT4qTyZ4NnGlioFk6ay4RXlsebEjOdYqJCyZZxlxUTHNffO2l8jiZZrGWd1F5yTZNH82d3Ski2hEsRD2fxa3MY%2Bk28ILHsNwZ6G%2FNGOtaiV%2Bgh4YG%2FkiP9POwHR1hgSE9JVGuYmbD4FB8l0LkkIBHgoTM4X0fNS81%2BA6f4zV6DxmQzI9dGh%2BP9eA6j%2B%2BfNqDfMsi4qyKjapz8T4qQ%2BjgAtJSRmIL7WdsmYhVjSQb5voiknUxgKT%2Fom%2FJJYAUyxf%2BoM7B5yfJewzeVoU2%2FtVYQKI1lMuX%2BRaPNcBUAvSnVpp3982X8ufymNCG%2Bvqv3rBuUa%2BDAlSlNPC7rHF8TsYmOTADU69%2B%2B%2Fol8yLJTHHQhvr%2Bf5O5wjhPZDddaEMD1lhgrNFX59TpZvCV9M4rSDCIHqoFDFRnsCphC6IUw%3D%22%7D&prevSearchId=1765686709859674781&loginPromo=1
949,,Saigon Phu Quoc Resort & Spa,https://www.traveloka.com/en-vn/hotel/detail?spec=13-05-2023.14-05-2023.1.1.HOTEL.1000000246732.Saigon%20Phu%20Quoc%20Resort%20%26%20Spa.1&contexts=%7B%22inventoryRateKey%22%3A%22povEwB3ZzsU2C6pd%2B6MdU13LUNuufACdbU0usK5vg0dM0tKsNUio4Rxug1zOzHJilcvZa8YdqqIySdppe7dolTIewZlxfjiOGz6oXLTucMvN0%2BgQ3yZPvZcoHwUFNN%2BZpcr%2F%2FNa8o9ElfN8zOYhzzZeg0X586laFpeUViPi9rxCUbHSgYCYNvlUx5CDP7kZSIvEWeildVo7nbHxIWcXPVNGysXwP9P%2F6jQTjnyKeTv%2ByqYmxSenRKFEfSHS0XO3kZfZPEEhT4qTyZ4NnGlioFk6ay4RXlsebEjOdYqJCyZZxlxUTHNffO2l8jiZZrGWd1F5yTZNH82d3Ski2hEsRD2fxa3MY%2Bk28ILHsNwZ6G%2FNGOtaiV%2Bgh4YG%2FkiP9POwHR1hgSE9JVGuYmbD4FB8l0LkkIBHgoTM4X0fNS81%2BA6f4zV6DxmQzI9dGh%2BP9eA6j%2B%2BfNqDfMsi4qyKjapz8T4qQ%2BjgAtJSRmIL7WdsmYhVjSQb5voiknUxgKT%2Fom%2FJJYAUyxf%2BoM7B5yfJewzeVoU2%2FtVYQKI1lMuX%2BRaPNcBUAvSnVpp3982X8ufymNCG%2Bvqv3rBuUa%2BDAlSlNPC7rHF8TsYmOTADU69%2B%2B%2Fol8yLJTHHQhvr%2Bf5O5wjhPZDddaEMD1lhgrNFX59TpZvCV9M4rSDCIHqoFDFRnsCphC6IUw%3D%22%7D&prevSearchId=1765686709859674781&loginPromo=1
950,"Nhân viên nhiệt tình, thân thiện, khách sạn sạch sẽ. Vị trí trung tâm.",Saigon Phu Quoc Resort & Spa,https://www.traveloka.com/en-vn/hotel/detail?spec=13-05-2023.14-05-2023.1.1.HOTEL.1000000246732.Saigon%20Phu%20Quoc%20Resort%20%26%20Spa.1&contexts=%7B%22inventoryRateKey%22%3A%22povEwB3ZzsU2C6pd%2B6MdU13LUNuufACdbU0usK5vg0dM0tKsNUio4Rxug1zOzHJilcvZa8YdqqIySdppe7dolTIewZlxfjiOGz6oXLTucMvN0%2BgQ3yZPvZcoHwUFNN%2BZpcr%2F%2FNa8o9ElfN8zOYhzzZeg0X586laFpeUViPi9rxCUbHSgYCYNvlUx5CDP7kZSIvEWeildVo7nbHxIWcXPVNGysXwP9P%2F6jQTjnyKeTv%2ByqYmxSenRKFEfSHS0XO3kZfZPEEhT4qTyZ4NnGlioFk6ay4RXlsebEjOdYqJCyZZxlxUTHNffO2l8jiZZrGWd1F5yTZNH82d3Ski2hEsRD2fxa3MY%2Bk28ILHsNwZ6G%2FNGOtaiV%2Bgh4YG%2FkiP9POwHR1hgSE9JVGuYmbD4FB8l0LkkIBHgoTM4X0fNS81%2BA6f4zV6DxmQzI9dGh%2BP9eA6j%2B%2BfNqDfMsi4qyKjapz8T4qQ%2BjgAtJSRmIL7WdsmYhVjSQb5voiknUxgKT%2Fom%2FJJYAUyxf%2BoM7B5yfJewzeVoU2%2FtVYQKI1lMuX%2BRaPNcBUAvSnVpp3982X8ufymNCG%2Bvqv3rBuUa%2BDAlSlNPC7rHF8TsYmOTADU69%2B%2B%2Fol8yLJTHHQhvr%2Bf5O5wjhPZDddaEMD1lhgrNFX59TpZvCV9M4rSDCIHqoFDFRnsCphC6IUw%3D%22%7D&prevSearchId=1765686709859674781&loginPromo=1
951,Có kì nghỉ tuyệt vời và đâng trải nghiệm,Saigon Phu Quoc Resort & Spa,https://www.traveloka.com/en-vn/hotel/detail?spec=13-05-2023.14-05-2023.1.1.HOTEL.1000000246732.Saigon%20Phu%20Quoc%20Resort%20%26%20Spa.1&contexts=%7B%22inventoryRateKey%22%3A%22povEwB3ZzsU2C6pd%2B6MdU13LUNuufACdbU0usK5vg0dM0tKsNUio4Rxug1zOzHJilcvZa8YdqqIySdppe7dolTIewZlxfjiOGz6oXLTucMvN0%2BgQ3yZPvZcoHwUFNN%2BZpcr%2F%2FNa8o9ElfN8zOYhzzZeg0X586laFpeUViPi9rxCUbHSgYCYNvlUx5CDP7kZSIvEWeildVo7nbHxIWcXPVNGysXwP9P%2F6jQTjnyKeTv%2ByqYmxSenRKFEfSHS0XO3kZfZPEEhT4qTyZ4NnGlioFk6ay4RXlsebEjOdYqJCyZZxlxUTHNffO2l8jiZZrGWd1F5yTZNH82d3Ski2hEsRD2fxa3MY%2Bk28ILHsNwZ6G%2FNGOtaiV%2Bgh4YG%2FkiP9POwHR1hgSE9JVGuYmbD4FB8l0LkkIBHgoTM4X0fNS81%2BA6f4zV6DxmQzI9dGh%2BP9eA6j%2B%2BfNqDfMsi4qyKjapz8T4qQ%2BjgAtJSRmIL7WdsmYhVjSQb5voiknUxgKT%2Fom%2FJJYAUyxf%2BoM7B5yfJewzeVoU2%2FtVYQKI1lMuX%2BRaPNcBUAvSnVpp3982X8ufymNCG%2Bvqv3rBuUa%2BDAlSlNPC7rHF8TsYmOTADU69%2B%2B%2Fol8yLJTHHQhvr%2Bf5O5wjhPZDddaEMD1lhgrNFX59TpZvCV9M4rSDCIHqoFDFRnsCphC6IUw%3D%22%7D&prevSearchId=1765686709859674781&loginPromo=1
952,"Chỉ có 2 ngày tại đây - chưa đủ thời gian để tôi trải nghiệm được hết những tiện nghi của resort nhưng tôi rất hài lòng với cung cách phục vụ của nhân viên. Tôi book phòng Panorama hướng vườn nhưng phòng ở của tôi hôm đó hệ thống lạnh không tốt do đó muỗi hơi nhiều, tôi có gọi điện báo qua lễ tân để xin được đổi phòng vào ngày hôm sau thì sáng ra các em đã liên hệ và đổi cho tôi một phòng bungalow thoáng mát hơn. Sự nhiệt thành này đã gây cho tôi một ấn tượng thật tốt về thái độ phục vụ của resort cộng với phong cảnh tuyệt vời nên tôi nhất định sẽ quay trở lại vào một ngày thật gần. Có một điều tôi xin góp ý: vào ban đêm resort của mình không có chi là nổi bật nếu không muốn nói là chìm lỉm dưới muôn ánh đèn màu của con đường Trần Hưng Đạo. Mặt tiền là quan trọng nhất: nó phản ảnh bộ mặt của hotel và lôi kéo du khách đến với mình. Có những nơi họ chỉ chờ màn đêm buông xuống, họ sẽ chuyển mình như cô gái khoe cả thanh xuân còn resort của mình thì như bức tranh với game màu sáng tối! Tôi có vài người bạn mới quen vào ngày hôm đó, tôi có giới thiệu với họ chỗ nghỉ của mình nhưng rồi họ tìm không thấy vì không nhìn rõ bảng hiệu của resort thêm nữa vị trí mình nằm vào chỗ trũng lại bị hàng cây che khuất nên họ đành vào resort kế bên. Vài ý kiến để mong muốn resort mình sẽ tu sửa nhằm thu hút lượng khách ngày một đông hơn. Hy vọng ngày trở lại tôi sẽ thấy một Saigon-Phú Quốc rạng rỡ ánh đèn và nổi bật như hòn ngọc xanh giữa l lòng biển đảo. Thân ái.",Saigon Phu Quoc Resort & Spa,https://www.traveloka.com/en-vn/hotel/detail?spec=13-05-2023.14-05-2023.1.1.HOTEL.1000000246732.Saigon%20Phu%20Quoc%20Resort%20%26%20Spa.1&contexts=%7B%22inventoryRateKey%22%3A%22povEwB3ZzsU2C6pd%2B6MdU13LUNuufACdbU0usK5vg0dM0tKsNUio4Rxug1zOzHJilcvZa8YdqqIySdppe7dolTIewZlxfjiOGz6oXLTucMvN0%2BgQ3yZPvZcoHwUFNN%2BZpcr%2F%2FNa8o9ElfN8zOYhzzZeg0X586laFpeUViPi9rxCUbHSgYCYNvlUx5CDP7kZSIvEWeildVo7nbHxIWcXPVNGysXwP9P%2F6jQTjnyKeTv%2ByqYmxSenRKFEfSHS0XO3kZfZPEEhT4qTyZ4NnGlioFk6ay4RXlsebEjOdYqJCyZZxlxUTHNffO2l8jiZZrGWd1F5yTZNH82d3Ski2hEsRD2fxa3MY%2Bk28ILHsNwZ6G%2FNGOtaiV%2Bgh4YG%2FkiP9POwHR1hgSE9JVGuYmbD4FB8l0LkkIBHgoTM4X0fNS81%2BA6f4zV6DxmQzI9dGh%2BP9eA6j%2B%2BfNqDfMsi4qyKjapz8T4qQ%2BjgAtJSRmIL7WdsmYhVjSQb5voiknUxgKT%2Fom%2FJJYAUyxf%2BoM7B5yfJewzeVoU2%2FtVYQKI1lMuX%2BRaPNcBUAvSnVpp3982X8ufymNCG%2Bvqv3rBuUa%2BDAlSlNPC7rHF8TsYmOTADU69%2B%2B%2Fol8yLJTHHQhvr%2Bf5O5wjhPZDddaEMD1lhgrNFX59TpZvCV9M4rSDCIHqoFDFRnsCphC6IUw%3D%22%7D&prevSearchId=1765686709859674781&loginPromo=1
953,,Saigon Phu Quoc Resort & Spa,https://www.traveloka.com/en-vn/hotel/detail?spec=13-05-2023.14-05-2023.1.1.HOTEL.1000000246732.Saigon%20Phu%20Quoc%20Resort%20%26%20Spa.1&contexts=%7B%22inventoryRateKey%22%3A%22povEwB3ZzsU2C6pd%2B6MdU13LUNuufACdbU0usK5vg0dM0tKsNUio4Rxug1zOzHJilcvZa8YdqqIySdppe7dolTIewZlxfjiOGz6oXLTucMvN0%2BgQ3yZPvZcoHwUFNN%2BZpcr%2F%2FNa8o9ElfN8zOYhzzZeg0X586laFpeUViPi9rxCUbHSgYCYNvlUx5CDP7kZSIvEWeildVo7nbHxIWcXPVNGysXwP9P%2F6jQTjnyKeTv%2ByqYmxSenRKFEfSHS0XO3kZfZPEEhT4qTyZ4NnGlioFk6ay4RXlsebEjOdYqJCyZZxlxUTHNffO2l8jiZZrGWd1F5yTZNH82d3Ski2hEsRD2fxa3MY%2Bk28ILHsNwZ6G%2FNGOtaiV%2Bgh4YG%2FkiP9POwHR1hgSE9JVGuYmbD4FB8l0LkkIBHgoTM4X0fNS81%2BA6f4zV6DxmQzI9dGh%2BP9eA6j%2B%2BfNqDfMsi4qyKjapz8T4qQ%2BjgAtJSRmIL7WdsmYhVjSQb5voiknUxgKT%2Fom%2FJJYAUyxf%2BoM7B5yfJewzeVoU2%2FtVYQKI1lMuX%2BRaPNcBUAvSnVpp3982X8ufymNCG%2Bvqv3rBuUa%2BDAlSlNPC7rHF8TsYmOTADU69%2B%2B%2Fol8yLJTHHQhvr%2Bf5O5wjhPZDddaEMD1lhgrNFX59TpZvCV9M4rSDCIHqoFDFRnsCphC6IUw%3D%22%7D&prevSearchId=1765686709859674781&loginPromo=1
954,"Resort đã rất cũ kỹ rồi, và không có thang máy, vậy nên bạn hãy cân nhắc kỹ nếu ở phòng thường mà không phải bungalow. Buffet sáng phải nói là rất tệ, còn thua cả buffet ở những khách sạn 2*-3* mà mình đã từng ở. Mang tiếng là thuộc Sài Gòn Tourist (sở hữu hẳn 1 ngôi trường dạy nghề) nhưng có nhiều món mình ăn không nổi, cho vào miệng rồi còn phải nhả ra. Ví dụ như thịt bacon rất khô xơ và nhạt, các loại bánh ngọt thì có vị như đã bị hư. :( Ngoài ra, mặc dù là ở vị trí trung tâm nhưng bãi biển ở đây không tắm được vì rất nhiều đá lớn. Chỉ có ra chụp hình xong đi vào thôi. Điểm duy nhất cứu vãn lại được đó là thái độ phục vụ của nhân viên - rất nhẹ nhàng, dễ chịu, niềm nở, nhiệt tình. Nhưng nói tóm lại, chắc chắn nếu đi Phú Quốc mình sẽ không book phòng ở đây nữa. Với mức giá này có nhiều sự lựa chọn khác tốt hơn nhiều.",Saigon Phu Quoc Resort & Spa,https://www.traveloka.com/en-vn/hotel/detail?spec=13-05-2023.14-05-2023.1.1.HOTEL.1000000246732.Saigon%20Phu%20Quoc%20Resort%20%26%20Spa.1&contexts=%7B%22inventoryRateKey%22%3A%22povEwB3ZzsU2C6pd%2B6MdU13LUNuufACdbU0usK5vg0dM0tKsNUio4Rxug1zOzHJilcvZa8YdqqIySdppe7dolTIewZlxfjiOGz6oXLTucMvN0%2BgQ3yZPvZcoHwUFNN%2BZpcr%2F%2FNa8o9ElfN8zOYhzzZeg0X586laFpeUViPi9rxCUbHSgYCYNvlUx5CDP7kZSIvEWeildVo7nbHxIWcXPVNGysXwP9P%2F6jQTjnyKeTv%2ByqYmxSenRKFEfSHS0XO3kZfZPEEhT4qTyZ4NnGlioFk6ay4RXlsebEjOdYqJCyZZxlxUTHNffO2l8jiZZrGWd1F5yTZNH82d3Ski2hEsRD2fxa3MY%2Bk28ILHsNwZ6G%2FNGOtaiV%2Bgh4YG%2FkiP9POwHR1hgSE9JVGuYmbD4FB8l0LkkIBHgoTM4X0fNS81%2BA6f4zV6DxmQzI9dGh%2BP9eA6j%2B%2BfNqDfMsi4qyKjapz8T4qQ%2BjgAtJSRmIL7WdsmYhVjSQb5voiknUxgKT%2Fom%2FJJYAUyxf%2BoM7B5yfJewzeVoU2%2FtVYQKI1lMuX%2BRaPNcBUAvSnVpp3982X8ufymNCG%2Bvqv3rBuUa%2BDAlSlNPC7rHF8TsYmOTADU69%2B%2B%2Fol8yLJTHHQhvr%2Bf5O5wjhPZDddaEMD1lhgrNFX59TpZvCV9M4rSDCIHqoFDFRnsCphC6IUw%3D%22%7D&prevSearchId=1765686709859674781&loginPromo=1
955,"Phòng ốc sạch sẽ nhưng không được mới lắm. Thức ăn ngon, dịch vụ đưa đón tốt, nhân viên phục vụ tận tình chu đáo",Saigon Phu Quoc Resort & Spa,https://www.traveloka.com/en-vn/hotel/detail?spec=13-05-2023.14-05-2023.1.1.HOTEL.1000000246732.Saigon%20Phu%20Quoc%20Resort%20%26%20Spa.1&contexts=%7B%22inventoryRateKey%22%3A%22povEwB3ZzsU2C6pd%2B6MdU13LUNuufACdbU0usK5vg0dM0tKsNUio4Rxug1zOzHJilcvZa8YdqqIySdppe7dolTIewZlxfjiOGz6oXLTucMvN0%2BgQ3yZPvZcoHwUFNN%2BZpcr%2F%2FNa8o9ElfN8zOYhzzZeg0X586laFpeUViPi9rxCUbHSgYCYNvlUx5CDP7kZSIvEWeildVo7nbHxIWcXPVNGysXwP9P%2F6jQTjnyKeTv%2ByqYmxSenRKFEfSHS0XO3kZfZPEEhT4qTyZ4NnGlioFk6ay4RXlsebEjOdYqJCyZZxlxUTHNffO2l8jiZZrGWd1F5yTZNH82d3Ski2hEsRD2fxa3MY%2Bk28ILHsNwZ6G%2FNGOtaiV%2Bgh4YG%2FkiP9POwHR1hgSE9JVGuYmbD4FB8l0LkkIBHgoTM4X0fNS81%2BA6f4zV6DxmQzI9dGh%2BP9eA6j%2B%2BfNqDfMsi4qyKjapz8T4qQ%2BjgAtJSRmIL7WdsmYhVjSQb5voiknUxgKT%2Fom%2FJJYAUyxf%2BoM7B5yfJewzeVoU2%2FtVYQKI1lMuX%2BRaPNcBUAvSnVpp3982X8ufymNCG%2Bvqv3rBuUa%2BDAlSlNPC7rHF8TsYmOTADU69%2B%2B%2Fol8yLJTHHQhvr%2Bf5O5wjhPZDddaEMD1lhgrNFX59TpZvCV9M4rSDCIHqoFDFRnsCphC6IUw%3D%22%7D&prevSearchId=1765686709859674781&loginPromo=1
956,"Rất tuyệt vời. Sạch sẽ, tiện nghi, lịch sự, đúng giờ . Điểm 9.5 từ anh driver đón/đưa sân bay, từ chị reception, từ cô lao công... Cảnh thiên nhiên đẹp, xanh, mát. Buffet món bún/phở/bánh canh rất ngon. Sẽ ở đây nếu quay lại phú quốc",Saigon Phu Quoc Resort & Spa,https://www.traveloka.com/en-vn/hotel/detail?spec=13-05-2023.14-05-2023.1.1.HOTEL.1000000246732.Saigon%20Phu%20Quoc%20Resort%20%26%20Spa.1&contexts=%7B%22inventoryRateKey%22%3A%22povEwB3ZzsU2C6pd%2B6MdU13LUNuufACdbU0usK5vg0dM0tKsNUio4Rxug1zOzHJilcvZa8YdqqIySdppe7dolTIewZlxfjiOGz6oXLTucMvN0%2BgQ3yZPvZcoHwUFNN%2BZpcr%2F%2FNa8o9ElfN8zOYhzzZeg0X586laFpeUViPi9rxCUbHSgYCYNvlUx5CDP7kZSIvEWeildVo7nbHxIWcXPVNGysXwP9P%2F6jQTjnyKeTv%2ByqYmxSenRKFEfSHS0XO3kZfZPEEhT4qTyZ4NnGlioFk6ay4RXlsebEjOdYqJCyZZxlxUTHNffO2l8jiZZrGWd1F5yTZNH82d3Ski2hEsRD2fxa3MY%2Bk28ILHsNwZ6G%2FNGOtaiV%2Bgh4YG%2FkiP9POwHR1hgSE9JVGuYmbD4FB8l0LkkIBHgoTM4X0fNS81%2BA6f4zV6DxmQzI9dGh%2BP9eA6j%2B%2BfNqDfMsi4qyKjapz8T4qQ%2BjgAtJSRmIL7WdsmYhVjSQb5voiknUxgKT%2Fom%2FJJYAUyxf%2BoM7B5yfJewzeVoU2%2FtVYQKI1lMuX%2BRaPNcBUAvSnVpp3982X8ufymNCG%2Bvqv3rBuUa%2BDAlSlNPC7rHF8TsYmOTADU69%2B%2B%2Fol8yLJTHHQhvr%2Bf5O5wjhPZDddaEMD1lhgrNFX59TpZvCV9M4rSDCIHqoFDFRnsCphC6IUw%3D%22%7D&prevSearchId=1765686709859674781&loginPromo=1
957,"Resort nằm ở Đông Dương, trung tâm của Phú Quốc, cách sân bay 9-10km, vợ chồng mình đi taxi về khoảng 120k. lúc ra về thì khách sạn có xe free, đây là 1 điểm cộng. Nhân viên lễ tân lịch sự, có thể mượn xe đạp free để đi dạo, nhưng xe cũng không được chăm bảo dưỡng nên rỉ sét, phanh kém, xích rạo rệu. Resort rộng, vợ chồng mình cũng không đi dạo được hết, vì đã hoạt động lâu nên khá cũ, cây cối hoa màu cũng không được chăm sóc nhiều nên nhìn không đẹp mắt. Phòng và nội thất cũng không còn mới, nhưng dọn dẹp khá sạch sẽ, gọn gàng. Resort trải dài bờ biển. Nhưng biển ở đây sóng to, nước đục, không sạch. Đồ ăn sáng chưa phong phú, các ngày giống nhau và ít món.",Saigon Phu Quoc Resort & Spa,https://www.traveloka.com/en-vn/hotel/detail?spec=13-05-2023.14-05-2023.1.1.HOTEL.1000000246732.Saigon%20Phu%20Quoc%20Resort%20%26%20Spa.1&contexts=%7B%22inventoryRateKey%22%3A%22povEwB3ZzsU2C6pd%2B6MdU13LUNuufACdbU0usK5vg0dM0tKsNUio4Rxug1zOzHJilcvZa8YdqqIySdppe7dolTIewZlxfjiOGz6oXLTucMvN0%2BgQ3yZPvZcoHwUFNN%2BZpcr%2F%2FNa8o9ElfN8zOYhzzZeg0X586laFpeUViPi9rxCUbHSgYCYNvlUx5CDP7kZSIvEWeildVo7nbHxIWcXPVNGysXwP9P%2F6jQTjnyKeTv%2ByqYmxSenRKFEfSHS0XO3kZfZPEEhT4qTyZ4NnGlioFk6ay4RXlsebEjOdYqJCyZZxlxUTHNffO2l8jiZZrGWd1F5yTZNH82d3Ski2hEsRD2fxa3MY%2Bk28ILHsNwZ6G%2FNGOtaiV%2Bgh4YG%2FkiP9POwHR1hgSE9JVGuYmbD4FB8l0LkkIBHgoTM4X0fNS81%2BA6f4zV6DxmQzI9dGh%2BP9eA6j%2B%2BfNqDfMsi4qyKjapz8T4qQ%2BjgAtJSRmIL7WdsmYhVjSQb5voiknUxgKT%2Fom%2FJJYAUyxf%2BoM7B5yfJewzeVoU2%2FtVYQKI1lMuX%2BRaPNcBUAvSnVpp3982X8ufymNCG%2Bvqv3rBuUa%2BDAlSlNPC7rHF8TsYmOTADU69%2B%2B%2Fol8yLJTHHQhvr%2Bf5O5wjhPZDddaEMD1lhgrNFX59TpZvCV9M4rSDCIHqoFDFRnsCphC6IUw%3D%22%7D&prevSearchId=1765686709859674781&loginPromo=1
958,,Saigon Phu Quoc Resort & Spa,https://www.traveloka.com/en-vn/hotel/detail?spec=13-05-2023.14-05-2023.1.1.HOTEL.1000000246732.Saigon%20Phu%20Quoc%20Resort%20%26%20Spa.1&contexts=%7B%22inventoryRateKey%22%3A%22povEwB3ZzsU2C6pd%2B6MdU13LUNuufACdbU0usK5vg0dM0tKsNUio4Rxug1zOzHJilcvZa8YdqqIySdppe7dolTIewZlxfjiOGz6oXLTucMvN0%2BgQ3yZPvZcoHwUFNN%2BZpcr%2F%2FNa8o9ElfN8zOYhzzZeg0X586laFpeUViPi9rxCUbHSgYCYNvlUx5CDP7kZSIvEWeildVo7nbHxIWcXPVNGysXwP9P%2F6jQTjnyKeTv%2ByqYmxSenRKFEfSHS0XO3kZfZPEEhT4qTyZ4NnGlioFk6ay4RXlsebEjOdYqJCyZZxlxUTHNffO2l8jiZZrGWd1F5yTZNH82d3Ski2hEsRD2fxa3MY%2Bk28ILHsNwZ6G%2FNGOtaiV%2Bgh4YG%2FkiP9POwHR1hgSE9JVGuYmbD4FB8l0LkkIBHgoTM4X0fNS81%2BA6f4zV6DxmQzI9dGh%2BP9eA6j%2B%2BfNqDfMsi4qyKjapz8T4qQ%2BjgAtJSRmIL7WdsmYhVjSQb5voiknUxgKT%2Fom%2FJJYAUyxf%2BoM7B5yfJewzeVoU2%2FtVYQKI1lMuX%2BRaPNcBUAvSnVpp3982X8ufymNCG%2Bvqv3rBuUa%2BDAlSlNPC7rHF8TsYmOTADU69%2B%2B%2Fol8yLJTHHQhvr%2Bf5O5wjhPZDddaEMD1lhgrNFX59TpZvCV9M4rSDCIHqoFDFRnsCphC6IUw%3D%22%7D&prevSearchId=1765686709859674781&loginPromo=1
959,,Saigon Phu Quoc Resort & Spa,https://www.traveloka.com/en-vn/hotel/detail?spec=13-05-2023.14-05-2023.1.1.HOTEL.1000000246732.Saigon%20Phu%20Quoc%20Resort%20%26%20Spa.1&contexts=%7B%22inventoryRateKey%22%3A%22povEwB3ZzsU2C6pd%2B6MdU13LUNuufACdbU0usK5vg0dM0tKsNUio4Rxug1zOzHJilcvZa8YdqqIySdppe7dolTIewZlxfjiOGz6oXLTucMvN0%2BgQ3yZPvZcoHwUFNN%2BZpcr%2F%2FNa8o9ElfN8zOYhzzZeg0X586laFpeUViPi9rxCUbHSgYCYNvlUx5CDP7kZSIvEWeildVo7nbHxIWcXPVNGysXwP9P%2F6jQTjnyKeTv%2ByqYmxSenRKFEfSHS0XO3kZfZPEEhT4qTyZ4NnGlioFk6ay4RXlsebEjOdYqJCyZZxlxUTHNffO2l8jiZZrGWd1F5yTZNH82d3Ski2hEsRD2fxa3MY%2Bk28ILHsNwZ6G%2FNGOtaiV%2Bgh4YG%2FkiP9POwHR1hgSE9JVGuYmbD4FB8l0LkkIBHgoTM4X0fNS81%2BA6f4zV6DxmQzI9dGh%2BP9eA6j%2B%2BfNqDfMsi4qyKjapz8T4qQ%2BjgAtJSRmIL7WdsmYhVjSQb5voiknUxgKT%2Fom%2FJJYAUyxf%2BoM7B5yfJewzeVoU2%2FtVYQKI1lMuX%2BRaPNcBUAvSnVpp3982X8ufymNCG%2Bvqv3rBuUa%2BDAlSlNPC7rHF8TsYmOTADU69%2B%2B%2Fol8yLJTHHQhvr%2Bf5O5wjhPZDddaEMD1lhgrNFX59TpZvCV9M4rSDCIHqoFDFRnsCphC6IUw%3D%22%7D&prevSearchId=1765686709859674781&loginPromo=1
960,"Một không gian hài lòng.
Sẽ ghé lại ",Saigon Phu Quoc Resort & Spa,https://www.traveloka.com/en-vn/hotel/detail?spec=13-05-2023.14-05-2023.1.1.HOTEL.1000000246732.Saigon%20Phu%20Quoc%20Resort%20%26%20Spa.1&contexts=%7B%22inventoryRateKey%22%3A%22povEwB3ZzsU2C6pd%2B6MdU13LUNuufACdbU0usK5vg0dM0tKsNUio4Rxug1zOzHJilcvZa8YdqqIySdppe7dolTIewZlxfjiOGz6oXLTucMvN0%2BgQ3yZPvZcoHwUFNN%2BZpcr%2F%2FNa8o9ElfN8zOYhzzZeg0X586laFpeUViPi9rxCUbHSgYCYNvlUx5CDP7kZSIvEWeildVo7nbHxIWcXPVNGysXwP9P%2F6jQTjnyKeTv%2ByqYmxSenRKFEfSHS0XO3kZfZPEEhT4qTyZ4NnGlioFk6ay4RXlsebEjOdYqJCyZZxlxUTHNffO2l8jiZZrGWd1F5yTZNH82d3Ski2hEsRD2fxa3MY%2Bk28ILHsNwZ6G%2FNGOtaiV%2Bgh4YG%2FkiP9POwHR1hgSE9JVGuYmbD4FB8l0LkkIBHgoTM4X0fNS81%2BA6f4zV6DxmQzI9dGh%2BP9eA6j%2B%2BfNqDfMsi4qyKjapz8T4qQ%2BjgAtJSRmIL7WdsmYhVjSQb5voiknUxgKT%2Fom%2FJJYAUyxf%2BoM7B5yfJewzeVoU2%2FtVYQKI1lMuX%2BRaPNcBUAvSnVpp3982X8ufymNCG%2Bvqv3rBuUa%2BDAlSlNPC7rHF8TsYmOTADU69%2B%2B%2Fol8yLJTHHQhvr%2Bf5O5wjhPZDddaEMD1lhgrNFX59TpZvCV9M4rSDCIHqoFDFRnsCphC6IUw%3D%22%7D&prevSearchId=1765686709859674781&loginPromo=1
961,"Thích hợp nghĩ dưỡng, bãi biển đẹp. Góp ý thêm xíu đồ ăn sáng chưa được phong phú. Sẽ quay lại khi đến lần sau",Saigon Phu Quoc Resort & Spa,https://www.traveloka.com/en-vn/hotel/detail?spec=13-05-2023.14-05-2023.1.1.HOTEL.1000000246732.Saigon%20Phu%20Quoc%20Resort%20%26%20Spa.1&contexts=%7B%22inventoryRateKey%22%3A%22povEwB3ZzsU2C6pd%2B6MdU13LUNuufACdbU0usK5vg0dM0tKsNUio4Rxug1zOzHJilcvZa8YdqqIySdppe7dolTIewZlxfjiOGz6oXLTucMvN0%2BgQ3yZPvZcoHwUFNN%2BZpcr%2F%2FNa8o9ElfN8zOYhzzZeg0X586laFpeUViPi9rxCUbHSgYCYNvlUx5CDP7kZSIvEWeildVo7nbHxIWcXPVNGysXwP9P%2F6jQTjnyKeTv%2ByqYmxSenRKFEfSHS0XO3kZfZPEEhT4qTyZ4NnGlioFk6ay4RXlsebEjOdYqJCyZZxlxUTHNffO2l8jiZZrGWd1F5yTZNH82d3Ski2hEsRD2fxa3MY%2Bk28ILHsNwZ6G%2FNGOtaiV%2Bgh4YG%2FkiP9POwHR1hgSE9JVGuYmbD4FB8l0LkkIBHgoTM4X0fNS81%2BA6f4zV6DxmQzI9dGh%2BP9eA6j%2B%2BfNqDfMsi4qyKjapz8T4qQ%2BjgAtJSRmIL7WdsmYhVjSQb5voiknUxgKT%2Fom%2FJJYAUyxf%2BoM7B5yfJewzeVoU2%2FtVYQKI1lMuX%2BRaPNcBUAvSnVpp3982X8ufymNCG%2Bvqv3rBuUa%2BDAlSlNPC7rHF8TsYmOTADU69%2B%2B%2Fol8yLJTHHQhvr%2Bf5O5wjhPZDddaEMD1lhgrNFX59TpZvCV9M4rSDCIHqoFDFRnsCphC6IUw%3D%22%7D&prevSearchId=1765686709859674781&loginPromo=1
962,"Phòng hoi cũ, ánh sáng ko đủ, ho boi nguy hiem cho tre em, bien ko dep",Saigon Phu Quoc Resort & Spa,https://www.traveloka.com/en-vn/hotel/detail?spec=13-05-2023.14-05-2023.1.1.HOTEL.1000000246732.Saigon%20Phu%20Quoc%20Resort%20%26%20Spa.1&contexts=%7B%22inventoryRateKey%22%3A%22povEwB3ZzsU2C6pd%2B6MdU13LUNuufACdbU0usK5vg0dM0tKsNUio4Rxug1zOzHJilcvZa8YdqqIySdppe7dolTIewZlxfjiOGz6oXLTucMvN0%2BgQ3yZPvZcoHwUFNN%2BZpcr%2F%2FNa8o9ElfN8zOYhzzZeg0X586laFpeUViPi9rxCUbHSgYCYNvlUx5CDP7kZSIvEWeildVo7nbHxIWcXPVNGysXwP9P%2F6jQTjnyKeTv%2ByqYmxSenRKFEfSHS0XO3kZfZPEEhT4qTyZ4NnGlioFk6ay4RXlsebEjOdYqJCyZZxlxUTHNffO2l8jiZZrGWd1F5yTZNH82d3Ski2hEsRD2fxa3MY%2Bk28ILHsNwZ6G%2FNGOtaiV%2Bgh4YG%2FkiP9POwHR1hgSE9JVGuYmbD4FB8l0LkkIBHgoTM4X0fNS81%2BA6f4zV6DxmQzI9dGh%2BP9eA6j%2B%2BfNqDfMsi4qyKjapz8T4qQ%2BjgAtJSRmIL7WdsmYhVjSQb5voiknUxgKT%2Fom%2FJJYAUyxf%2BoM7B5yfJewzeVoU2%2FtVYQKI1lMuX%2BRaPNcBUAvSnVpp3982X8ufymNCG%2Bvqv3rBuUa%2BDAlSlNPC7rHF8TsYmOTADU69%2B%2B%2Fol8yLJTHHQhvr%2Bf5O5wjhPZDddaEMD1lhgrNFX59TpZvCV9M4rSDCIHqoFDFRnsCphC6IUw%3D%22%7D&prevSearchId=1765686709859674781&loginPromo=1
963,"Khach san sach se, yen tinh. Nhan vien le tan va cac nhan vien khac rat than thien. Nhung phong hoi nho 1 chut. Dia diem rat thuan tien di lai.",Saigon Phu Quoc Resort & Spa,https://www.traveloka.com/en-vn/hotel/detail?spec=13-05-2023.14-05-2023.1.1.HOTEL.1000000246732.Saigon%20Phu%20Quoc%20Resort%20%26%20Spa.1&contexts=%7B%22inventoryRateKey%22%3A%22povEwB3ZzsU2C6pd%2B6MdU13LUNuufACdbU0usK5vg0dM0tKsNUio4Rxug1zOzHJilcvZa8YdqqIySdppe7dolTIewZlxfjiOGz6oXLTucMvN0%2BgQ3yZPvZcoHwUFNN%2BZpcr%2F%2FNa8o9ElfN8zOYhzzZeg0X586laFpeUViPi9rxCUbHSgYCYNvlUx5CDP7kZSIvEWeildVo7nbHxIWcXPVNGysXwP9P%2F6jQTjnyKeTv%2ByqYmxSenRKFEfSHS0XO3kZfZPEEhT4qTyZ4NnGlioFk6ay4RXlsebEjOdYqJCyZZxlxUTHNffO2l8jiZZrGWd1F5yTZNH82d3Ski2hEsRD2fxa3MY%2Bk28ILHsNwZ6G%2FNGOtaiV%2Bgh4YG%2FkiP9POwHR1hgSE9JVGuYmbD4FB8l0LkkIBHgoTM4X0fNS81%2BA6f4zV6DxmQzI9dGh%2BP9eA6j%2B%2BfNqDfMsi4qyKjapz8T4qQ%2BjgAtJSRmIL7WdsmYhVjSQb5voiknUxgKT%2Fom%2FJJYAUyxf%2BoM7B5yfJewzeVoU2%2FtVYQKI1lMuX%2BRaPNcBUAvSnVpp3982X8ufymNCG%2Bvqv3rBuUa%2BDAlSlNPC7rHF8TsYmOTADU69%2B%2B%2Fol8yLJTHHQhvr%2Bf5O5wjhPZDddaEMD1lhgrNFX59TpZvCV9M4rSDCIHqoFDFRnsCphC6IUw%3D%22%7D&prevSearchId=1765686709859674781&loginPromo=1
964,Nói chung tôi cảm thấy khá hài lòng về khách sạn này,Saigon Phu Quoc Resort & Spa,https://www.traveloka.com/en-vn/hotel/detail?spec=13-05-2023.14-05-2023.1.1.HOTEL.1000000246732.Saigon%20Phu%20Quoc%20Resort%20%26%20Spa.1&contexts=%7B%22inventoryRateKey%22%3A%22povEwB3ZzsU2C6pd%2B6MdU13LUNuufACdbU0usK5vg0dM0tKsNUio4Rxug1zOzHJilcvZa8YdqqIySdppe7dolTIewZlxfjiOGz6oXLTucMvN0%2BgQ3yZPvZcoHwUFNN%2BZpcr%2F%2FNa8o9ElfN8zOYhzzZeg0X586laFpeUViPi9rxCUbHSgYCYNvlUx5CDP7kZSIvEWeildVo7nbHxIWcXPVNGysXwP9P%2F6jQTjnyKeTv%2ByqYmxSenRKFEfSHS0XO3kZfZPEEhT4qTyZ4NnGlioFk6ay4RXlsebEjOdYqJCyZZxlxUTHNffO2l8jiZZrGWd1F5yTZNH82d3Ski2hEsRD2fxa3MY%2Bk28ILHsNwZ6G%2FNGOtaiV%2Bgh4YG%2FkiP9POwHR1hgSE9JVGuYmbD4FB8l0LkkIBHgoTM4X0fNS81%2BA6f4zV6DxmQzI9dGh%2BP9eA6j%2B%2BfNqDfMsi4qyKjapz8T4qQ%2BjgAtJSRmIL7WdsmYhVjSQb5voiknUxgKT%2Fom%2FJJYAUyxf%2BoM7B5yfJewzeVoU2%2FtVYQKI1lMuX%2BRaPNcBUAvSnVpp3982X8ufymNCG%2Bvqv3rBuUa%2BDAlSlNPC7rHF8TsYmOTADU69%2B%2B%2Fol8yLJTHHQhvr%2Bf5O5wjhPZDddaEMD1lhgrNFX59TpZvCV9M4rSDCIHqoFDFRnsCphC6IUw%3D%22%7D&prevSearchId=1765686709859674781&loginPromo=1
965,"Yên tĩnh để nghỉ ngơi, vị trí đẹp tuy nhiên bãi tắm không đẹp",Saigon Phu Quoc Resort & Spa,https://www.traveloka.com/en-vn/hotel/detail?spec=13-05-2023.14-05-2023.1.1.HOTEL.1000000246732.Saigon%20Phu%20Quoc%20Resort%20%26%20Spa.1&contexts=%7B%22inventoryRateKey%22%3A%22povEwB3ZzsU2C6pd%2B6MdU13LUNuufACdbU0usK5vg0dM0tKsNUio4Rxug1zOzHJilcvZa8YdqqIySdppe7dolTIewZlxfjiOGz6oXLTucMvN0%2BgQ3yZPvZcoHwUFNN%2BZpcr%2F%2FNa8o9ElfN8zOYhzzZeg0X586laFpeUViPi9rxCUbHSgYCYNvlUx5CDP7kZSIvEWeildVo7nbHxIWcXPVNGysXwP9P%2F6jQTjnyKeTv%2ByqYmxSenRKFEfSHS0XO3kZfZPEEhT4qTyZ4NnGlioFk6ay4RXlsebEjOdYqJCyZZxlxUTHNffO2l8jiZZrGWd1F5yTZNH82d3Ski2hEsRD2fxa3MY%2Bk28ILHsNwZ6G%2FNGOtaiV%2Bgh4YG%2FkiP9POwHR1hgSE9JVGuYmbD4FB8l0LkkIBHgoTM4X0fNS81%2BA6f4zV6DxmQzI9dGh%2BP9eA6j%2B%2BfNqDfMsi4qyKjapz8T4qQ%2BjgAtJSRmIL7WdsmYhVjSQb5voiknUxgKT%2Fom%2FJJYAUyxf%2BoM7B5yfJewzeVoU2%2FtVYQKI1lMuX%2BRaPNcBUAvSnVpp3982X8ufymNCG%2Bvqv3rBuUa%2BDAlSlNPC7rHF8TsYmOTADU69%2B%2B%2Fol8yLJTHHQhvr%2Bf5O5wjhPZDddaEMD1lhgrNFX59TpZvCV9M4rSDCIHqoFDFRnsCphC6IUw%3D%22%7D&prevSearchId=1765686709859674781&loginPromo=1
966,Tất cả đều tốt phù hợp đến cư trú,Saigon Phu Quoc Resort & Spa,https://www.traveloka.com/en-vn/hotel/detail?spec=13-05-2023.14-05-2023.1.1.HOTEL.1000000246732.Saigon%20Phu%20Quoc%20Resort%20%26%20Spa.1&contexts=%7B%22inventoryRateKey%22%3A%22povEwB3ZzsU2C6pd%2B6MdU13LUNuufACdbU0usK5vg0dM0tKsNUio4Rxug1zOzHJilcvZa8YdqqIySdppe7dolTIewZlxfjiOGz6oXLTucMvN0%2BgQ3yZPvZcoHwUFNN%2BZpcr%2F%2FNa8o9ElfN8zOYhzzZeg0X586laFpeUViPi9rxCUbHSgYCYNvlUx5CDP7kZSIvEWeildVo7nbHxIWcXPVNGysXwP9P%2F6jQTjnyKeTv%2ByqYmxSenRKFEfSHS0XO3kZfZPEEhT4qTyZ4NnGlioFk6ay4RXlsebEjOdYqJCyZZxlxUTHNffO2l8jiZZrGWd1F5yTZNH82d3Ski2hEsRD2fxa3MY%2Bk28ILHsNwZ6G%2FNGOtaiV%2Bgh4YG%2FkiP9POwHR1hgSE9JVGuYmbD4FB8l0LkkIBHgoTM4X0fNS81%2BA6f4zV6DxmQzI9dGh%2BP9eA6j%2B%2BfNqDfMsi4qyKjapz8T4qQ%2BjgAtJSRmIL7WdsmYhVjSQb5voiknUxgKT%2Fom%2FJJYAUyxf%2BoM7B5yfJewzeVoU2%2FtVYQKI1lMuX%2BRaPNcBUAvSnVpp3982X8ufymNCG%2Bvqv3rBuUa%2BDAlSlNPC7rHF8TsYmOTADU69%2B%2B%2Fol8yLJTHHQhvr%2Bf5O5wjhPZDddaEMD1lhgrNFX59TpZvCV9M4rSDCIHqoFDFRnsCphC6IUw%3D%22%7D&prevSearchId=1765686709859674781&loginPromo=1
967,"Ăn sáng ngon, dịch vụ ổn. tiếc là trời mưa không tắm biển được",Saigon Phu Quoc Resort & Spa,https://www.traveloka.com/en-vn/hotel/detail?spec=13-05-2023.14-05-2023.1.1.HOTEL.1000000246732.Saigon%20Phu%20Quoc%20Resort%20%26%20Spa.1&contexts=%7B%22inventoryRateKey%22%3A%22povEwB3ZzsU2C6pd%2B6MdU13LUNuufACdbU0usK5vg0dM0tKsNUio4Rxug1zOzHJilcvZa8YdqqIySdppe7dolTIewZlxfjiOGz6oXLTucMvN0%2BgQ3yZPvZcoHwUFNN%2BZpcr%2F%2FNa8o9ElfN8zOYhzzZeg0X586laFpeUViPi9rxCUbHSgYCYNvlUx5CDP7kZSIvEWeildVo7nbHxIWcXPVNGysXwP9P%2F6jQTjnyKeTv%2ByqYmxSenRKFEfSHS0XO3kZfZPEEhT4qTyZ4NnGlioFk6ay4RXlsebEjOdYqJCyZZxlxUTHNffO2l8jiZZrGWd1F5yTZNH82d3Ski2hEsRD2fxa3MY%2Bk28ILHsNwZ6G%2FNGOtaiV%2Bgh4YG%2FkiP9POwHR1hgSE9JVGuYmbD4FB8l0LkkIBHgoTM4X0fNS81%2BA6f4zV6DxmQzI9dGh%2BP9eA6j%2B%2BfNqDfMsi4qyKjapz8T4qQ%2BjgAtJSRmIL7WdsmYhVjSQb5voiknUxgKT%2Fom%2FJJYAUyxf%2BoM7B5yfJewzeVoU2%2FtVYQKI1lMuX%2BRaPNcBUAvSnVpp3982X8ufymNCG%2Bvqv3rBuUa%2BDAlSlNPC7rHF8TsYmOTADU69%2B%2B%2Fol8yLJTHHQhvr%2Bf5O5wjhPZDddaEMD1lhgrNFX59TpZvCV9M4rSDCIHqoFDFRnsCphC6IUw%3D%22%7D&prevSearchId=1765686709859674781&loginPromo=1
968,"Moi thu đều tot, an sang ngon. vi tri gan cho dem, co cho don xe bus vinpearl ngay gan khách san",Saigon Phu Quoc Resort & Spa,https://www.traveloka.com/en-vn/hotel/detail?spec=13-05-2023.14-05-2023.1.1.HOTEL.1000000246732.Saigon%20Phu%20Quoc%20Resort%20%26%20Spa.1&contexts=%7B%22inventoryRateKey%22%3A%22povEwB3ZzsU2C6pd%2B6MdU13LUNuufACdbU0usK5vg0dM0tKsNUio4Rxug1zOzHJilcvZa8YdqqIySdppe7dolTIewZlxfjiOGz6oXLTucMvN0%2BgQ3yZPvZcoHwUFNN%2BZpcr%2F%2FNa8o9ElfN8zOYhzzZeg0X586laFpeUViPi9rxCUbHSgYCYNvlUx5CDP7kZSIvEWeildVo7nbHxIWcXPVNGysXwP9P%2F6jQTjnyKeTv%2ByqYmxSenRKFEfSHS0XO3kZfZPEEhT4qTyZ4NnGlioFk6ay4RXlsebEjOdYqJCyZZxlxUTHNffO2l8jiZZrGWd1F5yTZNH82d3Ski2hEsRD2fxa3MY%2Bk28ILHsNwZ6G%2FNGOtaiV%2Bgh4YG%2FkiP9POwHR1hgSE9JVGuYmbD4FB8l0LkkIBHgoTM4X0fNS81%2BA6f4zV6DxmQzI9dGh%2BP9eA6j%2B%2BfNqDfMsi4qyKjapz8T4qQ%2BjgAtJSRmIL7WdsmYhVjSQb5voiknUxgKT%2Fom%2FJJYAUyxf%2BoM7B5yfJewzeVoU2%2FtVYQKI1lMuX%2BRaPNcBUAvSnVpp3982X8ufymNCG%2Bvqv3rBuUa%2BDAlSlNPC7rHF8TsYmOTADU69%2B%2B%2Fol8yLJTHHQhvr%2Bf5O5wjhPZDddaEMD1lhgrNFX59TpZvCV9M4rSDCIHqoFDFRnsCphC6IUw%3D%22%7D&prevSearchId=1765686709859674781&loginPromo=1
969,"Resort hơi cũ nhưng sạch sẽ, dịch vụ đều tốt, ăn sáng ngon miệng",Saigon Phu Quoc Resort & Spa,https://www.traveloka.com/en-vn/hotel/detail?spec=13-05-2023.14-05-2023.1.1.HOTEL.1000000246732.Saigon%20Phu%20Quoc%20Resort%20%26%20Spa.1&contexts=%7B%22inventoryRateKey%22%3A%22povEwB3ZzsU2C6pd%2B6MdU13LUNuufACdbU0usK5vg0dM0tKsNUio4Rxug1zOzHJilcvZa8YdqqIySdppe7dolTIewZlxfjiOGz6oXLTucMvN0%2BgQ3yZPvZcoHwUFNN%2BZpcr%2F%2FNa8o9ElfN8zOYhzzZeg0X586laFpeUViPi9rxCUbHSgYCYNvlUx5CDP7kZSIvEWeildVo7nbHxIWcXPVNGysXwP9P%2F6jQTjnyKeTv%2ByqYmxSenRKFEfSHS0XO3kZfZPEEhT4qTyZ4NnGlioFk6ay4RXlsebEjOdYqJCyZZxlxUTHNffO2l8jiZZrGWd1F5yTZNH82d3Ski2hEsRD2fxa3MY%2Bk28ILHsNwZ6G%2FNGOtaiV%2Bgh4YG%2FkiP9POwHR1hgSE9JVGuYmbD4FB8l0LkkIBHgoTM4X0fNS81%2BA6f4zV6DxmQzI9dGh%2BP9eA6j%2B%2BfNqDfMsi4qyKjapz8T4qQ%2BjgAtJSRmIL7WdsmYhVjSQb5voiknUxgKT%2Fom%2FJJYAUyxf%2BoM7B5yfJewzeVoU2%2FtVYQKI1lMuX%2BRaPNcBUAvSnVpp3982X8ufymNCG%2Bvqv3rBuUa%2BDAlSlNPC7rHF8TsYmOTADU69%2B%2B%2Fol8yLJTHHQhvr%2Bf5O5wjhPZDddaEMD1lhgrNFX59TpZvCV9M4rSDCIHqoFDFRnsCphC6IUw%3D%22%7D&prevSearchId=1765686709859674781&loginPromo=1
970,"Gia đình tôi đã có kì nghỉ tuyệt vời tại Sài Gòn - Phú Quốc Resort. Phòng: Chúng tôi ở phòng panorama; tôi thấy phòng sạch sẽ, tiện nghi. Trong mỗi phòng còn có cả kem bôi chống muỗi cho cả người lớn và trẻ con nhưng phòng của tôi không có muỗi. Tôi đi từ 28/9-1/10. Lễ tân và phục vụ: luôn nở nụ cười trên môi. Buổi tối, tôi lấy chìa khóa về phòng; luôn nhận được câu ""chúc gia đình anh chị ngủ ngon!"" Vị trí resort: tôi thấy vị trí rất tuyệt vời. Có bãi biển riêng. Buổi chiều các bạn ra ngắm hoàng hôn thì tuyệt cú mèo. Tôi có rất nhiều ảnh đẹp như màn hình laptop khi chụp ở đây. Một điểm trừ khá lớn là ăn sáng ở đây không ngon, các món ăn lặp lại. Vì thế tôi không ăn trưa và tối ở đây (do nghĩ cùng đầu bếp). Gợi ý: Ra 54 phố Bạch Đằng. Quán Việt ăn ngon và rẻ hơn chợ đêm và phố 30/4 rất nhiều. Chúc các bạn có kì nghỉ vui vẻ ở Phú Quốc và không quên mua thật nhiều quà về nhé!",Saigon Phu Quoc Resort & Spa,https://www.traveloka.com/en-vn/hotel/detail?spec=13-05-2023.14-05-2023.1.1.HOTEL.1000000246732.Saigon%20Phu%20Quoc%20Resort%20%26%20Spa.1&contexts=%7B%22inventoryRateKey%22%3A%22povEwB3ZzsU2C6pd%2B6MdU13LUNuufACdbU0usK5vg0dM0tKsNUio4Rxug1zOzHJilcvZa8YdqqIySdppe7dolTIewZlxfjiOGz6oXLTucMvN0%2BgQ3yZPvZcoHwUFNN%2BZpcr%2F%2FNa8o9ElfN8zOYhzzZeg0X586laFpeUViPi9rxCUbHSgYCYNvlUx5CDP7kZSIvEWeildVo7nbHxIWcXPVNGysXwP9P%2F6jQTjnyKeTv%2ByqYmxSenRKFEfSHS0XO3kZfZPEEhT4qTyZ4NnGlioFk6ay4RXlsebEjOdYqJCyZZxlxUTHNffO2l8jiZZrGWd1F5yTZNH82d3Ski2hEsRD2fxa3MY%2Bk28ILHsNwZ6G%2FNGOtaiV%2Bgh4YG%2FkiP9POwHR1hgSE9JVGuYmbD4FB8l0LkkIBHgoTM4X0fNS81%2BA6f4zV6DxmQzI9dGh%2BP9eA6j%2B%2BfNqDfMsi4qyKjapz8T4qQ%2BjgAtJSRmIL7WdsmYhVjSQb5voiknUxgKT%2Fom%2FJJYAUyxf%2BoM7B5yfJewzeVoU2%2FtVYQKI1lMuX%2BRaPNcBUAvSnVpp3982X8ufymNCG%2Bvqv3rBuUa%2BDAlSlNPC7rHF8TsYmOTADU69%2B%2B%2Fol8yLJTHHQhvr%2Bf5O5wjhPZDddaEMD1lhgrNFX59TpZvCV9M4rSDCIHqoFDFRnsCphC6IUw%3D%22%7D&prevSearchId=1765686709859674781&loginPromo=1
971,"Phòng sạch sẽ nhưng phòng có vẻ hơi cũ và vị trí phòng xa, xung quanh vắng vẻ nên có cảm giác hơi sợ. Tuy nhiên dịch vụ tốt, nhân viên nhiệt tình, dễ thương",Saigon Phu Quoc Resort & Spa,https://www.traveloka.com/en-vn/hotel/detail?spec=13-05-2023.14-05-2023.1.1.HOTEL.1000000246732.Saigon%20Phu%20Quoc%20Resort%20%26%20Spa.1&contexts=%7B%22inventoryRateKey%22%3A%22povEwB3ZzsU2C6pd%2B6MdU13LUNuufACdbU0usK5vg0dM0tKsNUio4Rxug1zOzHJilcvZa8YdqqIySdppe7dolTIewZlxfjiOGz6oXLTucMvN0%2BgQ3yZPvZcoHwUFNN%2BZpcr%2F%2FNa8o9ElfN8zOYhzzZeg0X586laFpeUViPi9rxCUbHSgYCYNvlUx5CDP7kZSIvEWeildVo7nbHxIWcXPVNGysXwP9P%2F6jQTjnyKeTv%2ByqYmxSenRKFEfSHS0XO3kZfZPEEhT4qTyZ4NnGlioFk6ay4RXlsebEjOdYqJCyZZxlxUTHNffO2l8jiZZrGWd1F5yTZNH82d3Ski2hEsRD2fxa3MY%2Bk28ILHsNwZ6G%2FNGOtaiV%2Bgh4YG%2FkiP9POwHR1hgSE9JVGuYmbD4FB8l0LkkIBHgoTM4X0fNS81%2BA6f4zV6DxmQzI9dGh%2BP9eA6j%2B%2BfNqDfMsi4qyKjapz8T4qQ%2BjgAtJSRmIL7WdsmYhVjSQb5voiknUxgKT%2Fom%2FJJYAUyxf%2BoM7B5yfJewzeVoU2%2FtVYQKI1lMuX%2BRaPNcBUAvSnVpp3982X8ufymNCG%2Bvqv3rBuUa%2BDAlSlNPC7rHF8TsYmOTADU69%2B%2B%2Fol8yLJTHHQhvr%2Bf5O5wjhPZDddaEMD1lhgrNFX59TpZvCV9M4rSDCIHqoFDFRnsCphC6IUw%3D%22%7D&prevSearchId=1765686709859674781&loginPromo=1
972,"Mọi thứ hoàn hảo, ngoại trừ bãi biển tại khách sạn nước sâu các cháu nhỏ không tắm được",Saigon Phu Quoc Resort & Spa,https://www.traveloka.com/en-vn/hotel/detail?spec=13-05-2023.14-05-2023.1.1.HOTEL.1000000246732.Saigon%20Phu%20Quoc%20Resort%20%26%20Spa.1&contexts=%7B%22inventoryRateKey%22%3A%22povEwB3ZzsU2C6pd%2B6MdU13LUNuufACdbU0usK5vg0dM0tKsNUio4Rxug1zOzHJilcvZa8YdqqIySdppe7dolTIewZlxfjiOGz6oXLTucMvN0%2BgQ3yZPvZcoHwUFNN%2BZpcr%2F%2FNa8o9ElfN8zOYhzzZeg0X586laFpeUViPi9rxCUbHSgYCYNvlUx5CDP7kZSIvEWeildVo7nbHxIWcXPVNGysXwP9P%2F6jQTjnyKeTv%2ByqYmxSenRKFEfSHS0XO3kZfZPEEhT4qTyZ4NnGlioFk6ay4RXlsebEjOdYqJCyZZxlxUTHNffO2l8jiZZrGWd1F5yTZNH82d3Ski2hEsRD2fxa3MY%2Bk28ILHsNwZ6G%2FNGOtaiV%2Bgh4YG%2FkiP9POwHR1hgSE9JVGuYmbD4FB8l0LkkIBHgoTM4X0fNS81%2BA6f4zV6DxmQzI9dGh%2BP9eA6j%2B%2BfNqDfMsi4qyKjapz8T4qQ%2BjgAtJSRmIL7WdsmYhVjSQb5voiknUxgKT%2Fom%2FJJYAUyxf%2BoM7B5yfJewzeVoU2%2FtVYQKI1lMuX%2BRaPNcBUAvSnVpp3982X8ufymNCG%2Bvqv3rBuUa%2BDAlSlNPC7rHF8TsYmOTADU69%2B%2B%2Fol8yLJTHHQhvr%2Bf5O5wjhPZDddaEMD1lhgrNFX59TpZvCV9M4rSDCIHqoFDFRnsCphC6IUw%3D%22%7D&prevSearchId=1765686709859674781&loginPromo=1
973,"Cách đây hơn 10 năm thì Sài Gòn Phú Quốc Resort là số 1, nhưng bây giờ thì ở mức khá tuyệt, ăn sáng phong phú, thức ăn ngon, tiếp tân lịch sự, nhưng thiếu sự thân thiện, thiếu nụ cười, sạch sẽ ở mức khá tốt, không gian cực kỳ rộng rãi, tuy nhiên nhà tắm thì nhỏ mà bồn tắm thì chiếm nhiều diện tích. nói chung kỳ nghỉ của chúng tôi ổn.",Saigon Phu Quoc Resort & Spa,https://www.traveloka.com/en-vn/hotel/detail?spec=13-05-2023.14-05-2023.1.1.HOTEL.1000000246732.Saigon%20Phu%20Quoc%20Resort%20%26%20Spa.1&contexts=%7B%22inventoryRateKey%22%3A%22povEwB3ZzsU2C6pd%2B6MdU13LUNuufACdbU0usK5vg0dM0tKsNUio4Rxug1zOzHJilcvZa8YdqqIySdppe7dolTIewZlxfjiOGz6oXLTucMvN0%2BgQ3yZPvZcoHwUFNN%2BZpcr%2F%2FNa8o9ElfN8zOYhzzZeg0X586laFpeUViPi9rxCUbHSgYCYNvlUx5CDP7kZSIvEWeildVo7nbHxIWcXPVNGysXwP9P%2F6jQTjnyKeTv%2ByqYmxSenRKFEfSHS0XO3kZfZPEEhT4qTyZ4NnGlioFk6ay4RXlsebEjOdYqJCyZZxlxUTHNffO2l8jiZZrGWd1F5yTZNH82d3Ski2hEsRD2fxa3MY%2Bk28ILHsNwZ6G%2FNGOtaiV%2Bgh4YG%2FkiP9POwHR1hgSE9JVGuYmbD4FB8l0LkkIBHgoTM4X0fNS81%2BA6f4zV6DxmQzI9dGh%2BP9eA6j%2B%2BfNqDfMsi4qyKjapz8T4qQ%2BjgAtJSRmIL7WdsmYhVjSQb5voiknUxgKT%2Fom%2FJJYAUyxf%2BoM7B5yfJewzeVoU2%2FtVYQKI1lMuX%2BRaPNcBUAvSnVpp3982X8ufymNCG%2Bvqv3rBuUa%2BDAlSlNPC7rHF8TsYmOTADU69%2B%2B%2Fol8yLJTHHQhvr%2Bf5O5wjhPZDddaEMD1lhgrNFX59TpZvCV9M4rSDCIHqoFDFRnsCphC6IUw%3D%22%7D&prevSearchId=1765686709859674781&loginPromo=1
974,"Rất tốt, bãi biển đẹp, gần trung tâm, có xe đưa đón sân bay. Thuận tiện đi lại.",Saigon Phu Quoc Resort & Spa,https://www.traveloka.com/en-vn/hotel/detail?spec=13-05-2023.14-05-2023.1.1.HOTEL.1000000246732.Saigon%20Phu%20Quoc%20Resort%20%26%20Spa.1&contexts=%7B%22inventoryRateKey%22%3A%22povEwB3ZzsU2C6pd%2B6MdU13LUNuufACdbU0usK5vg0dM0tKsNUio4Rxug1zOzHJilcvZa8YdqqIySdppe7dolTIewZlxfjiOGz6oXLTucMvN0%2BgQ3yZPvZcoHwUFNN%2BZpcr%2F%2FNa8o9ElfN8zOYhzzZeg0X586laFpeUViPi9rxCUbHSgYCYNvlUx5CDP7kZSIvEWeildVo7nbHxIWcXPVNGysXwP9P%2F6jQTjnyKeTv%2ByqYmxSenRKFEfSHS0XO3kZfZPEEhT4qTyZ4NnGlioFk6ay4RXlsebEjOdYqJCyZZxlxUTHNffO2l8jiZZrGWd1F5yTZNH82d3Ski2hEsRD2fxa3MY%2Bk28ILHsNwZ6G%2FNGOtaiV%2Bgh4YG%2FkiP9POwHR1hgSE9JVGuYmbD4FB8l0LkkIBHgoTM4X0fNS81%2BA6f4zV6DxmQzI9dGh%2BP9eA6j%2B%2BfNqDfMsi4qyKjapz8T4qQ%2BjgAtJSRmIL7WdsmYhVjSQb5voiknUxgKT%2Fom%2FJJYAUyxf%2BoM7B5yfJewzeVoU2%2FtVYQKI1lMuX%2BRaPNcBUAvSnVpp3982X8ufymNCG%2Bvqv3rBuUa%2BDAlSlNPC7rHF8TsYmOTADU69%2B%2B%2Fol8yLJTHHQhvr%2Bf5O5wjhPZDddaEMD1lhgrNFX59TpZvCV9M4rSDCIHqoFDFRnsCphC6IUw%3D%22%7D&prevSearchId=1765686709859674781&loginPromo=1
975,"Ngay trung tâm, tiện di chuyển, bãi biển đẹp.",Saigon Phu Quoc Resort & Spa,https://www.traveloka.com/en-vn/hotel/detail?spec=13-05-2023.14-05-2023.1.1.HOTEL.1000000246732.Saigon%20Phu%20Quoc%20Resort%20%26%20Spa.1&contexts=%7B%22inventoryRateKey%22%3A%22povEwB3ZzsU2C6pd%2B6MdU13LUNuufACdbU0usK5vg0dM0tKsNUio4Rxug1zOzHJilcvZa8YdqqIySdppe7dolTIewZlxfjiOGz6oXLTucMvN0%2BgQ3yZPvZcoHwUFNN%2BZpcr%2F%2FNa8o9ElfN8zOYhzzZeg0X586laFpeUViPi9rxCUbHSgYCYNvlUx5CDP7kZSIvEWeildVo7nbHxIWcXPVNGysXwP9P%2F6jQTjnyKeTv%2ByqYmxSenRKFEfSHS0XO3kZfZPEEhT4qTyZ4NnGlioFk6ay4RXlsebEjOdYqJCyZZxlxUTHNffO2l8jiZZrGWd1F5yTZNH82d3Ski2hEsRD2fxa3MY%2Bk28ILHsNwZ6G%2FNGOtaiV%2Bgh4YG%2FkiP9POwHR1hgSE9JVGuYmbD4FB8l0LkkIBHgoTM4X0fNS81%2BA6f4zV6DxmQzI9dGh%2BP9eA6j%2B%2BfNqDfMsi4qyKjapz8T4qQ%2BjgAtJSRmIL7WdsmYhVjSQb5voiknUxgKT%2Fom%2FJJYAUyxf%2BoM7B5yfJewzeVoU2%2FtVYQKI1lMuX%2BRaPNcBUAvSnVpp3982X8ufymNCG%2Bvqv3rBuUa%2BDAlSlNPC7rHF8TsYmOTADU69%2B%2B%2Fol8yLJTHHQhvr%2Bf5O5wjhPZDddaEMD1lhgrNFX59TpZvCV9M4rSDCIHqoFDFRnsCphC6IUw%3D%22%7D&prevSearchId=1765686709859674781&loginPromo=1
976,"Tốt, cảm thấy khá thoải mái.",Saigon Phu Quoc Resort & Spa,https://www.traveloka.com/en-vn/hotel/detail?spec=13-05-2023.14-05-2023.1.1.HOTEL.1000000246732.Saigon%20Phu%20Quoc%20Resort%20%26%20Spa.1&contexts=%7B%22inventoryRateKey%22%3A%22povEwB3ZzsU2C6pd%2B6MdU13LUNuufACdbU0usK5vg0dM0tKsNUio4Rxug1zOzHJilcvZa8YdqqIySdppe7dolTIewZlxfjiOGz6oXLTucMvN0%2BgQ3yZPvZcoHwUFNN%2BZpcr%2F%2FNa8o9ElfN8zOYhzzZeg0X586laFpeUViPi9rxCUbHSgYCYNvlUx5CDP7kZSIvEWeildVo7nbHxIWcXPVNGysXwP9P%2F6jQTjnyKeTv%2ByqYmxSenRKFEfSHS0XO3kZfZPEEhT4qTyZ4NnGlioFk6ay4RXlsebEjOdYqJCyZZxlxUTHNffO2l8jiZZrGWd1F5yTZNH82d3Ski2hEsRD2fxa3MY%2Bk28ILHsNwZ6G%2FNGOtaiV%2Bgh4YG%2FkiP9POwHR1hgSE9JVGuYmbD4FB8l0LkkIBHgoTM4X0fNS81%2BA6f4zV6DxmQzI9dGh%2BP9eA6j%2B%2BfNqDfMsi4qyKjapz8T4qQ%2BjgAtJSRmIL7WdsmYhVjSQb5voiknUxgKT%2Fom%2FJJYAUyxf%2BoM7B5yfJewzeVoU2%2FtVYQKI1lMuX%2BRaPNcBUAvSnVpp3982X8ufymNCG%2Bvqv3rBuUa%2BDAlSlNPC7rHF8TsYmOTADU69%2B%2B%2Fol8yLJTHHQhvr%2Bf5O5wjhPZDddaEMD1lhgrNFX59TpZvCV9M4rSDCIHqoFDFRnsCphC6IUw%3D%22%7D&prevSearchId=1765686709859674781&loginPromo=1
977,"Đẹp, sang trọng, sạch sẽ, tốt cho một kỳ nghỉ",Saigon Phu Quoc Resort & Spa,https://www.traveloka.com/en-vn/hotel/detail?spec=13-05-2023.14-05-2023.1.1.HOTEL.1000000246732.Saigon%20Phu%20Quoc%20Resort%20%26%20Spa.1&contexts=%7B%22inventoryRateKey%22%3A%22povEwB3ZzsU2C6pd%2B6MdU13LUNuufACdbU0usK5vg0dM0tKsNUio4Rxug1zOzHJilcvZa8YdqqIySdppe7dolTIewZlxfjiOGz6oXLTucMvN0%2BgQ3yZPvZcoHwUFNN%2BZpcr%2F%2FNa8o9ElfN8zOYhzzZeg0X586laFpeUViPi9rxCUbHSgYCYNvlUx5CDP7kZSIvEWeildVo7nbHxIWcXPVNGysXwP9P%2F6jQTjnyKeTv%2ByqYmxSenRKFEfSHS0XO3kZfZPEEhT4qTyZ4NnGlioFk6ay4RXlsebEjOdYqJCyZZxlxUTHNffO2l8jiZZrGWd1F5yTZNH82d3Ski2hEsRD2fxa3MY%2Bk28ILHsNwZ6G%2FNGOtaiV%2Bgh4YG%2FkiP9POwHR1hgSE9JVGuYmbD4FB8l0LkkIBHgoTM4X0fNS81%2BA6f4zV6DxmQzI9dGh%2BP9eA6j%2B%2BfNqDfMsi4qyKjapz8T4qQ%2BjgAtJSRmIL7WdsmYhVjSQb5voiknUxgKT%2Fom%2FJJYAUyxf%2BoM7B5yfJewzeVoU2%2FtVYQKI1lMuX%2BRaPNcBUAvSnVpp3982X8ufymNCG%2Bvqv3rBuUa%2BDAlSlNPC7rHF8TsYmOTADU69%2B%2B%2Fol8yLJTHHQhvr%2Bf5O5wjhPZDddaEMD1lhgrNFX59TpZvCV9M4rSDCIHqoFDFRnsCphC6IUw%3D%22%7D&prevSearchId=1765686709859674781&loginPromo=1
978,"Mình và gia đình đã có trải nghiệm tuyệt vời trong kỳ nghỉ ở Saigon Phú Quốc Resort & Spa. Phòng nghỉ tiện nghi, sạch sẽ, view đẹp. Không gian lối đi, hồ bơi, tiểu cảnh vừa phải, hợp lý. Gần chợ đêm (đi bộ 10-15 phút). Nhà hàng Phượng Hoàng và Hương Biển gần đó (nếu thích ăn ở ngoài) nấu ngon, giá vừa phải, vệ sinh, tươi ngon. Có dịch vụ đưa đón sân bay miễn phí, xe mới, rộng rãi. Nhân viên phuc vụ lễ phép, nhiệt tình. Bãi biển sạch sẽ. Điểm trừ duy nhất là biển mùa này gió lớn, động nên không dám bơi ra xa.",Saigon Phu Quoc Resort & Spa,https://www.traveloka.com/en-vn/hotel/detail?spec=13-05-2023.14-05-2023.1.1.HOTEL.1000000246732.Saigon%20Phu%20Quoc%20Resort%20%26%20Spa.1&contexts=%7B%22inventoryRateKey%22%3A%22povEwB3ZzsU2C6pd%2B6MdU13LUNuufACdbU0usK5vg0dM0tKsNUio4Rxug1zOzHJilcvZa8YdqqIySdppe7dolTIewZlxfjiOGz6oXLTucMvN0%2BgQ3yZPvZcoHwUFNN%2BZpcr%2F%2FNa8o9ElfN8zOYhzzZeg0X586laFpeUViPi9rxCUbHSgYCYNvlUx5CDP7kZSIvEWeildVo7nbHxIWcXPVNGysXwP9P%2F6jQTjnyKeTv%2ByqYmxSenRKFEfSHS0XO3kZfZPEEhT4qTyZ4NnGlioFk6ay4RXlsebEjOdYqJCyZZxlxUTHNffO2l8jiZZrGWd1F5yTZNH82d3Ski2hEsRD2fxa3MY%2Bk28ILHsNwZ6G%2FNGOtaiV%2Bgh4YG%2FkiP9POwHR1hgSE9JVGuYmbD4FB8l0LkkIBHgoTM4X0fNS81%2BA6f4zV6DxmQzI9dGh%2BP9eA6j%2B%2BfNqDfMsi4qyKjapz8T4qQ%2BjgAtJSRmIL7WdsmYhVjSQb5voiknUxgKT%2Fom%2FJJYAUyxf%2BoM7B5yfJewzeVoU2%2FtVYQKI1lMuX%2BRaPNcBUAvSnVpp3982X8ufymNCG%2Bvqv3rBuUa%2BDAlSlNPC7rHF8TsYmOTADU69%2B%2B%2Fol8yLJTHHQhvr%2Bf5O5wjhPZDddaEMD1lhgrNFX59TpZvCV9M4rSDCIHqoFDFRnsCphC6IUw%3D%22%7D&prevSearchId=1765686709859674781&loginPromo=1
979,"Phong nghi sach se, nhan vien than thien, khong gian yen tinh, hai long",Saigon Phu Quoc Resort & Spa,https://www.traveloka.com/en-vn/hotel/detail?spec=13-05-2023.14-05-2023.1.1.HOTEL.1000000246732.Saigon%20Phu%20Quoc%20Resort%20%26%20Spa.1&contexts=%7B%22inventoryRateKey%22%3A%22povEwB3ZzsU2C6pd%2B6MdU13LUNuufACdbU0usK5vg0dM0tKsNUio4Rxug1zOzHJilcvZa8YdqqIySdppe7dolTIewZlxfjiOGz6oXLTucMvN0%2BgQ3yZPvZcoHwUFNN%2BZpcr%2F%2FNa8o9ElfN8zOYhzzZeg0X586laFpeUViPi9rxCUbHSgYCYNvlUx5CDP7kZSIvEWeildVo7nbHxIWcXPVNGysXwP9P%2F6jQTjnyKeTv%2ByqYmxSenRKFEfSHS0XO3kZfZPEEhT4qTyZ4NnGlioFk6ay4RXlsebEjOdYqJCyZZxlxUTHNffO2l8jiZZrGWd1F5yTZNH82d3Ski2hEsRD2fxa3MY%2Bk28ILHsNwZ6G%2FNGOtaiV%2Bgh4YG%2FkiP9POwHR1hgSE9JVGuYmbD4FB8l0LkkIBHgoTM4X0fNS81%2BA6f4zV6DxmQzI9dGh%2BP9eA6j%2B%2BfNqDfMsi4qyKjapz8T4qQ%2BjgAtJSRmIL7WdsmYhVjSQb5voiknUxgKT%2Fom%2FJJYAUyxf%2BoM7B5yfJewzeVoU2%2FtVYQKI1lMuX%2BRaPNcBUAvSnVpp3982X8ufymNCG%2Bvqv3rBuUa%2BDAlSlNPC7rHF8TsYmOTADU69%2B%2B%2Fol8yLJTHHQhvr%2Bf5O5wjhPZDddaEMD1lhgrNFX59TpZvCV9M4rSDCIHqoFDFRnsCphC6IUw%3D%22%7D&prevSearchId=1765686709859674781&loginPromo=1
980,"Khách sạn vew đẹp, phòng sạch, đẹp, sang trọng. Bể bơi sạch sẽ!",Saigon Phu Quoc Resort & Spa,https://www.traveloka.com/en-vn/hotel/detail?spec=13-05-2023.14-05-2023.1.1.HOTEL.1000000246732.Saigon%20Phu%20Quoc%20Resort%20%26%20Spa.1&contexts=%7B%22inventoryRateKey%22%3A%22povEwB3ZzsU2C6pd%2B6MdU13LUNuufACdbU0usK5vg0dM0tKsNUio4Rxug1zOzHJilcvZa8YdqqIySdppe7dolTIewZlxfjiOGz6oXLTucMvN0%2BgQ3yZPvZcoHwUFNN%2BZpcr%2F%2FNa8o9ElfN8zOYhzzZeg0X586laFpeUViPi9rxCUbHSgYCYNvlUx5CDP7kZSIvEWeildVo7nbHxIWcXPVNGysXwP9P%2F6jQTjnyKeTv%2ByqYmxSenRKFEfSHS0XO3kZfZPEEhT4qTyZ4NnGlioFk6ay4RXlsebEjOdYqJCyZZxlxUTHNffO2l8jiZZrGWd1F5yTZNH82d3Ski2hEsRD2fxa3MY%2Bk28ILHsNwZ6G%2FNGOtaiV%2Bgh4YG%2FkiP9POwHR1hgSE9JVGuYmbD4FB8l0LkkIBHgoTM4X0fNS81%2BA6f4zV6DxmQzI9dGh%2BP9eA6j%2B%2BfNqDfMsi4qyKjapz8T4qQ%2BjgAtJSRmIL7WdsmYhVjSQb5voiknUxgKT%2Fom%2FJJYAUyxf%2BoM7B5yfJewzeVoU2%2FtVYQKI1lMuX%2BRaPNcBUAvSnVpp3982X8ufymNCG%2Bvqv3rBuUa%2BDAlSlNPC7rHF8TsYmOTADU69%2B%2B%2Fol8yLJTHHQhvr%2Bf5O5wjhPZDddaEMD1lhgrNFX59TpZvCV9M4rSDCIHqoFDFRnsCphC6IUw%3D%22%7D&prevSearchId=1765686709859674781&loginPromo=1
981,"Rất thích cung cách phục vụ của đội ngũ nhân viên lịch thiệp, thực sự thư giãn, nhưng vẫn còn một việc chưa hài long lắm, do di chuyển bang phương tiện máy bay, nên thời gian trả phòng sớm mà không được hưởng dịch vụ phòng chờ trong lúc chờ đến giờ bay, resort nên bố trí những khu vực cho khách hàng tiện nghi hoặc có chính sách ưu đãi them thời gian chờ tại phòng. Còn lại mọi thứ đều ok",Saigon Phu Quoc Resort & Spa,https://www.traveloka.com/en-vn/hotel/detail?spec=13-05-2023.14-05-2023.1.1.HOTEL.1000000246732.Saigon%20Phu%20Quoc%20Resort%20%26%20Spa.1&contexts=%7B%22inventoryRateKey%22%3A%22povEwB3ZzsU2C6pd%2B6MdU13LUNuufACdbU0usK5vg0dM0tKsNUio4Rxug1zOzHJilcvZa8YdqqIySdppe7dolTIewZlxfjiOGz6oXLTucMvN0%2BgQ3yZPvZcoHwUFNN%2BZpcr%2F%2FNa8o9ElfN8zOYhzzZeg0X586laFpeUViPi9rxCUbHSgYCYNvlUx5CDP7kZSIvEWeildVo7nbHxIWcXPVNGysXwP9P%2F6jQTjnyKeTv%2ByqYmxSenRKFEfSHS0XO3kZfZPEEhT4qTyZ4NnGlioFk6ay4RXlsebEjOdYqJCyZZxlxUTHNffO2l8jiZZrGWd1F5yTZNH82d3Ski2hEsRD2fxa3MY%2Bk28ILHsNwZ6G%2FNGOtaiV%2Bgh4YG%2FkiP9POwHR1hgSE9JVGuYmbD4FB8l0LkkIBHgoTM4X0fNS81%2BA6f4zV6DxmQzI9dGh%2BP9eA6j%2B%2BfNqDfMsi4qyKjapz8T4qQ%2BjgAtJSRmIL7WdsmYhVjSQb5voiknUxgKT%2Fom%2FJJYAUyxf%2BoM7B5yfJewzeVoU2%2FtVYQKI1lMuX%2BRaPNcBUAvSnVpp3982X8ufymNCG%2Bvqv3rBuUa%2BDAlSlNPC7rHF8TsYmOTADU69%2B%2B%2Fol8yLJTHHQhvr%2Bf5O5wjhPZDddaEMD1lhgrNFX59TpZvCV9M4rSDCIHqoFDFRnsCphC6IUw%3D%22%7D&prevSearchId=1765686709859674781&loginPromo=1
982,Khách sạn gần trung tám đi lại tiện có dịch vụ đưa đón sân bay chỉ có mỗi bữa sang không được đa dạng hầu như ngày nào cũng giống nhau,Saigon Phu Quoc Resort & Spa,https://www.traveloka.com/en-vn/hotel/detail?spec=13-05-2023.14-05-2023.1.1.HOTEL.1000000246732.Saigon%20Phu%20Quoc%20Resort%20%26%20Spa.1&contexts=%7B%22inventoryRateKey%22%3A%22povEwB3ZzsU2C6pd%2B6MdU13LUNuufACdbU0usK5vg0dM0tKsNUio4Rxug1zOzHJilcvZa8YdqqIySdppe7dolTIewZlxfjiOGz6oXLTucMvN0%2BgQ3yZPvZcoHwUFNN%2BZpcr%2F%2FNa8o9ElfN8zOYhzzZeg0X586laFpeUViPi9rxCUbHSgYCYNvlUx5CDP7kZSIvEWeildVo7nbHxIWcXPVNGysXwP9P%2F6jQTjnyKeTv%2ByqYmxSenRKFEfSHS0XO3kZfZPEEhT4qTyZ4NnGlioFk6ay4RXlsebEjOdYqJCyZZxlxUTHNffO2l8jiZZrGWd1F5yTZNH82d3Ski2hEsRD2fxa3MY%2Bk28ILHsNwZ6G%2FNGOtaiV%2Bgh4YG%2FkiP9POwHR1hgSE9JVGuYmbD4FB8l0LkkIBHgoTM4X0fNS81%2BA6f4zV6DxmQzI9dGh%2BP9eA6j%2B%2BfNqDfMsi4qyKjapz8T4qQ%2BjgAtJSRmIL7WdsmYhVjSQb5voiknUxgKT%2Fom%2FJJYAUyxf%2BoM7B5yfJewzeVoU2%2FtVYQKI1lMuX%2BRaPNcBUAvSnVpp3982X8ufymNCG%2Bvqv3rBuUa%2BDAlSlNPC7rHF8TsYmOTADU69%2B%2B%2Fol8yLJTHHQhvr%2Bf5O5wjhPZDddaEMD1lhgrNFX59TpZvCV9M4rSDCIHqoFDFRnsCphC6IUw%3D%22%7D&prevSearchId=1765686709859674781&loginPromo=1
983,Mọi thứ đều tuyệt vời ngoại trừ muỗi. Đã yêu cầu xịt muỗi nhưng không thể hết được,Saigon Phu Quoc Resort & Spa,https://www.traveloka.com/en-vn/hotel/detail?spec=13-05-2023.14-05-2023.1.1.HOTEL.1000000246732.Saigon%20Phu%20Quoc%20Resort%20%26%20Spa.1&contexts=%7B%22inventoryRateKey%22%3A%22povEwB3ZzsU2C6pd%2B6MdU13LUNuufACdbU0usK5vg0dM0tKsNUio4Rxug1zOzHJilcvZa8YdqqIySdppe7dolTIewZlxfjiOGz6oXLTucMvN0%2BgQ3yZPvZcoHwUFNN%2BZpcr%2F%2FNa8o9ElfN8zOYhzzZeg0X586laFpeUViPi9rxCUbHSgYCYNvlUx5CDP7kZSIvEWeildVo7nbHxIWcXPVNGysXwP9P%2F6jQTjnyKeTv%2ByqYmxSenRKFEfSHS0XO3kZfZPEEhT4qTyZ4NnGlioFk6ay4RXlsebEjOdYqJCyZZxlxUTHNffO2l8jiZZrGWd1F5yTZNH82d3Ski2hEsRD2fxa3MY%2Bk28ILHsNwZ6G%2FNGOtaiV%2Bgh4YG%2FkiP9POwHR1hgSE9JVGuYmbD4FB8l0LkkIBHgoTM4X0fNS81%2BA6f4zV6DxmQzI9dGh%2BP9eA6j%2B%2BfNqDfMsi4qyKjapz8T4qQ%2BjgAtJSRmIL7WdsmYhVjSQb5voiknUxgKT%2Fom%2FJJYAUyxf%2BoM7B5yfJewzeVoU2%2FtVYQKI1lMuX%2BRaPNcBUAvSnVpp3982X8ufymNCG%2Bvqv3rBuUa%2BDAlSlNPC7rHF8TsYmOTADU69%2B%2B%2Fol8yLJTHHQhvr%2Bf5O5wjhPZDddaEMD1lhgrNFX59TpZvCV9M4rSDCIHqoFDFRnsCphC6IUw%3D%22%7D&prevSearchId=1765686709859674781&loginPromo=1
984,"chúng tôi ở đây 3 đêm (10 đến11/4),phòng 206 và rất hài lòng. Nhân viên nhiệt tình và thân thiện ở tất cả mọi khâu.hồ bơi đẹp, bãi biển riêng sạch, đẹp ngay sát resort, nghĩa là từ hồ bơi ra biển và ngược lại chỉ vài bước chân. chúng tôi thấy rất thoải mái và tiện lợi vì khách sạn có khăn tắm riêng dành cho khách tùy nghi sử dụng ở cả bãi biển và hồ bơi rồi để lại chứ không cần đem theo khăn từ phòng (tôi thấy khách sạn nên dán thông báo này tại phòng và dặn khách ngay khi nhận phòng vì ngày đầu tiên tôi không biết nên vẫn đem khăn theo rất lỉnh kỉnh). có ghế và thuyền kayak miễn phí ở bãi biển. vị trí tuyệt vời,đi bộ đến chợ đêm được. ăn sáng ngon.phòng ăn nhìn ra hồ bơi và ra biển, rất tuyêt. có khu vui chơi cho trẻ em, sân cho vài môn thể thao. Thích nhất là có nhiều cây xanh, đẹp và được chăm sóc rất tốt. điều duy nhất hơi phiền là phòng cách âm không tốt.phòng bên cạnh mở tv là bên này khó ngủ vì tường đặt tv của phòng bên kia là đầu giường bên này.",Saigon Phu Quoc Resort & Spa,https://www.traveloka.com/en-vn/hotel/detail?spec=13-05-2023.14-05-2023.1.1.HOTEL.1000000246732.Saigon%20Phu%20Quoc%20Resort%20%26%20Spa.1&contexts=%7B%22inventoryRateKey%22%3A%22povEwB3ZzsU2C6pd%2B6MdU13LUNuufACdbU0usK5vg0dM0tKsNUio4Rxug1zOzHJilcvZa8YdqqIySdppe7dolTIewZlxfjiOGz6oXLTucMvN0%2BgQ3yZPvZcoHwUFNN%2BZpcr%2F%2FNa8o9ElfN8zOYhzzZeg0X586laFpeUViPi9rxCUbHSgYCYNvlUx5CDP7kZSIvEWeildVo7nbHxIWcXPVNGysXwP9P%2F6jQTjnyKeTv%2ByqYmxSenRKFEfSHS0XO3kZfZPEEhT4qTyZ4NnGlioFk6ay4RXlsebEjOdYqJCyZZxlxUTHNffO2l8jiZZrGWd1F5yTZNH82d3Ski2hEsRD2fxa3MY%2Bk28ILHsNwZ6G%2FNGOtaiV%2Bgh4YG%2FkiP9POwHR1hgSE9JVGuYmbD4FB8l0LkkIBHgoTM4X0fNS81%2BA6f4zV6DxmQzI9dGh%2BP9eA6j%2B%2BfNqDfMsi4qyKjapz8T4qQ%2BjgAtJSRmIL7WdsmYhVjSQb5voiknUxgKT%2Fom%2FJJYAUyxf%2BoM7B5yfJewzeVoU2%2FtVYQKI1lMuX%2BRaPNcBUAvSnVpp3982X8ufymNCG%2Bvqv3rBuUa%2BDAlSlNPC7rHF8TsYmOTADU69%2B%2B%2Fol8yLJTHHQhvr%2Bf5O5wjhPZDddaEMD1lhgrNFX59TpZvCV9M4rSDCIHqoFDFRnsCphC6IUw%3D%22%7D&prevSearchId=1765686709859674781&loginPromo=1
985,"Vị trí tốt, phục vụ chuyên nghiệp, bữa sáng còn hạn chế trong việc thay đổi món, phòng có muỗi. Sẽ còn trở lại Saigon Phu Quoc Resort & Spa
 vào các dịp du lịch sau!",Saigon Phu Quoc Resort & Spa,https://www.traveloka.com/en-vn/hotel/detail?spec=13-05-2023.14-05-2023.1.1.HOTEL.1000000246732.Saigon%20Phu%20Quoc%20Resort%20%26%20Spa.1&contexts=%7B%22inventoryRateKey%22%3A%22povEwB3ZzsU2C6pd%2B6MdU13LUNuufACdbU0usK5vg0dM0tKsNUio4Rxug1zOzHJilcvZa8YdqqIySdppe7dolTIewZlxfjiOGz6oXLTucMvN0%2BgQ3yZPvZcoHwUFNN%2BZpcr%2F%2FNa8o9ElfN8zOYhzzZeg0X586laFpeUViPi9rxCUbHSgYCYNvlUx5CDP7kZSIvEWeildVo7nbHxIWcXPVNGysXwP9P%2F6jQTjnyKeTv%2ByqYmxSenRKFEfSHS0XO3kZfZPEEhT4qTyZ4NnGlioFk6ay4RXlsebEjOdYqJCyZZxlxUTHNffO2l8jiZZrGWd1F5yTZNH82d3Ski2hEsRD2fxa3MY%2Bk28ILHsNwZ6G%2FNGOtaiV%2Bgh4YG%2FkiP9POwHR1hgSE9JVGuYmbD4FB8l0LkkIBHgoTM4X0fNS81%2BA6f4zV6DxmQzI9dGh%2BP9eA6j%2B%2BfNqDfMsi4qyKjapz8T4qQ%2BjgAtJSRmIL7WdsmYhVjSQb5voiknUxgKT%2Fom%2FJJYAUyxf%2BoM7B5yfJewzeVoU2%2FtVYQKI1lMuX%2BRaPNcBUAvSnVpp3982X8ufymNCG%2Bvqv3rBuUa%2BDAlSlNPC7rHF8TsYmOTADU69%2B%2B%2Fol8yLJTHHQhvr%2Bf5O5wjhPZDddaEMD1lhgrNFX59TpZvCV9M4rSDCIHqoFDFRnsCphC6IUw%3D%22%7D&prevSearchId=1765686709859674781&loginPromo=1
986,"Resort tương đối đẹp, tuy hơi cũ. Vị trí resort ở trung tâm thị trấn Dương Đông. Gia đình tôi đã được nâng cấp hạng phòng miễn phí thành bungalow sát biển. Thái độ nhân viên chu đáo, nhiệt tình. Phòng có muỗi do xung quanh là vườn và nhiều cây. Các bữa sáng không có sự thay đổi. Tuy nhiên, kỳ nghỉ của gia đình tôi vẫn rất tuyệt vời. Cám ơn SGPQ!",Saigon Phu Quoc Resort & Spa,https://www.traveloka.com/en-vn/hotel/detail?spec=13-05-2023.14-05-2023.1.1.HOTEL.1000000246732.Saigon%20Phu%20Quoc%20Resort%20%26%20Spa.1&contexts=%7B%22inventoryRateKey%22%3A%22povEwB3ZzsU2C6pd%2B6MdU13LUNuufACdbU0usK5vg0dM0tKsNUio4Rxug1zOzHJilcvZa8YdqqIySdppe7dolTIewZlxfjiOGz6oXLTucMvN0%2BgQ3yZPvZcoHwUFNN%2BZpcr%2F%2FNa8o9ElfN8zOYhzzZeg0X586laFpeUViPi9rxCUbHSgYCYNvlUx5CDP7kZSIvEWeildVo7nbHxIWcXPVNGysXwP9P%2F6jQTjnyKeTv%2ByqYmxSenRKFEfSHS0XO3kZfZPEEhT4qTyZ4NnGlioFk6ay4RXlsebEjOdYqJCyZZxlxUTHNffO2l8jiZZrGWd1F5yTZNH82d3Ski2hEsRD2fxa3MY%2Bk28ILHsNwZ6G%2FNGOtaiV%2Bgh4YG%2FkiP9POwHR1hgSE9JVGuYmbD4FB8l0LkkIBHgoTM4X0fNS81%2BA6f4zV6DxmQzI9dGh%2BP9eA6j%2B%2BfNqDfMsi4qyKjapz8T4qQ%2BjgAtJSRmIL7WdsmYhVjSQb5voiknUxgKT%2Fom%2FJJYAUyxf%2BoM7B5yfJewzeVoU2%2FtVYQKI1lMuX%2BRaPNcBUAvSnVpp3982X8ufymNCG%2Bvqv3rBuUa%2BDAlSlNPC7rHF8TsYmOTADU69%2B%2B%2Fol8yLJTHHQhvr%2Bf5O5wjhPZDddaEMD1lhgrNFX59TpZvCV9M4rSDCIHqoFDFRnsCphC6IUw%3D%22%7D&prevSearchId=1765686709859674781&loginPromo=1
987,"Khách sạn chu đáo, nhân viên nhiệt tình, bai tam bien ngay truoc mat, tiệc tối rẻ và chất lượng, noi chung tuyet voi",Saigon Phu Quoc Resort & Spa,https://www.traveloka.com/en-vn/hotel/detail?spec=13-05-2023.14-05-2023.1.1.HOTEL.1000000246732.Saigon%20Phu%20Quoc%20Resort%20%26%20Spa.1&contexts=%7B%22inventoryRateKey%22%3A%22povEwB3ZzsU2C6pd%2B6MdU13LUNuufACdbU0usK5vg0dM0tKsNUio4Rxug1zOzHJilcvZa8YdqqIySdppe7dolTIewZlxfjiOGz6oXLTucMvN0%2BgQ3yZPvZcoHwUFNN%2BZpcr%2F%2FNa8o9ElfN8zOYhzzZeg0X586laFpeUViPi9rxCUbHSgYCYNvlUx5CDP7kZSIvEWeildVo7nbHxIWcXPVNGysXwP9P%2F6jQTjnyKeTv%2ByqYmxSenRKFEfSHS0XO3kZfZPEEhT4qTyZ4NnGlioFk6ay4RXlsebEjOdYqJCyZZxlxUTHNffO2l8jiZZrGWd1F5yTZNH82d3Ski2hEsRD2fxa3MY%2Bk28ILHsNwZ6G%2FNGOtaiV%2Bgh4YG%2FkiP9POwHR1hgSE9JVGuYmbD4FB8l0LkkIBHgoTM4X0fNS81%2BA6f4zV6DxmQzI9dGh%2BP9eA6j%2B%2BfNqDfMsi4qyKjapz8T4qQ%2BjgAtJSRmIL7WdsmYhVjSQb5voiknUxgKT%2Fom%2FJJYAUyxf%2BoM7B5yfJewzeVoU2%2FtVYQKI1lMuX%2BRaPNcBUAvSnVpp3982X8ufymNCG%2Bvqv3rBuUa%2BDAlSlNPC7rHF8TsYmOTADU69%2B%2B%2Fol8yLJTHHQhvr%2Bf5O5wjhPZDddaEMD1lhgrNFX59TpZvCV9M4rSDCIHqoFDFRnsCphC6IUw%3D%22%7D&prevSearchId=1765686709859674781&loginPromo=1
988,"Rat tot, toi da o day 5 lan va se quay tro lai",Saigon Phu Quoc Resort & Spa,https://www.traveloka.com/en-vn/hotel/detail?spec=13-05-2023.14-05-2023.1.1.HOTEL.1000000246732.Saigon%20Phu%20Quoc%20Resort%20%26%20Spa.1&contexts=%7B%22inventoryRateKey%22%3A%22povEwB3ZzsU2C6pd%2B6MdU13LUNuufACdbU0usK5vg0dM0tKsNUio4Rxug1zOzHJilcvZa8YdqqIySdppe7dolTIewZlxfjiOGz6oXLTucMvN0%2BgQ3yZPvZcoHwUFNN%2BZpcr%2F%2FNa8o9ElfN8zOYhzzZeg0X586laFpeUViPi9rxCUbHSgYCYNvlUx5CDP7kZSIvEWeildVo7nbHxIWcXPVNGysXwP9P%2F6jQTjnyKeTv%2ByqYmxSenRKFEfSHS0XO3kZfZPEEhT4qTyZ4NnGlioFk6ay4RXlsebEjOdYqJCyZZxlxUTHNffO2l8jiZZrGWd1F5yTZNH82d3Ski2hEsRD2fxa3MY%2Bk28ILHsNwZ6G%2FNGOtaiV%2Bgh4YG%2FkiP9POwHR1hgSE9JVGuYmbD4FB8l0LkkIBHgoTM4X0fNS81%2BA6f4zV6DxmQzI9dGh%2BP9eA6j%2B%2BfNqDfMsi4qyKjapz8T4qQ%2BjgAtJSRmIL7WdsmYhVjSQb5voiknUxgKT%2Fom%2FJJYAUyxf%2BoM7B5yfJewzeVoU2%2FtVYQKI1lMuX%2BRaPNcBUAvSnVpp3982X8ufymNCG%2Bvqv3rBuUa%2BDAlSlNPC7rHF8TsYmOTADU69%2B%2B%2Fol8yLJTHHQhvr%2Bf5O5wjhPZDddaEMD1lhgrNFX59TpZvCV9M4rSDCIHqoFDFRnsCphC6IUw%3D%22%7D&prevSearchId=1765686709859674781&loginPromo=1
989,"Khách sạn sạch sẽ, gần trung tâm, có dịch vụ đưa rước tại sân bay, nhân viên lễ tân vui vẻ, nhiệt tình tuy nhiên quên cảm ơn và hẹn gặp lại khi khách trả phòng. Phòng ốc rộng, sàn nhà hơi dơ, cần được vệ sinh kỹ, trang thiết bị đầy đủ dù hơi cũ. Bãi biển đẹp, nếu ko muốn nói là đẹp nhất khu Trần Hưng Đạo. Có khăn tắm, áo phao, thuyền nhỏ sẵn ngoài bãi biển. Một điểm trừ là nhân viên lơ là, đôi lúc bãi biến có rác nhưng không dọn. Dịch vụ ăn uống được. Giá khá đắt, giảm tầm 20-30% là ổn. Khách sạn có cho mượn xe đạp miễn phí. Tổng kết là ks nên ghé khi ở khu Dương Đông. Sẽ quay lại hàng năm.",Saigon Phu Quoc Resort & Spa,https://www.traveloka.com/en-vn/hotel/detail?spec=13-05-2023.14-05-2023.1.1.HOTEL.1000000246732.Saigon%20Phu%20Quoc%20Resort%20%26%20Spa.1&contexts=%7B%22inventoryRateKey%22%3A%22povEwB3ZzsU2C6pd%2B6MdU13LUNuufACdbU0usK5vg0dM0tKsNUio4Rxug1zOzHJilcvZa8YdqqIySdppe7dolTIewZlxfjiOGz6oXLTucMvN0%2BgQ3yZPvZcoHwUFNN%2BZpcr%2F%2FNa8o9ElfN8zOYhzzZeg0X586laFpeUViPi9rxCUbHSgYCYNvlUx5CDP7kZSIvEWeildVo7nbHxIWcXPVNGysXwP9P%2F6jQTjnyKeTv%2ByqYmxSenRKFEfSHS0XO3kZfZPEEhT4qTyZ4NnGlioFk6ay4RXlsebEjOdYqJCyZZxlxUTHNffO2l8jiZZrGWd1F5yTZNH82d3Ski2hEsRD2fxa3MY%2Bk28ILHsNwZ6G%2FNGOtaiV%2Bgh4YG%2FkiP9POwHR1hgSE9JVGuYmbD4FB8l0LkkIBHgoTM4X0fNS81%2BA6f4zV6DxmQzI9dGh%2BP9eA6j%2B%2BfNqDfMsi4qyKjapz8T4qQ%2BjgAtJSRmIL7WdsmYhVjSQb5voiknUxgKT%2Fom%2FJJYAUyxf%2BoM7B5yfJewzeVoU2%2FtVYQKI1lMuX%2BRaPNcBUAvSnVpp3982X8ufymNCG%2Bvqv3rBuUa%2BDAlSlNPC7rHF8TsYmOTADU69%2B%2B%2Fol8yLJTHHQhvr%2Bf5O5wjhPZDddaEMD1lhgrNFX59TpZvCV9M4rSDCIHqoFDFRnsCphC6IUw%3D%22%7D&prevSearchId=1765686709859674781&loginPromo=1
990,,Arcadia Phu Quoc Resort,https://www.traveloka.com/en-vn/hotel/detail?spec=13-05-2023.14-05-2023.1.1.HOTEL.1000000425916.Arcadia%20Phu%20Quoc%20Resort.1&contexts=%7B%22inventoryRateKey%22%3A%22povEwB3ZzsU2C6pd%2B6MdUw6p4Oi4t9ianyz%2Fk%2Fcwm21M0tKsNUio4Rxug1zOzHJilcvZa8YdqqIySdppe7dolTIewZlxfjiOGz6oXLTucMvN0%2BgQ3yZPvZcoHwUFNN%2BZpcr%2F%2FNa8o9ElfN8zOYhzzZeg0X586laFpeUViPi9rxAXgtn2bKwejvBBZO%2BZAFZhmhLDdV0WLeT%2FFKfQ0QL8LH02Dvlx%2F8PjYogEE5yzx6g6yOKyKeIDf7jO3GM45O1o1hmSkmz3HiZNSbS8gXb3CDW9nmlhkqLKa4lLkAkZpAG5JCAR4KEzOF9HzUvNfgOnqr5Ov2QSm2AvCfOdBe9Oy%2Fvnzag3zLIuKsio2qc%2FE%2BKC0I%2B4MpT6AtjonGvWhSFYeOjRTl6ytxGba%2F42pjcyyVc4KxuembJV6Yiv2h%2FCVOHi42A4Bx%2BAVZlB2OJQoCeizHaEIke4gLKBu993M9y78%2FmzREQ0KgV1vvYuRfaKd1eNmO0SRV1ogUSH81Kgs05B6IoMhVKT4w7TwrTxbp%2FQ2iMn1qdaM1viWqCGwU1siX1ZIegdsZIo1sjlWnbsTcjefS6Pj3RtIU6lROCEB6QAgiS1WJabPNVEO7waQAXksTDyQHUY2wqyAfRzb44KOjG0poBVHSJ1fq5iJGt%2Fs2ROyG2r1yuKaZ4GSAmh5BaCjz8%3D%22%7D&prevSearchId=1765686709859674781&loginPromo=1
991,"khách sạn củ, xuống cấp trầm trọng",Arcadia Phu Quoc Resort,https://www.traveloka.com/en-vn/hotel/detail?spec=13-05-2023.14-05-2023.1.1.HOTEL.1000000425916.Arcadia%20Phu%20Quoc%20Resort.1&contexts=%7B%22inventoryRateKey%22%3A%22povEwB3ZzsU2C6pd%2B6MdUw6p4Oi4t9ianyz%2Fk%2Fcwm21M0tKsNUio4Rxug1zOzHJilcvZa8YdqqIySdppe7dolTIewZlxfjiOGz6oXLTucMvN0%2BgQ3yZPvZcoHwUFNN%2BZpcr%2F%2FNa8o9ElfN8zOYhzzZeg0X586laFpeUViPi9rxAXgtn2bKwejvBBZO%2BZAFZhmhLDdV0WLeT%2FFKfQ0QL8LH02Dvlx%2F8PjYogEE5yzx6g6yOKyKeIDf7jO3GM45O1o1hmSkmz3HiZNSbS8gXb3CDW9nmlhkqLKa4lLkAkZpAG5JCAR4KEzOF9HzUvNfgOnqr5Ov2QSm2AvCfOdBe9Oy%2Fvnzag3zLIuKsio2qc%2FE%2BKC0I%2B4MpT6AtjonGvWhSFYeOjRTl6ytxGba%2F42pjcyyVc4KxuembJV6Yiv2h%2FCVOHi42A4Bx%2BAVZlB2OJQoCeizHaEIke4gLKBu993M9y78%2FmzREQ0KgV1vvYuRfaKd1eNmO0SRV1ogUSH81Kgs05B6IoMhVKT4w7TwrTxbp%2FQ2iMn1qdaM1viWqCGwU1siX1ZIegdsZIo1sjlWnbsTcjefS6Pj3RtIU6lROCEB6QAgiS1WJabPNVEO7waQAXksTDyQHUY2wqyAfRzb44KOjG0poBVHSJ1fq5iJGt%2Fs2ROyG2r1yuKaZ4GSAmh5BaCjz8%3D%22%7D&prevSearchId=1765686709859674781&loginPromo=1
992,"Arcadia dự định sang năm sẽ xây mới lại hoàn toàn nên hiện tại cơ sở vật chất đã xuống cấp. Đó là lý do giá giảm khá mạnh. Trc đây mình từng ở và Arcadia rất tốt, khả năng sau khi xây mới vẫn sẽ tốt như vậy nhưng hiện tại cơ sở vật chất đã rất cũ.",Arcadia Phu Quoc Resort,https://www.traveloka.com/en-vn/hotel/detail?spec=13-05-2023.14-05-2023.1.1.HOTEL.1000000425916.Arcadia%20Phu%20Quoc%20Resort.1&contexts=%7B%22inventoryRateKey%22%3A%22povEwB3ZzsU2C6pd%2B6MdUw6p4Oi4t9ianyz%2Fk%2Fcwm21M0tKsNUio4Rxug1zOzHJilcvZa8YdqqIySdppe7dolTIewZlxfjiOGz6oXLTucMvN0%2BgQ3yZPvZcoHwUFNN%2BZpcr%2F%2FNa8o9ElfN8zOYhzzZeg0X586laFpeUViPi9rxAXgtn2bKwejvBBZO%2BZAFZhmhLDdV0WLeT%2FFKfQ0QL8LH02Dvlx%2F8PjYogEE5yzx6g6yOKyKeIDf7jO3GM45O1o1hmSkmz3HiZNSbS8gXb3CDW9nmlhkqLKa4lLkAkZpAG5JCAR4KEzOF9HzUvNfgOnqr5Ov2QSm2AvCfOdBe9Oy%2Fvnzag3zLIuKsio2qc%2FE%2BKC0I%2B4MpT6AtjonGvWhSFYeOjRTl6ytxGba%2F42pjcyyVc4KxuembJV6Yiv2h%2FCVOHi42A4Bx%2BAVZlB2OJQoCeizHaEIke4gLKBu993M9y78%2FmzREQ0KgV1vvYuRfaKd1eNmO0SRV1ogUSH81Kgs05B6IoMhVKT4w7TwrTxbp%2FQ2iMn1qdaM1viWqCGwU1siX1ZIegdsZIo1sjlWnbsTcjefS6Pj3RtIU6lROCEB6QAgiS1WJabPNVEO7waQAXksTDyQHUY2wqyAfRzb44KOjG0poBVHSJ1fq5iJGt%2Fs2ROyG2r1yuKaZ4GSAmh5BaCjz8%3D%22%7D&prevSearchId=1765686709859674781&loginPromo=1
993,"View khá đẹp sát bãi biển, nhiều cây cối, nhưng phòng cũ những phòng xung quanh cũng cũ nát ít đèn nên tối ở có hơi sợ, nền nhà tắm rất bẩn, các khu dịch vụ khác bị bỏ hoang.Ít nhân viên nhưng các bạn rất thân thiện.",Arcadia Phu Quoc Resort,https://www.traveloka.com/en-vn/hotel/detail?spec=13-05-2023.14-05-2023.1.1.HOTEL.1000000425916.Arcadia%20Phu%20Quoc%20Resort.1&contexts=%7B%22inventoryRateKey%22%3A%22povEwB3ZzsU2C6pd%2B6MdUw6p4Oi4t9ianyz%2Fk%2Fcwm21M0tKsNUio4Rxug1zOzHJilcvZa8YdqqIySdppe7dolTIewZlxfjiOGz6oXLTucMvN0%2BgQ3yZPvZcoHwUFNN%2BZpcr%2F%2FNa8o9ElfN8zOYhzzZeg0X586laFpeUViPi9rxAXgtn2bKwejvBBZO%2BZAFZhmhLDdV0WLeT%2FFKfQ0QL8LH02Dvlx%2F8PjYogEE5yzx6g6yOKyKeIDf7jO3GM45O1o1hmSkmz3HiZNSbS8gXb3CDW9nmlhkqLKa4lLkAkZpAG5JCAR4KEzOF9HzUvNfgOnqr5Ov2QSm2AvCfOdBe9Oy%2Fvnzag3zLIuKsio2qc%2FE%2BKC0I%2B4MpT6AtjonGvWhSFYeOjRTl6ytxGba%2F42pjcyyVc4KxuembJV6Yiv2h%2FCVOHi42A4Bx%2BAVZlB2OJQoCeizHaEIke4gLKBu993M9y78%2FmzREQ0KgV1vvYuRfaKd1eNmO0SRV1ogUSH81Kgs05B6IoMhVKT4w7TwrTxbp%2FQ2iMn1qdaM1viWqCGwU1siX1ZIegdsZIo1sjlWnbsTcjefS6Pj3RtIU6lROCEB6QAgiS1WJabPNVEO7waQAXksTDyQHUY2wqyAfRzb44KOjG0poBVHSJ1fq5iJGt%2Fs2ROyG2r1yuKaZ4GSAmh5BaCjz8%3D%22%7D&prevSearchId=1765686709859674781&loginPromo=1
994,Nhân viên mất dạy thái độ và phòng bẩn xuống cấp không như hình quảng cáo bàn ghế mục nát .,Arcadia Phu Quoc Resort,https://www.traveloka.com/en-vn/hotel/detail?spec=13-05-2023.14-05-2023.1.1.HOTEL.1000000425916.Arcadia%20Phu%20Quoc%20Resort.1&contexts=%7B%22inventoryRateKey%22%3A%22povEwB3ZzsU2C6pd%2B6MdUw6p4Oi4t9ianyz%2Fk%2Fcwm21M0tKsNUio4Rxug1zOzHJilcvZa8YdqqIySdppe7dolTIewZlxfjiOGz6oXLTucMvN0%2BgQ3yZPvZcoHwUFNN%2BZpcr%2F%2FNa8o9ElfN8zOYhzzZeg0X586laFpeUViPi9rxAXgtn2bKwejvBBZO%2BZAFZhmhLDdV0WLeT%2FFKfQ0QL8LH02Dvlx%2F8PjYogEE5yzx6g6yOKyKeIDf7jO3GM45O1o1hmSkmz3HiZNSbS8gXb3CDW9nmlhkqLKa4lLkAkZpAG5JCAR4KEzOF9HzUvNfgOnqr5Ov2QSm2AvCfOdBe9Oy%2Fvnzag3zLIuKsio2qc%2FE%2BKC0I%2B4MpT6AtjonGvWhSFYeOjRTl6ytxGba%2F42pjcyyVc4KxuembJV6Yiv2h%2FCVOHi42A4Bx%2BAVZlB2OJQoCeizHaEIke4gLKBu993M9y78%2FmzREQ0KgV1vvYuRfaKd1eNmO0SRV1ogUSH81Kgs05B6IoMhVKT4w7TwrTxbp%2FQ2iMn1qdaM1viWqCGwU1siX1ZIegdsZIo1sjlWnbsTcjefS6Pj3RtIU6lROCEB6QAgiS1WJabPNVEO7waQAXksTDyQHUY2wqyAfRzb44KOjG0poBVHSJ1fq5iJGt%2Fs2ROyG2r1yuKaZ4GSAmh5BaCjz8%3D%22%7D&prevSearchId=1765686709859674781&loginPromo=1
995,"9h sáng đang ngủ trời mưa nước trên trần nhà tràn xuống như thác đổ,ngập cả phòng ướt hành lý,chìa khoá khó mở,lúc vừa nhận phòng trên giường nhiều cát,view ngoài sân thì cũ,hành lang thì nát cả,ko quay lại lần sau",Arcadia Phu Quoc Resort,https://www.traveloka.com/en-vn/hotel/detail?spec=13-05-2023.14-05-2023.1.1.HOTEL.1000000425916.Arcadia%20Phu%20Quoc%20Resort.1&contexts=%7B%22inventoryRateKey%22%3A%22povEwB3ZzsU2C6pd%2B6MdUw6p4Oi4t9ianyz%2Fk%2Fcwm21M0tKsNUio4Rxug1zOzHJilcvZa8YdqqIySdppe7dolTIewZlxfjiOGz6oXLTucMvN0%2BgQ3yZPvZcoHwUFNN%2BZpcr%2F%2FNa8o9ElfN8zOYhzzZeg0X586laFpeUViPi9rxAXgtn2bKwejvBBZO%2BZAFZhmhLDdV0WLeT%2FFKfQ0QL8LH02Dvlx%2F8PjYogEE5yzx6g6yOKyKeIDf7jO3GM45O1o1hmSkmz3HiZNSbS8gXb3CDW9nmlhkqLKa4lLkAkZpAG5JCAR4KEzOF9HzUvNfgOnqr5Ov2QSm2AvCfOdBe9Oy%2Fvnzag3zLIuKsio2qc%2FE%2BKC0I%2B4MpT6AtjonGvWhSFYeOjRTl6ytxGba%2F42pjcyyVc4KxuembJV6Yiv2h%2FCVOHi42A4Bx%2BAVZlB2OJQoCeizHaEIke4gLKBu993M9y78%2FmzREQ0KgV1vvYuRfaKd1eNmO0SRV1ogUSH81Kgs05B6IoMhVKT4w7TwrTxbp%2FQ2iMn1qdaM1viWqCGwU1siX1ZIegdsZIo1sjlWnbsTcjefS6Pj3RtIU6lROCEB6QAgiS1WJabPNVEO7waQAXksTDyQHUY2wqyAfRzb44KOjG0poBVHSJ1fq5iJGt%2Fs2ROyG2r1yuKaZ4GSAmh5BaCjz8%3D%22%7D&prevSearchId=1765686709859674781&loginPromo=1
996,"Cơ sở xuống cấp, nhân viên phục vụ không nhiệt tình.",Arcadia Phu Quoc Resort,https://www.traveloka.com/en-vn/hotel/detail?spec=13-05-2023.14-05-2023.1.1.HOTEL.1000000425916.Arcadia%20Phu%20Quoc%20Resort.1&contexts=%7B%22inventoryRateKey%22%3A%22povEwB3ZzsU2C6pd%2B6MdUw6p4Oi4t9ianyz%2Fk%2Fcwm21M0tKsNUio4Rxug1zOzHJilcvZa8YdqqIySdppe7dolTIewZlxfjiOGz6oXLTucMvN0%2BgQ3yZPvZcoHwUFNN%2BZpcr%2F%2FNa8o9ElfN8zOYhzzZeg0X586laFpeUViPi9rxAXgtn2bKwejvBBZO%2BZAFZhmhLDdV0WLeT%2FFKfQ0QL8LH02Dvlx%2F8PjYogEE5yzx6g6yOKyKeIDf7jO3GM45O1o1hmSkmz3HiZNSbS8gXb3CDW9nmlhkqLKa4lLkAkZpAG5JCAR4KEzOF9HzUvNfgOnqr5Ov2QSm2AvCfOdBe9Oy%2Fvnzag3zLIuKsio2qc%2FE%2BKC0I%2B4MpT6AtjonGvWhSFYeOjRTl6ytxGba%2F42pjcyyVc4KxuembJV6Yiv2h%2FCVOHi42A4Bx%2BAVZlB2OJQoCeizHaEIke4gLKBu993M9y78%2FmzREQ0KgV1vvYuRfaKd1eNmO0SRV1ogUSH81Kgs05B6IoMhVKT4w7TwrTxbp%2FQ2iMn1qdaM1viWqCGwU1siX1ZIegdsZIo1sjlWnbsTcjefS6Pj3RtIU6lROCEB6QAgiS1WJabPNVEO7waQAXksTDyQHUY2wqyAfRzb44KOjG0poBVHSJ1fq5iJGt%2Fs2ROyG2r1yuKaZ4GSAmh5BaCjz8%3D%22%7D&prevSearchId=1765686709859674781&loginPromo=1
997,chất lượng phòng quá tệ. phòng không thể chấp nhận được. thua nhà nghỉ 200k. đây là trải nghiệm khiến mình mất cảm tình với phú quốc luôn,Arcadia Phu Quoc Resort,https://www.traveloka.com/en-vn/hotel/detail?spec=13-05-2023.14-05-2023.1.1.HOTEL.1000000425916.Arcadia%20Phu%20Quoc%20Resort.1&contexts=%7B%22inventoryRateKey%22%3A%22povEwB3ZzsU2C6pd%2B6MdUw6p4Oi4t9ianyz%2Fk%2Fcwm21M0tKsNUio4Rxug1zOzHJilcvZa8YdqqIySdppe7dolTIewZlxfjiOGz6oXLTucMvN0%2BgQ3yZPvZcoHwUFNN%2BZpcr%2F%2FNa8o9ElfN8zOYhzzZeg0X586laFpeUViPi9rxAXgtn2bKwejvBBZO%2BZAFZhmhLDdV0WLeT%2FFKfQ0QL8LH02Dvlx%2F8PjYogEE5yzx6g6yOKyKeIDf7jO3GM45O1o1hmSkmz3HiZNSbS8gXb3CDW9nmlhkqLKa4lLkAkZpAG5JCAR4KEzOF9HzUvNfgOnqr5Ov2QSm2AvCfOdBe9Oy%2Fvnzag3zLIuKsio2qc%2FE%2BKC0I%2B4MpT6AtjonGvWhSFYeOjRTl6ytxGba%2F42pjcyyVc4KxuembJV6Yiv2h%2FCVOHi42A4Bx%2BAVZlB2OJQoCeizHaEIke4gLKBu993M9y78%2FmzREQ0KgV1vvYuRfaKd1eNmO0SRV1ogUSH81Kgs05B6IoMhVKT4w7TwrTxbp%2FQ2iMn1qdaM1viWqCGwU1siX1ZIegdsZIo1sjlWnbsTcjefS6Pj3RtIU6lROCEB6QAgiS1WJabPNVEO7waQAXksTDyQHUY2wqyAfRzb44KOjG0poBVHSJ1fq5iJGt%2Fs2ROyG2r1yuKaZ4GSAmh5BaCjz8%3D%22%7D&prevSearchId=1765686709859674781&loginPromo=1
998,"Một nơi luu trú thoải mái và sự nhiệt tình của cô bé tiếp tân làm tan đi những hạn chế khác của nơi này. Khu vực nhà hàng hiện đang cải tạo, chưa phục vụ. Nhưng không sao, đi ra khu vực xung quanh nhiều hàng quán. Một nơi yên bình đáng để nghỉ dưỡng",Arcadia Phu Quoc Resort,https://www.traveloka.com/en-vn/hotel/detail?spec=13-05-2023.14-05-2023.1.1.HOTEL.1000000425916.Arcadia%20Phu%20Quoc%20Resort.1&contexts=%7B%22inventoryRateKey%22%3A%22povEwB3ZzsU2C6pd%2B6MdUw6p4Oi4t9ianyz%2Fk%2Fcwm21M0tKsNUio4Rxug1zOzHJilcvZa8YdqqIySdppe7dolTIewZlxfjiOGz6oXLTucMvN0%2BgQ3yZPvZcoHwUFNN%2BZpcr%2F%2FNa8o9ElfN8zOYhzzZeg0X586laFpeUViPi9rxAXgtn2bKwejvBBZO%2BZAFZhmhLDdV0WLeT%2FFKfQ0QL8LH02Dvlx%2F8PjYogEE5yzx6g6yOKyKeIDf7jO3GM45O1o1hmSkmz3HiZNSbS8gXb3CDW9nmlhkqLKa4lLkAkZpAG5JCAR4KEzOF9HzUvNfgOnqr5Ov2QSm2AvCfOdBe9Oy%2Fvnzag3zLIuKsio2qc%2FE%2BKC0I%2B4MpT6AtjonGvWhSFYeOjRTl6ytxGba%2F42pjcyyVc4KxuembJV6Yiv2h%2FCVOHi42A4Bx%2BAVZlB2OJQoCeizHaEIke4gLKBu993M9y78%2FmzREQ0KgV1vvYuRfaKd1eNmO0SRV1ogUSH81Kgs05B6IoMhVKT4w7TwrTxbp%2FQ2iMn1qdaM1viWqCGwU1siX1ZIegdsZIo1sjlWnbsTcjefS6Pj3RtIU6lROCEB6QAgiS1WJabPNVEO7waQAXksTDyQHUY2wqyAfRzb44KOjG0poBVHSJ1fq5iJGt%2Fs2ROyG2r1yuKaZ4GSAmh5BaCjz8%3D%22%7D&prevSearchId=1765686709859674781&loginPromo=1
999,Phòng cũ . Ẩm . Cách phục vụ không nhiệt tình,Arcadia Phu Quoc Resort,https://www.traveloka.com/en-vn/hotel/detail?spec=13-05-2023.14-05-2023.1.1.HOTEL.1000000425916.Arcadia%20Phu%20Quoc%20Resort.1&contexts=%7B%22inventoryRateKey%22%3A%22povEwB3ZzsU2C6pd%2B6MdUw6p4Oi4t9ianyz%2Fk%2Fcwm21M0tKsNUio4Rxug1zOzHJilcvZa8YdqqIySdppe7dolTIewZlxfjiOGz6oXLTucMvN0%2BgQ3yZPvZcoHwUFNN%2BZpcr%2F%2FNa8o9ElfN8zOYhzzZeg0X586laFpeUViPi9rxAXgtn2bKwejvBBZO%2BZAFZhmhLDdV0WLeT%2FFKfQ0QL8LH02Dvlx%2F8PjYogEE5yzx6g6yOKyKeIDf7jO3GM45O1o1hmSkmz3HiZNSbS8gXb3CDW9nmlhkqLKa4lLkAkZpAG5JCAR4KEzOF9HzUvNfgOnqr5Ov2QSm2AvCfOdBe9Oy%2Fvnzag3zLIuKsio2qc%2FE%2BKC0I%2B4MpT6AtjonGvWhSFYeOjRTl6ytxGba%2F42pjcyyVc4KxuembJV6Yiv2h%2FCVOHi42A4Bx%2BAVZlB2OJQoCeizHaEIke4gLKBu993M9y78%2FmzREQ0KgV1vvYuRfaKd1eNmO0SRV1ogUSH81Kgs05B6IoMhVKT4w7TwrTxbp%2FQ2iMn1qdaM1viWqCGwU1siX1ZIegdsZIo1sjlWnbsTcjefS6Pj3RtIU6lROCEB6QAgiS1WJabPNVEO7waQAXksTDyQHUY2wqyAfRzb44KOjG0poBVHSJ1fq5iJGt%2Fs2ROyG2r1yuKaZ4GSAmh5BaCjz8%3D%22%7D&prevSearchId=1765686709859674781&loginPromo=1
1000,Nhân viên nhiệt tình. Mong thời gian tới mở lại nhà hàng để phục vụ ăn uống. Cũng cần sửa sang lại phòng ốc vì nhiều chỗ có mối làm tổ,Arcadia Phu Quoc Resort,https://www.traveloka.com/en-vn/hotel/detail?spec=13-05-2023.14-05-2023.1.1.HOTEL.1000000425916.Arcadia%20Phu%20Quoc%20Resort.1&contexts=%7B%22inventoryRateKey%22%3A%22povEwB3ZzsU2C6pd%2B6MdUw6p4Oi4t9ianyz%2Fk%2Fcwm21M0tKsNUio4Rxug1zOzHJilcvZa8YdqqIySdppe7dolTIewZlxfjiOGz6oXLTucMvN0%2BgQ3yZPvZcoHwUFNN%2BZpcr%2F%2FNa8o9ElfN8zOYhzzZeg0X586laFpeUViPi9rxAXgtn2bKwejvBBZO%2BZAFZhmhLDdV0WLeT%2FFKfQ0QL8LH02Dvlx%2F8PjYogEE5yzx6g6yOKyKeIDf7jO3GM45O1o1hmSkmz3HiZNSbS8gXb3CDW9nmlhkqLKa4lLkAkZpAG5JCAR4KEzOF9HzUvNfgOnqr5Ov2QSm2AvCfOdBe9Oy%2Fvnzag3zLIuKsio2qc%2FE%2BKC0I%2B4MpT6AtjonGvWhSFYeOjRTl6ytxGba%2F42pjcyyVc4KxuembJV6Yiv2h%2FCVOHi42A4Bx%2BAVZlB2OJQoCeizHaEIke4gLKBu993M9y78%2FmzREQ0KgV1vvYuRfaKd1eNmO0SRV1ogUSH81Kgs05B6IoMhVKT4w7TwrTxbp%2FQ2iMn1qdaM1viWqCGwU1siX1ZIegdsZIo1sjlWnbsTcjefS6Pj3RtIU6lROCEB6QAgiS1WJabPNVEO7waQAXksTDyQHUY2wqyAfRzb44KOjG0poBVHSJ1fq5iJGt%2Fs2ROyG2r1yuKaZ4GSAmh5BaCjz8%3D%22%7D&prevSearchId=1765686709859674781&loginPromo=1
1001,Chiều khách số 1 Tuyệt vời.,Arcadia Phu Quoc Resort,https://www.traveloka.com/en-vn/hotel/detail?spec=13-05-2023.14-05-2023.1.1.HOTEL.1000000425916.Arcadia%20Phu%20Quoc%20Resort.1&contexts=%7B%22inventoryRateKey%22%3A%22povEwB3ZzsU2C6pd%2B6MdUw6p4Oi4t9ianyz%2Fk%2Fcwm21M0tKsNUio4Rxug1zOzHJilcvZa8YdqqIySdppe7dolTIewZlxfjiOGz6oXLTucMvN0%2BgQ3yZPvZcoHwUFNN%2BZpcr%2F%2FNa8o9ElfN8zOYhzzZeg0X586laFpeUViPi9rxAXgtn2bKwejvBBZO%2BZAFZhmhLDdV0WLeT%2FFKfQ0QL8LH02Dvlx%2F8PjYogEE5yzx6g6yOKyKeIDf7jO3GM45O1o1hmSkmz3HiZNSbS8gXb3CDW9nmlhkqLKa4lLkAkZpAG5JCAR4KEzOF9HzUvNfgOnqr5Ov2QSm2AvCfOdBe9Oy%2Fvnzag3zLIuKsio2qc%2FE%2BKC0I%2B4MpT6AtjonGvWhSFYeOjRTl6ytxGba%2F42pjcyyVc4KxuembJV6Yiv2h%2FCVOHi42A4Bx%2BAVZlB2OJQoCeizHaEIke4gLKBu993M9y78%2FmzREQ0KgV1vvYuRfaKd1eNmO0SRV1ogUSH81Kgs05B6IoMhVKT4w7TwrTxbp%2FQ2iMn1qdaM1viWqCGwU1siX1ZIegdsZIo1sjlWnbsTcjefS6Pj3RtIU6lROCEB6QAgiS1WJabPNVEO7waQAXksTDyQHUY2wqyAfRzb44KOjG0poBVHSJ1fq5iJGt%2Fs2ROyG2r1yuKaZ4GSAmh5BaCjz8%3D%22%7D&prevSearchId=1765686709859674781&loginPromo=1
1002,"Đã quay lại lần thứ 3. Nhân viên thân thiện, giá cả hợp lý, bãi biển đẹp.",Arcadia Phu Quoc Resort,https://www.traveloka.com/en-vn/hotel/detail?spec=13-05-2023.14-05-2023.1.1.HOTEL.1000000425916.Arcadia%20Phu%20Quoc%20Resort.1&contexts=%7B%22inventoryRateKey%22%3A%22povEwB3ZzsU2C6pd%2B6MdUw6p4Oi4t9ianyz%2Fk%2Fcwm21M0tKsNUio4Rxug1zOzHJilcvZa8YdqqIySdppe7dolTIewZlxfjiOGz6oXLTucMvN0%2BgQ3yZPvZcoHwUFNN%2BZpcr%2F%2FNa8o9ElfN8zOYhzzZeg0X586laFpeUViPi9rxAXgtn2bKwejvBBZO%2BZAFZhmhLDdV0WLeT%2FFKfQ0QL8LH02Dvlx%2F8PjYogEE5yzx6g6yOKyKeIDf7jO3GM45O1o1hmSkmz3HiZNSbS8gXb3CDW9nmlhkqLKa4lLkAkZpAG5JCAR4KEzOF9HzUvNfgOnqr5Ov2QSm2AvCfOdBe9Oy%2Fvnzag3zLIuKsio2qc%2FE%2BKC0I%2B4MpT6AtjonGvWhSFYeOjRTl6ytxGba%2F42pjcyyVc4KxuembJV6Yiv2h%2FCVOHi42A4Bx%2BAVZlB2OJQoCeizHaEIke4gLKBu993M9y78%2FmzREQ0KgV1vvYuRfaKd1eNmO0SRV1ogUSH81Kgs05B6IoMhVKT4w7TwrTxbp%2FQ2iMn1qdaM1viWqCGwU1siX1ZIegdsZIo1sjlWnbsTcjefS6Pj3RtIU6lROCEB6QAgiS1WJabPNVEO7waQAXksTDyQHUY2wqyAfRzb44KOjG0poBVHSJ1fq5iJGt%2Fs2ROyG2r1yuKaZ4GSAmh5BaCjz8%3D%22%7D&prevSearchId=1765686709859674781&loginPromo=1
1003,"Nhân viên tuy thân thiện nhưng resort khá xuống cấp, nhà hàng ngưng phục vụ nên rất bất tiện. Không có hồ bơi.",Arcadia Phu Quoc Resort,https://www.traveloka.com/en-vn/hotel/detail?spec=13-05-2023.14-05-2023.1.1.HOTEL.1000000425916.Arcadia%20Phu%20Quoc%20Resort.1&contexts=%7B%22inventoryRateKey%22%3A%22povEwB3ZzsU2C6pd%2B6MdUw6p4Oi4t9ianyz%2Fk%2Fcwm21M0tKsNUio4Rxug1zOzHJilcvZa8YdqqIySdppe7dolTIewZlxfjiOGz6oXLTucMvN0%2BgQ3yZPvZcoHwUFNN%2BZpcr%2F%2FNa8o9ElfN8zOYhzzZeg0X586laFpeUViPi9rxAXgtn2bKwejvBBZO%2BZAFZhmhLDdV0WLeT%2FFKfQ0QL8LH02Dvlx%2F8PjYogEE5yzx6g6yOKyKeIDf7jO3GM45O1o1hmSkmz3HiZNSbS8gXb3CDW9nmlhkqLKa4lLkAkZpAG5JCAR4KEzOF9HzUvNfgOnqr5Ov2QSm2AvCfOdBe9Oy%2Fvnzag3zLIuKsio2qc%2FE%2BKC0I%2B4MpT6AtjonGvWhSFYeOjRTl6ytxGba%2F42pjcyyVc4KxuembJV6Yiv2h%2FCVOHi42A4Bx%2BAVZlB2OJQoCeizHaEIke4gLKBu993M9y78%2FmzREQ0KgV1vvYuRfaKd1eNmO0SRV1ogUSH81Kgs05B6IoMhVKT4w7TwrTxbp%2FQ2iMn1qdaM1viWqCGwU1siX1ZIegdsZIo1sjlWnbsTcjefS6Pj3RtIU6lROCEB6QAgiS1WJabPNVEO7waQAXksTDyQHUY2wqyAfRzb44KOjG0poBVHSJ1fq5iJGt%2Fs2ROyG2r1yuKaZ4GSAmh5BaCjz8%3D%22%7D&prevSearchId=1765686709859674781&loginPromo=1
1004,Một chuyến đi trên cả tuyệt vời.,Arcadia Phu Quoc Resort,https://www.traveloka.com/en-vn/hotel/detail?spec=13-05-2023.14-05-2023.1.1.HOTEL.1000000425916.Arcadia%20Phu%20Quoc%20Resort.1&contexts=%7B%22inventoryRateKey%22%3A%22povEwB3ZzsU2C6pd%2B6MdUw6p4Oi4t9ianyz%2Fk%2Fcwm21M0tKsNUio4Rxug1zOzHJilcvZa8YdqqIySdppe7dolTIewZlxfjiOGz6oXLTucMvN0%2BgQ3yZPvZcoHwUFNN%2BZpcr%2F%2FNa8o9ElfN8zOYhzzZeg0X586laFpeUViPi9rxAXgtn2bKwejvBBZO%2BZAFZhmhLDdV0WLeT%2FFKfQ0QL8LH02Dvlx%2F8PjYogEE5yzx6g6yOKyKeIDf7jO3GM45O1o1hmSkmz3HiZNSbS8gXb3CDW9nmlhkqLKa4lLkAkZpAG5JCAR4KEzOF9HzUvNfgOnqr5Ov2QSm2AvCfOdBe9Oy%2Fvnzag3zLIuKsio2qc%2FE%2BKC0I%2B4MpT6AtjonGvWhSFYeOjRTl6ytxGba%2F42pjcyyVc4KxuembJV6Yiv2h%2FCVOHi42A4Bx%2BAVZlB2OJQoCeizHaEIke4gLKBu993M9y78%2FmzREQ0KgV1vvYuRfaKd1eNmO0SRV1ogUSH81Kgs05B6IoMhVKT4w7TwrTxbp%2FQ2iMn1qdaM1viWqCGwU1siX1ZIegdsZIo1sjlWnbsTcjefS6Pj3RtIU6lROCEB6QAgiS1WJabPNVEO7waQAXksTDyQHUY2wqyAfRzb44KOjG0poBVHSJ1fq5iJGt%2Fs2ROyG2r1yuKaZ4GSAmh5BaCjz8%3D%22%7D&prevSearchId=1765686709859674781&loginPromo=1
1005,"resort nằm tít sâu trong ngõ, taxi mãi mới tìm được. lúc nhận phòng mới choáng vì mức độ bẩn và cũ của phòng. điều hòa 2 phòng bị hỏng, phải yêu cầu đổi 1 phòng và upgrade lên phòng bungalow garden view thì mới ở tạm được. nhân viên trực tối thì thái độ bất lịch sự, chợ búa, gặp khách không 1 câu chào hỏi. vì nhà tắm trơn, suýt bị ngã nên mình có ra complaint với nhân viên thì nhân viên trả lời cụt lủn"" lỗi tại chị không cẩn thận"". toilet thì giật 2, 3 lần mới trôi được. ăn sáng thì có gọi món bún chả cá. nhưng ăn rất tệ, nuốt không nổi luôn. cái này khô thể gọi là resort 3 sao được, xứng đáng là nhà nghỉ 1 sao. không bao giờ quay trở lại và các bạn cũng không nên book phòng ở đây.",Arcadia Phu Quoc Resort,https://www.traveloka.com/en-vn/hotel/detail?spec=13-05-2023.14-05-2023.1.1.HOTEL.1000000425916.Arcadia%20Phu%20Quoc%20Resort.1&contexts=%7B%22inventoryRateKey%22%3A%22povEwB3ZzsU2C6pd%2B6MdUw6p4Oi4t9ianyz%2Fk%2Fcwm21M0tKsNUio4Rxug1zOzHJilcvZa8YdqqIySdppe7dolTIewZlxfjiOGz6oXLTucMvN0%2BgQ3yZPvZcoHwUFNN%2BZpcr%2F%2FNa8o9ElfN8zOYhzzZeg0X586laFpeUViPi9rxAXgtn2bKwejvBBZO%2BZAFZhmhLDdV0WLeT%2FFKfQ0QL8LH02Dvlx%2F8PjYogEE5yzx6g6yOKyKeIDf7jO3GM45O1o1hmSkmz3HiZNSbS8gXb3CDW9nmlhkqLKa4lLkAkZpAG5JCAR4KEzOF9HzUvNfgOnqr5Ov2QSm2AvCfOdBe9Oy%2Fvnzag3zLIuKsio2qc%2FE%2BKC0I%2B4MpT6AtjonGvWhSFYeOjRTl6ytxGba%2F42pjcyyVc4KxuembJV6Yiv2h%2FCVOHi42A4Bx%2BAVZlB2OJQoCeizHaEIke4gLKBu993M9y78%2FmzREQ0KgV1vvYuRfaKd1eNmO0SRV1ogUSH81Kgs05B6IoMhVKT4w7TwrTxbp%2FQ2iMn1qdaM1viWqCGwU1siX1ZIegdsZIo1sjlWnbsTcjefS6Pj3RtIU6lROCEB6QAgiS1WJabPNVEO7waQAXksTDyQHUY2wqyAfRzb44KOjG0poBVHSJ1fq5iJGt%2Fs2ROyG2r1yuKaZ4GSAmh5BaCjz8%3D%22%7D&prevSearchId=1765686709859674781&loginPromo=1
1006,"Thứ 1 - phòng xuống cấp, gra giường bị dơ yêu cầu thay thì cũng bị thế này, quạt thì dơ và bụi kinh khủng 👇 Thứ 2- nhân viên lễ tân (ngày 8/11/20) cực kì hóng hách và gương mặt khó chịu như vô xin ở nhờ, gương mặt đại diện khách sạn mà như thế thì ế là chuẩn. Thứ 3 - giá khách sạn 3 sao nhưng chỉ 2 sao mà tiền phòng như giá khách sạn 4 sao. Mình đặt trên app giá 485k đến đó lễ tân yêu cầu mình phải đóng thêm 350k mới vào ở được vì bán nhầm giá (phần này thì app đã chịu vì do sơ suất, nhưng bé 6 tuổi mà phụ thu 150k thì quá đắt so với tiêu chuẩn khách sạn, mình ở khách sạn 4 sao phụ thu bé 6 tuổi chỉ 70k luôn ăn sáng. Tổng 2 vợ chồng và bé 6 tuổi khoảng 985 không thì never chấp nhận với tiêu chuẩn tệ như vậy đã vậy ăn sáng chỉ được 1 tô hủ tiếu và 1 li cà phê hoặc bánh mì ốp la chứ không phải buffet như những khách sạn khác (có lẻ vì ế) Thứ 4 - phòng không đúng như hình, nhỏ hơn hình mình đặt trên app - cách đây 4 năm mình đã từng ở view đẹp và phòng rộng, sạch sẻ nên quay lại nhưng lần này hoàn toàn thất vọng và sẽ không bao giờ quay trở lại ngay cả free cũng sẽ không vì phòng ẩm móc và tệ.",Arcadia Phu Quoc Resort,https://www.traveloka.com/en-vn/hotel/detail?spec=13-05-2023.14-05-2023.1.1.HOTEL.1000000425916.Arcadia%20Phu%20Quoc%20Resort.1&contexts=%7B%22inventoryRateKey%22%3A%22povEwB3ZzsU2C6pd%2B6MdUw6p4Oi4t9ianyz%2Fk%2Fcwm21M0tKsNUio4Rxug1zOzHJilcvZa8YdqqIySdppe7dolTIewZlxfjiOGz6oXLTucMvN0%2BgQ3yZPvZcoHwUFNN%2BZpcr%2F%2FNa8o9ElfN8zOYhzzZeg0X586laFpeUViPi9rxAXgtn2bKwejvBBZO%2BZAFZhmhLDdV0WLeT%2FFKfQ0QL8LH02Dvlx%2F8PjYogEE5yzx6g6yOKyKeIDf7jO3GM45O1o1hmSkmz3HiZNSbS8gXb3CDW9nmlhkqLKa4lLkAkZpAG5JCAR4KEzOF9HzUvNfgOnqr5Ov2QSm2AvCfOdBe9Oy%2Fvnzag3zLIuKsio2qc%2FE%2BKC0I%2B4MpT6AtjonGvWhSFYeOjRTl6ytxGba%2F42pjcyyVc4KxuembJV6Yiv2h%2FCVOHi42A4Bx%2BAVZlB2OJQoCeizHaEIke4gLKBu993M9y78%2FmzREQ0KgV1vvYuRfaKd1eNmO0SRV1ogUSH81Kgs05B6IoMhVKT4w7TwrTxbp%2FQ2iMn1qdaM1viWqCGwU1siX1ZIegdsZIo1sjlWnbsTcjefS6Pj3RtIU6lROCEB6QAgiS1WJabPNVEO7waQAXksTDyQHUY2wqyAfRzb44KOjG0poBVHSJ1fq5iJGt%2Fs2ROyG2r1yuKaZ4GSAmh5BaCjz8%3D%22%7D&prevSearchId=1765686709859674781&loginPromo=1
1007,"Do ngày mưa nên phòng hơi ẩm thấp, và cũng không hoạt động phía sau bãi biển như hình mà đáng lẽ ra phải mail trước cho khách hàng. Wifi thì không xài được. Chỉ được cái tiếp tân nhiệt tình. Nói chung là kì nghỉ khá tệ so với hình ảnh mong đợi ở khách sạn này.",Arcadia Phu Quoc Resort,https://www.traveloka.com/en-vn/hotel/detail?spec=13-05-2023.14-05-2023.1.1.HOTEL.1000000425916.Arcadia%20Phu%20Quoc%20Resort.1&contexts=%7B%22inventoryRateKey%22%3A%22povEwB3ZzsU2C6pd%2B6MdUw6p4Oi4t9ianyz%2Fk%2Fcwm21M0tKsNUio4Rxug1zOzHJilcvZa8YdqqIySdppe7dolTIewZlxfjiOGz6oXLTucMvN0%2BgQ3yZPvZcoHwUFNN%2BZpcr%2F%2FNa8o9ElfN8zOYhzzZeg0X586laFpeUViPi9rxAXgtn2bKwejvBBZO%2BZAFZhmhLDdV0WLeT%2FFKfQ0QL8LH02Dvlx%2F8PjYogEE5yzx6g6yOKyKeIDf7jO3GM45O1o1hmSkmz3HiZNSbS8gXb3CDW9nmlhkqLKa4lLkAkZpAG5JCAR4KEzOF9HzUvNfgOnqr5Ov2QSm2AvCfOdBe9Oy%2Fvnzag3zLIuKsio2qc%2FE%2BKC0I%2B4MpT6AtjonGvWhSFYeOjRTl6ytxGba%2F42pjcyyVc4KxuembJV6Yiv2h%2FCVOHi42A4Bx%2BAVZlB2OJQoCeizHaEIke4gLKBu993M9y78%2FmzREQ0KgV1vvYuRfaKd1eNmO0SRV1ogUSH81Kgs05B6IoMhVKT4w7TwrTxbp%2FQ2iMn1qdaM1viWqCGwU1siX1ZIegdsZIo1sjlWnbsTcjefS6Pj3RtIU6lROCEB6QAgiS1WJabPNVEO7waQAXksTDyQHUY2wqyAfRzb44KOjG0poBVHSJ1fq5iJGt%2Fs2ROyG2r1yuKaZ4GSAmh5BaCjz8%3D%22%7D&prevSearchId=1765686709859674781&loginPromo=1
1008,"Tôi thuê 3 phòng: 2 phòng trên lầu và 1 phòng phía dưới: Điểm cộng: Phòng vị trí đẹp, gần biển, gần gũi thiên nhiên, tạo cảm giác dễ chịu, thư giãn. Phòng trên thiết kế nhiều kệ hơn phòng dưới. Buổi tối có đèn lung linh, lãng mạn. Điểm trừ: phòng trên lầu ban công dơ, không được quét dọn; cửa kính dơ, mờ, nhìn ra ngoài mất thẩm mỹ. Các tủ lạnh đều bị đóng tuyết, không trữ được đồ đông lạnh. Bãi biển không có đèn như các resort khác, nên ngại đi dạo biển vào ban đêm.",Arcadia Phu Quoc Resort,https://www.traveloka.com/en-vn/hotel/detail?spec=13-05-2023.14-05-2023.1.1.HOTEL.1000000425916.Arcadia%20Phu%20Quoc%20Resort.1&contexts=%7B%22inventoryRateKey%22%3A%22povEwB3ZzsU2C6pd%2B6MdUw6p4Oi4t9ianyz%2Fk%2Fcwm21M0tKsNUio4Rxug1zOzHJilcvZa8YdqqIySdppe7dolTIewZlxfjiOGz6oXLTucMvN0%2BgQ3yZPvZcoHwUFNN%2BZpcr%2F%2FNa8o9ElfN8zOYhzzZeg0X586laFpeUViPi9rxAXgtn2bKwejvBBZO%2BZAFZhmhLDdV0WLeT%2FFKfQ0QL8LH02Dvlx%2F8PjYogEE5yzx6g6yOKyKeIDf7jO3GM45O1o1hmSkmz3HiZNSbS8gXb3CDW9nmlhkqLKa4lLkAkZpAG5JCAR4KEzOF9HzUvNfgOnqr5Ov2QSm2AvCfOdBe9Oy%2Fvnzag3zLIuKsio2qc%2FE%2BKC0I%2B4MpT6AtjonGvWhSFYeOjRTl6ytxGba%2F42pjcyyVc4KxuembJV6Yiv2h%2FCVOHi42A4Bx%2BAVZlB2OJQoCeizHaEIke4gLKBu993M9y78%2FmzREQ0KgV1vvYuRfaKd1eNmO0SRV1ogUSH81Kgs05B6IoMhVKT4w7TwrTxbp%2FQ2iMn1qdaM1viWqCGwU1siX1ZIegdsZIo1sjlWnbsTcjefS6Pj3RtIU6lROCEB6QAgiS1WJabPNVEO7waQAXksTDyQHUY2wqyAfRzb44KOjG0poBVHSJ1fq5iJGt%2Fs2ROyG2r1yuKaZ4GSAmh5BaCjz8%3D%22%7D&prevSearchId=1765686709859674781&loginPromo=1
1009,"Bất tiện .. không có xe điện chở lên trung tâm, bải biển vắng .. đã vậy resort không bán nước uống .. phòng nước nóng yếu, đèn tối",Arcadia Phu Quoc Resort,https://www.traveloka.com/en-vn/hotel/detail?spec=13-05-2023.14-05-2023.1.1.HOTEL.1000000425916.Arcadia%20Phu%20Quoc%20Resort.1&contexts=%7B%22inventoryRateKey%22%3A%22povEwB3ZzsU2C6pd%2B6MdUw6p4Oi4t9ianyz%2Fk%2Fcwm21M0tKsNUio4Rxug1zOzHJilcvZa8YdqqIySdppe7dolTIewZlxfjiOGz6oXLTucMvN0%2BgQ3yZPvZcoHwUFNN%2BZpcr%2F%2FNa8o9ElfN8zOYhzzZeg0X586laFpeUViPi9rxAXgtn2bKwejvBBZO%2BZAFZhmhLDdV0WLeT%2FFKfQ0QL8LH02Dvlx%2F8PjYogEE5yzx6g6yOKyKeIDf7jO3GM45O1o1hmSkmz3HiZNSbS8gXb3CDW9nmlhkqLKa4lLkAkZpAG5JCAR4KEzOF9HzUvNfgOnqr5Ov2QSm2AvCfOdBe9Oy%2Fvnzag3zLIuKsio2qc%2FE%2BKC0I%2B4MpT6AtjonGvWhSFYeOjRTl6ytxGba%2F42pjcyyVc4KxuembJV6Yiv2h%2FCVOHi42A4Bx%2BAVZlB2OJQoCeizHaEIke4gLKBu993M9y78%2FmzREQ0KgV1vvYuRfaKd1eNmO0SRV1ogUSH81Kgs05B6IoMhVKT4w7TwrTxbp%2FQ2iMn1qdaM1viWqCGwU1siX1ZIegdsZIo1sjlWnbsTcjefS6Pj3RtIU6lROCEB6QAgiS1WJabPNVEO7waQAXksTDyQHUY2wqyAfRzb44KOjG0poBVHSJ1fq5iJGt%2Fs2ROyG2r1yuKaZ4GSAmh5BaCjz8%3D%22%7D&prevSearchId=1765686709859674781&loginPromo=1
1010,khách sản cũng được nhưng nếu thuê thì lên thuê khu gần biển bên kia vì bãi hơi bẩn,Arcadia Phu Quoc Resort,https://www.traveloka.com/en-vn/hotel/detail?spec=13-05-2023.14-05-2023.1.1.HOTEL.1000000425916.Arcadia%20Phu%20Quoc%20Resort.1&contexts=%7B%22inventoryRateKey%22%3A%22povEwB3ZzsU2C6pd%2B6MdUw6p4Oi4t9ianyz%2Fk%2Fcwm21M0tKsNUio4Rxug1zOzHJilcvZa8YdqqIySdppe7dolTIewZlxfjiOGz6oXLTucMvN0%2BgQ3yZPvZcoHwUFNN%2BZpcr%2F%2FNa8o9ElfN8zOYhzzZeg0X586laFpeUViPi9rxAXgtn2bKwejvBBZO%2BZAFZhmhLDdV0WLeT%2FFKfQ0QL8LH02Dvlx%2F8PjYogEE5yzx6g6yOKyKeIDf7jO3GM45O1o1hmSkmz3HiZNSbS8gXb3CDW9nmlhkqLKa4lLkAkZpAG5JCAR4KEzOF9HzUvNfgOnqr5Ov2QSm2AvCfOdBe9Oy%2Fvnzag3zLIuKsio2qc%2FE%2BKC0I%2B4MpT6AtjonGvWhSFYeOjRTl6ytxGba%2F42pjcyyVc4KxuembJV6Yiv2h%2FCVOHi42A4Bx%2BAVZlB2OJQoCeizHaEIke4gLKBu993M9y78%2FmzREQ0KgV1vvYuRfaKd1eNmO0SRV1ogUSH81Kgs05B6IoMhVKT4w7TwrTxbp%2FQ2iMn1qdaM1viWqCGwU1siX1ZIegdsZIo1sjlWnbsTcjefS6Pj3RtIU6lROCEB6QAgiS1WJabPNVEO7waQAXksTDyQHUY2wqyAfRzb44KOjG0poBVHSJ1fq5iJGt%2Fs2ROyG2r1yuKaZ4GSAmh5BaCjz8%3D%22%7D&prevSearchId=1765686709859674781&loginPromo=1
1011,"Phòng nhiều muỗi, nhân viên không nhiệt tình. Đèn hỏng báo lễ tân nhưng không ai lên sửa. Mọi người đi Phú Quốc nên book phòng trên đường lớn chứ chỗ này trong hẻm khá sâu, buổi tối đi đường không có đèn đi rất sợ luôn ý",Arcadia Phu Quoc Resort,https://www.traveloka.com/en-vn/hotel/detail?spec=13-05-2023.14-05-2023.1.1.HOTEL.1000000425916.Arcadia%20Phu%20Quoc%20Resort.1&contexts=%7B%22inventoryRateKey%22%3A%22povEwB3ZzsU2C6pd%2B6MdUw6p4Oi4t9ianyz%2Fk%2Fcwm21M0tKsNUio4Rxug1zOzHJilcvZa8YdqqIySdppe7dolTIewZlxfjiOGz6oXLTucMvN0%2BgQ3yZPvZcoHwUFNN%2BZpcr%2F%2FNa8o9ElfN8zOYhzzZeg0X586laFpeUViPi9rxAXgtn2bKwejvBBZO%2BZAFZhmhLDdV0WLeT%2FFKfQ0QL8LH02Dvlx%2F8PjYogEE5yzx6g6yOKyKeIDf7jO3GM45O1o1hmSkmz3HiZNSbS8gXb3CDW9nmlhkqLKa4lLkAkZpAG5JCAR4KEzOF9HzUvNfgOnqr5Ov2QSm2AvCfOdBe9Oy%2Fvnzag3zLIuKsio2qc%2FE%2BKC0I%2B4MpT6AtjonGvWhSFYeOjRTl6ytxGba%2F42pjcyyVc4KxuembJV6Yiv2h%2FCVOHi42A4Bx%2BAVZlB2OJQoCeizHaEIke4gLKBu993M9y78%2FmzREQ0KgV1vvYuRfaKd1eNmO0SRV1ogUSH81Kgs05B6IoMhVKT4w7TwrTxbp%2FQ2iMn1qdaM1viWqCGwU1siX1ZIegdsZIo1sjlWnbsTcjefS6Pj3RtIU6lROCEB6QAgiS1WJabPNVEO7waQAXksTDyQHUY2wqyAfRzb44KOjG0poBVHSJ1fq5iJGt%2Fs2ROyG2r1yuKaZ4GSAmh5BaCjz8%3D%22%7D&prevSearchId=1765686709859674781&loginPromo=1
1012,Khách sạn để cho khách nước ngoài đi lại tự do không đeo khẩu trang trong thời gian dịch bệnh. Rất không hài lòng.,Arcadia Phu Quoc Resort,https://www.traveloka.com/en-vn/hotel/detail?spec=13-05-2023.14-05-2023.1.1.HOTEL.1000000425916.Arcadia%20Phu%20Quoc%20Resort.1&contexts=%7B%22inventoryRateKey%22%3A%22povEwB3ZzsU2C6pd%2B6MdUw6p4Oi4t9ianyz%2Fk%2Fcwm21M0tKsNUio4Rxug1zOzHJilcvZa8YdqqIySdppe7dolTIewZlxfjiOGz6oXLTucMvN0%2BgQ3yZPvZcoHwUFNN%2BZpcr%2F%2FNa8o9ElfN8zOYhzzZeg0X586laFpeUViPi9rxAXgtn2bKwejvBBZO%2BZAFZhmhLDdV0WLeT%2FFKfQ0QL8LH02Dvlx%2F8PjYogEE5yzx6g6yOKyKeIDf7jO3GM45O1o1hmSkmz3HiZNSbS8gXb3CDW9nmlhkqLKa4lLkAkZpAG5JCAR4KEzOF9HzUvNfgOnqr5Ov2QSm2AvCfOdBe9Oy%2Fvnzag3zLIuKsio2qc%2FE%2BKC0I%2B4MpT6AtjonGvWhSFYeOjRTl6ytxGba%2F42pjcyyVc4KxuembJV6Yiv2h%2FCVOHi42A4Bx%2BAVZlB2OJQoCeizHaEIke4gLKBu993M9y78%2FmzREQ0KgV1vvYuRfaKd1eNmO0SRV1ogUSH81Kgs05B6IoMhVKT4w7TwrTxbp%2FQ2iMn1qdaM1viWqCGwU1siX1ZIegdsZIo1sjlWnbsTcjefS6Pj3RtIU6lROCEB6QAgiS1WJabPNVEO7waQAXksTDyQHUY2wqyAfRzb44KOjG0poBVHSJ1fq5iJGt%2Fs2ROyG2r1yuKaZ4GSAmh5BaCjz8%3D%22%7D&prevSearchId=1765686709859674781&loginPromo=1
1013,"Resort sát biển tiện tắm táp, nhân viên nhiệt tình. Điểm trừ là lối vào hơi ngoắt ngoéo và có muỗi nữa",Arcadia Phu Quoc Resort,https://www.traveloka.com/en-vn/hotel/detail?spec=13-05-2023.14-05-2023.1.1.HOTEL.1000000425916.Arcadia%20Phu%20Quoc%20Resort.1&contexts=%7B%22inventoryRateKey%22%3A%22povEwB3ZzsU2C6pd%2B6MdUw6p4Oi4t9ianyz%2Fk%2Fcwm21M0tKsNUio4Rxug1zOzHJilcvZa8YdqqIySdppe7dolTIewZlxfjiOGz6oXLTucMvN0%2BgQ3yZPvZcoHwUFNN%2BZpcr%2F%2FNa8o9ElfN8zOYhzzZeg0X586laFpeUViPi9rxAXgtn2bKwejvBBZO%2BZAFZhmhLDdV0WLeT%2FFKfQ0QL8LH02Dvlx%2F8PjYogEE5yzx6g6yOKyKeIDf7jO3GM45O1o1hmSkmz3HiZNSbS8gXb3CDW9nmlhkqLKa4lLkAkZpAG5JCAR4KEzOF9HzUvNfgOnqr5Ov2QSm2AvCfOdBe9Oy%2Fvnzag3zLIuKsio2qc%2FE%2BKC0I%2B4MpT6AtjonGvWhSFYeOjRTl6ytxGba%2F42pjcyyVc4KxuembJV6Yiv2h%2FCVOHi42A4Bx%2BAVZlB2OJQoCeizHaEIke4gLKBu993M9y78%2FmzREQ0KgV1vvYuRfaKd1eNmO0SRV1ogUSH81Kgs05B6IoMhVKT4w7TwrTxbp%2FQ2iMn1qdaM1viWqCGwU1siX1ZIegdsZIo1sjlWnbsTcjefS6Pj3RtIU6lROCEB6QAgiS1WJabPNVEO7waQAXksTDyQHUY2wqyAfRzb44KOjG0poBVHSJ1fq5iJGt%2Fs2ROyG2r1yuKaZ4GSAmh5BaCjz8%3D%22%7D&prevSearchId=1765686709859674781&loginPromo=1
1014,"Nhân viên thân thiệt, nhiệt tình, có bãi biển riêng, ăn sáng ít mòn, Resort không có hồ bơi, Muỗi nhiều, phòng ok",Arcadia Phu Quoc Resort,https://www.traveloka.com/en-vn/hotel/detail?spec=13-05-2023.14-05-2023.1.1.HOTEL.1000000425916.Arcadia%20Phu%20Quoc%20Resort.1&contexts=%7B%22inventoryRateKey%22%3A%22povEwB3ZzsU2C6pd%2B6MdUw6p4Oi4t9ianyz%2Fk%2Fcwm21M0tKsNUio4Rxug1zOzHJilcvZa8YdqqIySdppe7dolTIewZlxfjiOGz6oXLTucMvN0%2BgQ3yZPvZcoHwUFNN%2BZpcr%2F%2FNa8o9ElfN8zOYhzzZeg0X586laFpeUViPi9rxAXgtn2bKwejvBBZO%2BZAFZhmhLDdV0WLeT%2FFKfQ0QL8LH02Dvlx%2F8PjYogEE5yzx6g6yOKyKeIDf7jO3GM45O1o1hmSkmz3HiZNSbS8gXb3CDW9nmlhkqLKa4lLkAkZpAG5JCAR4KEzOF9HzUvNfgOnqr5Ov2QSm2AvCfOdBe9Oy%2Fvnzag3zLIuKsio2qc%2FE%2BKC0I%2B4MpT6AtjonGvWhSFYeOjRTl6ytxGba%2F42pjcyyVc4KxuembJV6Yiv2h%2FCVOHi42A4Bx%2BAVZlB2OJQoCeizHaEIke4gLKBu993M9y78%2FmzREQ0KgV1vvYuRfaKd1eNmO0SRV1ogUSH81Kgs05B6IoMhVKT4w7TwrTxbp%2FQ2iMn1qdaM1viWqCGwU1siX1ZIegdsZIo1sjlWnbsTcjefS6Pj3RtIU6lROCEB6QAgiS1WJabPNVEO7waQAXksTDyQHUY2wqyAfRzb44KOjG0poBVHSJ1fq5iJGt%2Fs2ROyG2r1yuKaZ4GSAmh5BaCjz8%3D%22%7D&prevSearchId=1765686709859674781&loginPromo=1
1015,,Arcadia Phu Quoc Resort,https://www.traveloka.com/en-vn/hotel/detail?spec=13-05-2023.14-05-2023.1.1.HOTEL.1000000425916.Arcadia%20Phu%20Quoc%20Resort.1&contexts=%7B%22inventoryRateKey%22%3A%22povEwB3ZzsU2C6pd%2B6MdUw6p4Oi4t9ianyz%2Fk%2Fcwm21M0tKsNUio4Rxug1zOzHJilcvZa8YdqqIySdppe7dolTIewZlxfjiOGz6oXLTucMvN0%2BgQ3yZPvZcoHwUFNN%2BZpcr%2F%2FNa8o9ElfN8zOYhzzZeg0X586laFpeUViPi9rxAXgtn2bKwejvBBZO%2BZAFZhmhLDdV0WLeT%2FFKfQ0QL8LH02Dvlx%2F8PjYogEE5yzx6g6yOKyKeIDf7jO3GM45O1o1hmSkmz3HiZNSbS8gXb3CDW9nmlhkqLKa4lLkAkZpAG5JCAR4KEzOF9HzUvNfgOnqr5Ov2QSm2AvCfOdBe9Oy%2Fvnzag3zLIuKsio2qc%2FE%2BKC0I%2B4MpT6AtjonGvWhSFYeOjRTl6ytxGba%2F42pjcyyVc4KxuembJV6Yiv2h%2FCVOHi42A4Bx%2BAVZlB2OJQoCeizHaEIke4gLKBu993M9y78%2FmzREQ0KgV1vvYuRfaKd1eNmO0SRV1ogUSH81Kgs05B6IoMhVKT4w7TwrTxbp%2FQ2iMn1qdaM1viWqCGwU1siX1ZIegdsZIo1sjlWnbsTcjefS6Pj3RtIU6lROCEB6QAgiS1WJabPNVEO7waQAXksTDyQHUY2wqyAfRzb44KOjG0poBVHSJ1fq5iJGt%2Fs2ROyG2r1yuKaZ4GSAmh5BaCjz8%3D%22%7D&prevSearchId=1765686709859674781&loginPromo=1
1016,"khách sạn có bờ biển riêng, phòng mình đi ba bước đến biển nên rất thích.",Arcadia Phu Quoc Resort,https://www.traveloka.com/en-vn/hotel/detail?spec=13-05-2023.14-05-2023.1.1.HOTEL.1000000425916.Arcadia%20Phu%20Quoc%20Resort.1&contexts=%7B%22inventoryRateKey%22%3A%22povEwB3ZzsU2C6pd%2B6MdUw6p4Oi4t9ianyz%2Fk%2Fcwm21M0tKsNUio4Rxug1zOzHJilcvZa8YdqqIySdppe7dolTIewZlxfjiOGz6oXLTucMvN0%2BgQ3yZPvZcoHwUFNN%2BZpcr%2F%2FNa8o9ElfN8zOYhzzZeg0X586laFpeUViPi9rxAXgtn2bKwejvBBZO%2BZAFZhmhLDdV0WLeT%2FFKfQ0QL8LH02Dvlx%2F8PjYogEE5yzx6g6yOKyKeIDf7jO3GM45O1o1hmSkmz3HiZNSbS8gXb3CDW9nmlhkqLKa4lLkAkZpAG5JCAR4KEzOF9HzUvNfgOnqr5Ov2QSm2AvCfOdBe9Oy%2Fvnzag3zLIuKsio2qc%2FE%2BKC0I%2B4MpT6AtjonGvWhSFYeOjRTl6ytxGba%2F42pjcyyVc4KxuembJV6Yiv2h%2FCVOHi42A4Bx%2BAVZlB2OJQoCeizHaEIke4gLKBu993M9y78%2FmzREQ0KgV1vvYuRfaKd1eNmO0SRV1ogUSH81Kgs05B6IoMhVKT4w7TwrTxbp%2FQ2iMn1qdaM1viWqCGwU1siX1ZIegdsZIo1sjlWnbsTcjefS6Pj3RtIU6lROCEB6QAgiS1WJabPNVEO7waQAXksTDyQHUY2wqyAfRzb44KOjG0poBVHSJ1fq5iJGt%2Fs2ROyG2r1yuKaZ4GSAmh5BaCjz8%3D%22%7D&prevSearchId=1765686709859674781&loginPromo=1
1017,"Phòng ốc rộng rãi, thoáng mát, có khu vực bờ biển riêng, Đi bộ dọc bờ biển ra được Blue Bar Beach Club. Khu vực lối vào nhiều hàng quán tiện ích. Gần điểm đón Vinpearl Safari",Arcadia Phu Quoc Resort,https://www.traveloka.com/en-vn/hotel/detail?spec=13-05-2023.14-05-2023.1.1.HOTEL.1000000425916.Arcadia%20Phu%20Quoc%20Resort.1&contexts=%7B%22inventoryRateKey%22%3A%22povEwB3ZzsU2C6pd%2B6MdUw6p4Oi4t9ianyz%2Fk%2Fcwm21M0tKsNUio4Rxug1zOzHJilcvZa8YdqqIySdppe7dolTIewZlxfjiOGz6oXLTucMvN0%2BgQ3yZPvZcoHwUFNN%2BZpcr%2F%2FNa8o9ElfN8zOYhzzZeg0X586laFpeUViPi9rxAXgtn2bKwejvBBZO%2BZAFZhmhLDdV0WLeT%2FFKfQ0QL8LH02Dvlx%2F8PjYogEE5yzx6g6yOKyKeIDf7jO3GM45O1o1hmSkmz3HiZNSbS8gXb3CDW9nmlhkqLKa4lLkAkZpAG5JCAR4KEzOF9HzUvNfgOnqr5Ov2QSm2AvCfOdBe9Oy%2Fvnzag3zLIuKsio2qc%2FE%2BKC0I%2B4MpT6AtjonGvWhSFYeOjRTl6ytxGba%2F42pjcyyVc4KxuembJV6Yiv2h%2FCVOHi42A4Bx%2BAVZlB2OJQoCeizHaEIke4gLKBu993M9y78%2FmzREQ0KgV1vvYuRfaKd1eNmO0SRV1ogUSH81Kgs05B6IoMhVKT4w7TwrTxbp%2FQ2iMn1qdaM1viWqCGwU1siX1ZIegdsZIo1sjlWnbsTcjefS6Pj3RtIU6lROCEB6QAgiS1WJabPNVEO7waQAXksTDyQHUY2wqyAfRzb44KOjG0poBVHSJ1fq5iJGt%2Fs2ROyG2r1yuKaZ4GSAmh5BaCjz8%3D%22%7D&prevSearchId=1765686709859674781&loginPromo=1
1018,"Hài lòng với phòng ốc sạch sẽ, đầy đủ",Arcadia Phu Quoc Resort,https://www.traveloka.com/en-vn/hotel/detail?spec=13-05-2023.14-05-2023.1.1.HOTEL.1000000425916.Arcadia%20Phu%20Quoc%20Resort.1&contexts=%7B%22inventoryRateKey%22%3A%22povEwB3ZzsU2C6pd%2B6MdUw6p4Oi4t9ianyz%2Fk%2Fcwm21M0tKsNUio4Rxug1zOzHJilcvZa8YdqqIySdppe7dolTIewZlxfjiOGz6oXLTucMvN0%2BgQ3yZPvZcoHwUFNN%2BZpcr%2F%2FNa8o9ElfN8zOYhzzZeg0X586laFpeUViPi9rxAXgtn2bKwejvBBZO%2BZAFZhmhLDdV0WLeT%2FFKfQ0QL8LH02Dvlx%2F8PjYogEE5yzx6g6yOKyKeIDf7jO3GM45O1o1hmSkmz3HiZNSbS8gXb3CDW9nmlhkqLKa4lLkAkZpAG5JCAR4KEzOF9HzUvNfgOnqr5Ov2QSm2AvCfOdBe9Oy%2Fvnzag3zLIuKsio2qc%2FE%2BKC0I%2B4MpT6AtjonGvWhSFYeOjRTl6ytxGba%2F42pjcyyVc4KxuembJV6Yiv2h%2FCVOHi42A4Bx%2BAVZlB2OJQoCeizHaEIke4gLKBu993M9y78%2FmzREQ0KgV1vvYuRfaKd1eNmO0SRV1ogUSH81Kgs05B6IoMhVKT4w7TwrTxbp%2FQ2iMn1qdaM1viWqCGwU1siX1ZIegdsZIo1sjlWnbsTcjefS6Pj3RtIU6lROCEB6QAgiS1WJabPNVEO7waQAXksTDyQHUY2wqyAfRzb44KOjG0poBVHSJ1fq5iJGt%2Fs2ROyG2r1yuKaZ4GSAmh5BaCjz8%3D%22%7D&prevSearchId=1765686709859674781&loginPromo=1
1019,Một resort ngay bãi biển có quang cảnh yên bình. Rất thích hợp để đi nghỉ dưỡng,Arcadia Phu Quoc Resort,https://www.traveloka.com/en-vn/hotel/detail?spec=13-05-2023.14-05-2023.1.1.HOTEL.1000000425916.Arcadia%20Phu%20Quoc%20Resort.1&contexts=%7B%22inventoryRateKey%22%3A%22povEwB3ZzsU2C6pd%2B6MdUw6p4Oi4t9ianyz%2Fk%2Fcwm21M0tKsNUio4Rxug1zOzHJilcvZa8YdqqIySdppe7dolTIewZlxfjiOGz6oXLTucMvN0%2BgQ3yZPvZcoHwUFNN%2BZpcr%2F%2FNa8o9ElfN8zOYhzzZeg0X586laFpeUViPi9rxAXgtn2bKwejvBBZO%2BZAFZhmhLDdV0WLeT%2FFKfQ0QL8LH02Dvlx%2F8PjYogEE5yzx6g6yOKyKeIDf7jO3GM45O1o1hmSkmz3HiZNSbS8gXb3CDW9nmlhkqLKa4lLkAkZpAG5JCAR4KEzOF9HzUvNfgOnqr5Ov2QSm2AvCfOdBe9Oy%2Fvnzag3zLIuKsio2qc%2FE%2BKC0I%2B4MpT6AtjonGvWhSFYeOjRTl6ytxGba%2F42pjcyyVc4KxuembJV6Yiv2h%2FCVOHi42A4Bx%2BAVZlB2OJQoCeizHaEIke4gLKBu993M9y78%2FmzREQ0KgV1vvYuRfaKd1eNmO0SRV1ogUSH81Kgs05B6IoMhVKT4w7TwrTxbp%2FQ2iMn1qdaM1viWqCGwU1siX1ZIegdsZIo1sjlWnbsTcjefS6Pj3RtIU6lROCEB6QAgiS1WJabPNVEO7waQAXksTDyQHUY2wqyAfRzb44KOjG0poBVHSJ1fq5iJGt%2Fs2ROyG2r1yuKaZ4GSAmh5BaCjz8%3D%22%7D&prevSearchId=1765686709859674781&loginPromo=1
1020,,Arcadia Phu Quoc Resort,https://www.traveloka.com/en-vn/hotel/detail?spec=13-05-2023.14-05-2023.1.1.HOTEL.1000000425916.Arcadia%20Phu%20Quoc%20Resort.1&contexts=%7B%22inventoryRateKey%22%3A%22povEwB3ZzsU2C6pd%2B6MdUw6p4Oi4t9ianyz%2Fk%2Fcwm21M0tKsNUio4Rxug1zOzHJilcvZa8YdqqIySdppe7dolTIewZlxfjiOGz6oXLTucMvN0%2BgQ3yZPvZcoHwUFNN%2BZpcr%2F%2FNa8o9ElfN8zOYhzzZeg0X586laFpeUViPi9rxAXgtn2bKwejvBBZO%2BZAFZhmhLDdV0WLeT%2FFKfQ0QL8LH02Dvlx%2F8PjYogEE5yzx6g6yOKyKeIDf7jO3GM45O1o1hmSkmz3HiZNSbS8gXb3CDW9nmlhkqLKa4lLkAkZpAG5JCAR4KEzOF9HzUvNfgOnqr5Ov2QSm2AvCfOdBe9Oy%2Fvnzag3zLIuKsio2qc%2FE%2BKC0I%2B4MpT6AtjonGvWhSFYeOjRTl6ytxGba%2F42pjcyyVc4KxuembJV6Yiv2h%2FCVOHi42A4Bx%2BAVZlB2OJQoCeizHaEIke4gLKBu993M9y78%2FmzREQ0KgV1vvYuRfaKd1eNmO0SRV1ogUSH81Kgs05B6IoMhVKT4w7TwrTxbp%2FQ2iMn1qdaM1viWqCGwU1siX1ZIegdsZIo1sjlWnbsTcjefS6Pj3RtIU6lROCEB6QAgiS1WJabPNVEO7waQAXksTDyQHUY2wqyAfRzb44KOjG0poBVHSJ1fq5iJGt%2Fs2ROyG2r1yuKaZ4GSAmh5BaCjz8%3D%22%7D&prevSearchId=1765686709859674781&loginPromo=1
1021,,Arcadia Phu Quoc Resort,https://www.traveloka.com/en-vn/hotel/detail?spec=13-05-2023.14-05-2023.1.1.HOTEL.1000000425916.Arcadia%20Phu%20Quoc%20Resort.1&contexts=%7B%22inventoryRateKey%22%3A%22povEwB3ZzsU2C6pd%2B6MdUw6p4Oi4t9ianyz%2Fk%2Fcwm21M0tKsNUio4Rxug1zOzHJilcvZa8YdqqIySdppe7dolTIewZlxfjiOGz6oXLTucMvN0%2BgQ3yZPvZcoHwUFNN%2BZpcr%2F%2FNa8o9ElfN8zOYhzzZeg0X586laFpeUViPi9rxAXgtn2bKwejvBBZO%2BZAFZhmhLDdV0WLeT%2FFKfQ0QL8LH02Dvlx%2F8PjYogEE5yzx6g6yOKyKeIDf7jO3GM45O1o1hmSkmz3HiZNSbS8gXb3CDW9nmlhkqLKa4lLkAkZpAG5JCAR4KEzOF9HzUvNfgOnqr5Ov2QSm2AvCfOdBe9Oy%2Fvnzag3zLIuKsio2qc%2FE%2BKC0I%2B4MpT6AtjonGvWhSFYeOjRTl6ytxGba%2F42pjcyyVc4KxuembJV6Yiv2h%2FCVOHi42A4Bx%2BAVZlB2OJQoCeizHaEIke4gLKBu993M9y78%2FmzREQ0KgV1vvYuRfaKd1eNmO0SRV1ogUSH81Kgs05B6IoMhVKT4w7TwrTxbp%2FQ2iMn1qdaM1viWqCGwU1siX1ZIegdsZIo1sjlWnbsTcjefS6Pj3RtIU6lROCEB6QAgiS1WJabPNVEO7waQAXksTDyQHUY2wqyAfRzb44KOjG0poBVHSJ1fq5iJGt%2Fs2ROyG2r1yuKaZ4GSAmh5BaCjz8%3D%22%7D&prevSearchId=1765686709859674781&loginPromo=1
1022,Khách sạn có bãi biển đẹp. Không gian khá yên tỉnh Tuy nhiên đèn hơi tối.,Arcadia Phu Quoc Resort,https://www.traveloka.com/en-vn/hotel/detail?spec=13-05-2023.14-05-2023.1.1.HOTEL.1000000425916.Arcadia%20Phu%20Quoc%20Resort.1&contexts=%7B%22inventoryRateKey%22%3A%22povEwB3ZzsU2C6pd%2B6MdUw6p4Oi4t9ianyz%2Fk%2Fcwm21M0tKsNUio4Rxug1zOzHJilcvZa8YdqqIySdppe7dolTIewZlxfjiOGz6oXLTucMvN0%2BgQ3yZPvZcoHwUFNN%2BZpcr%2F%2FNa8o9ElfN8zOYhzzZeg0X586laFpeUViPi9rxAXgtn2bKwejvBBZO%2BZAFZhmhLDdV0WLeT%2FFKfQ0QL8LH02Dvlx%2F8PjYogEE5yzx6g6yOKyKeIDf7jO3GM45O1o1hmSkmz3HiZNSbS8gXb3CDW9nmlhkqLKa4lLkAkZpAG5JCAR4KEzOF9HzUvNfgOnqr5Ov2QSm2AvCfOdBe9Oy%2Fvnzag3zLIuKsio2qc%2FE%2BKC0I%2B4MpT6AtjonGvWhSFYeOjRTl6ytxGba%2F42pjcyyVc4KxuembJV6Yiv2h%2FCVOHi42A4Bx%2BAVZlB2OJQoCeizHaEIke4gLKBu993M9y78%2FmzREQ0KgV1vvYuRfaKd1eNmO0SRV1ogUSH81Kgs05B6IoMhVKT4w7TwrTxbp%2FQ2iMn1qdaM1viWqCGwU1siX1ZIegdsZIo1sjlWnbsTcjefS6Pj3RtIU6lROCEB6QAgiS1WJabPNVEO7waQAXksTDyQHUY2wqyAfRzb44KOjG0poBVHSJ1fq5iJGt%2Fs2ROyG2r1yuKaZ4GSAmh5BaCjz8%3D%22%7D&prevSearchId=1765686709859674781&loginPromo=1
1023,Phòng và dịch vụ tại khách sạn không đúng như quảng cáo.,Arcadia Phu Quoc Resort,https://www.traveloka.com/en-vn/hotel/detail?spec=13-05-2023.14-05-2023.1.1.HOTEL.1000000425916.Arcadia%20Phu%20Quoc%20Resort.1&contexts=%7B%22inventoryRateKey%22%3A%22povEwB3ZzsU2C6pd%2B6MdUw6p4Oi4t9ianyz%2Fk%2Fcwm21M0tKsNUio4Rxug1zOzHJilcvZa8YdqqIySdppe7dolTIewZlxfjiOGz6oXLTucMvN0%2BgQ3yZPvZcoHwUFNN%2BZpcr%2F%2FNa8o9ElfN8zOYhzzZeg0X586laFpeUViPi9rxAXgtn2bKwejvBBZO%2BZAFZhmhLDdV0WLeT%2FFKfQ0QL8LH02Dvlx%2F8PjYogEE5yzx6g6yOKyKeIDf7jO3GM45O1o1hmSkmz3HiZNSbS8gXb3CDW9nmlhkqLKa4lLkAkZpAG5JCAR4KEzOF9HzUvNfgOnqr5Ov2QSm2AvCfOdBe9Oy%2Fvnzag3zLIuKsio2qc%2FE%2BKC0I%2B4MpT6AtjonGvWhSFYeOjRTl6ytxGba%2F42pjcyyVc4KxuembJV6Yiv2h%2FCVOHi42A4Bx%2BAVZlB2OJQoCeizHaEIke4gLKBu993M9y78%2FmzREQ0KgV1vvYuRfaKd1eNmO0SRV1ogUSH81Kgs05B6IoMhVKT4w7TwrTxbp%2FQ2iMn1qdaM1viWqCGwU1siX1ZIegdsZIo1sjlWnbsTcjefS6Pj3RtIU6lROCEB6QAgiS1WJabPNVEO7waQAXksTDyQHUY2wqyAfRzb44KOjG0poBVHSJ1fq5iJGt%2Fs2ROyG2r1yuKaZ4GSAmh5BaCjz8%3D%22%7D&prevSearchId=1765686709859674781&loginPromo=1
1024,"Phòng đẹp, yên tĩnh, biển sạch, mọi thứ đều okie",Arcadia Phu Quoc Resort,https://www.traveloka.com/en-vn/hotel/detail?spec=13-05-2023.14-05-2023.1.1.HOTEL.1000000425916.Arcadia%20Phu%20Quoc%20Resort.1&contexts=%7B%22inventoryRateKey%22%3A%22povEwB3ZzsU2C6pd%2B6MdUw6p4Oi4t9ianyz%2Fk%2Fcwm21M0tKsNUio4Rxug1zOzHJilcvZa8YdqqIySdppe7dolTIewZlxfjiOGz6oXLTucMvN0%2BgQ3yZPvZcoHwUFNN%2BZpcr%2F%2FNa8o9ElfN8zOYhzzZeg0X586laFpeUViPi9rxAXgtn2bKwejvBBZO%2BZAFZhmhLDdV0WLeT%2FFKfQ0QL8LH02Dvlx%2F8PjYogEE5yzx6g6yOKyKeIDf7jO3GM45O1o1hmSkmz3HiZNSbS8gXb3CDW9nmlhkqLKa4lLkAkZpAG5JCAR4KEzOF9HzUvNfgOnqr5Ov2QSm2AvCfOdBe9Oy%2Fvnzag3zLIuKsio2qc%2FE%2BKC0I%2B4MpT6AtjonGvWhSFYeOjRTl6ytxGba%2F42pjcyyVc4KxuembJV6Yiv2h%2FCVOHi42A4Bx%2BAVZlB2OJQoCeizHaEIke4gLKBu993M9y78%2FmzREQ0KgV1vvYuRfaKd1eNmO0SRV1ogUSH81Kgs05B6IoMhVKT4w7TwrTxbp%2FQ2iMn1qdaM1viWqCGwU1siX1ZIegdsZIo1sjlWnbsTcjefS6Pj3RtIU6lROCEB6QAgiS1WJabPNVEO7waQAXksTDyQHUY2wqyAfRzb44KOjG0poBVHSJ1fq5iJGt%2Fs2ROyG2r1yuKaZ4GSAmh5BaCjz8%3D%22%7D&prevSearchId=1765686709859674781&loginPromo=1
1025,"Resort sát sạt biển luôn nên mình cực kì thích. Không gian xung quanh đều đẹp và xanh mát cả. Phòng ở sạch sẽ, view cũng đẹp dù là phòng view biển hay view sân vườn. Phòng có tủ quần áo, tủ lạnh, máy sấy và có đầy đủ đồ dùng phòng tắm như là bàn chải, dầu gội, sữa tắm, lược... rất là tiện. Bọn mình bắt taxi từ sân bay về chỉ cần nói tên resort là tài xế biết rồi nên dễ dàng lắm.",Arcadia Phu Quoc Resort,https://www.traveloka.com/en-vn/hotel/detail?spec=13-05-2023.14-05-2023.1.1.HOTEL.1000000425916.Arcadia%20Phu%20Quoc%20Resort.1&contexts=%7B%22inventoryRateKey%22%3A%22povEwB3ZzsU2C6pd%2B6MdUw6p4Oi4t9ianyz%2Fk%2Fcwm21M0tKsNUio4Rxug1zOzHJilcvZa8YdqqIySdppe7dolTIewZlxfjiOGz6oXLTucMvN0%2BgQ3yZPvZcoHwUFNN%2BZpcr%2F%2FNa8o9ElfN8zOYhzzZeg0X586laFpeUViPi9rxAXgtn2bKwejvBBZO%2BZAFZhmhLDdV0WLeT%2FFKfQ0QL8LH02Dvlx%2F8PjYogEE5yzx6g6yOKyKeIDf7jO3GM45O1o1hmSkmz3HiZNSbS8gXb3CDW9nmlhkqLKa4lLkAkZpAG5JCAR4KEzOF9HzUvNfgOnqr5Ov2QSm2AvCfOdBe9Oy%2Fvnzag3zLIuKsio2qc%2FE%2BKC0I%2B4MpT6AtjonGvWhSFYeOjRTl6ytxGba%2F42pjcyyVc4KxuembJV6Yiv2h%2FCVOHi42A4Bx%2BAVZlB2OJQoCeizHaEIke4gLKBu993M9y78%2FmzREQ0KgV1vvYuRfaKd1eNmO0SRV1ogUSH81Kgs05B6IoMhVKT4w7TwrTxbp%2FQ2iMn1qdaM1viWqCGwU1siX1ZIegdsZIo1sjlWnbsTcjefS6Pj3RtIU6lROCEB6QAgiS1WJabPNVEO7waQAXksTDyQHUY2wqyAfRzb44KOjG0poBVHSJ1fq5iJGt%2Fs2ROyG2r1yuKaZ4GSAmh5BaCjz8%3D%22%7D&prevSearchId=1765686709859674781&loginPromo=1
1026,"Nhân viên nhiều vị trí còn thiếu, cư xử không chuyên nghiệp, hệ thống điện thoại hỏng nên mỗi làn cần liên hệ lễ tân rất khó khăn và phòng vệ sinh có mùi khá hôi do gỗ nên chắc không khắc phục được. Ngoài ra thì cũng bù lại được cái view và không gian rừng cây cũng đủ đẹp để chụp ảnh",Arcadia Phu Quoc Resort,https://www.traveloka.com/en-vn/hotel/detail?spec=13-05-2023.14-05-2023.1.1.HOTEL.1000000425916.Arcadia%20Phu%20Quoc%20Resort.1&contexts=%7B%22inventoryRateKey%22%3A%22povEwB3ZzsU2C6pd%2B6MdUw6p4Oi4t9ianyz%2Fk%2Fcwm21M0tKsNUio4Rxug1zOzHJilcvZa8YdqqIySdppe7dolTIewZlxfjiOGz6oXLTucMvN0%2BgQ3yZPvZcoHwUFNN%2BZpcr%2F%2FNa8o9ElfN8zOYhzzZeg0X586laFpeUViPi9rxAXgtn2bKwejvBBZO%2BZAFZhmhLDdV0WLeT%2FFKfQ0QL8LH02Dvlx%2F8PjYogEE5yzx6g6yOKyKeIDf7jO3GM45O1o1hmSkmz3HiZNSbS8gXb3CDW9nmlhkqLKa4lLkAkZpAG5JCAR4KEzOF9HzUvNfgOnqr5Ov2QSm2AvCfOdBe9Oy%2Fvnzag3zLIuKsio2qc%2FE%2BKC0I%2B4MpT6AtjonGvWhSFYeOjRTl6ytxGba%2F42pjcyyVc4KxuembJV6Yiv2h%2FCVOHi42A4Bx%2BAVZlB2OJQoCeizHaEIke4gLKBu993M9y78%2FmzREQ0KgV1vvYuRfaKd1eNmO0SRV1ogUSH81Kgs05B6IoMhVKT4w7TwrTxbp%2FQ2iMn1qdaM1viWqCGwU1siX1ZIegdsZIo1sjlWnbsTcjefS6Pj3RtIU6lROCEB6QAgiS1WJabPNVEO7waQAXksTDyQHUY2wqyAfRzb44KOjG0poBVHSJ1fq5iJGt%2Fs2ROyG2r1yuKaZ4GSAmh5BaCjz8%3D%22%7D&prevSearchId=1765686709859674781&loginPromo=1
1027,Tôi rất hài lòng với dịch vụ ở đây,Arcadia Phu Quoc Resort,https://www.traveloka.com/en-vn/hotel/detail?spec=13-05-2023.14-05-2023.1.1.HOTEL.1000000425916.Arcadia%20Phu%20Quoc%20Resort.1&contexts=%7B%22inventoryRateKey%22%3A%22povEwB3ZzsU2C6pd%2B6MdUw6p4Oi4t9ianyz%2Fk%2Fcwm21M0tKsNUio4Rxug1zOzHJilcvZa8YdqqIySdppe7dolTIewZlxfjiOGz6oXLTucMvN0%2BgQ3yZPvZcoHwUFNN%2BZpcr%2F%2FNa8o9ElfN8zOYhzzZeg0X586laFpeUViPi9rxAXgtn2bKwejvBBZO%2BZAFZhmhLDdV0WLeT%2FFKfQ0QL8LH02Dvlx%2F8PjYogEE5yzx6g6yOKyKeIDf7jO3GM45O1o1hmSkmz3HiZNSbS8gXb3CDW9nmlhkqLKa4lLkAkZpAG5JCAR4KEzOF9HzUvNfgOnqr5Ov2QSm2AvCfOdBe9Oy%2Fvnzag3zLIuKsio2qc%2FE%2BKC0I%2B4MpT6AtjonGvWhSFYeOjRTl6ytxGba%2F42pjcyyVc4KxuembJV6Yiv2h%2FCVOHi42A4Bx%2BAVZlB2OJQoCeizHaEIke4gLKBu993M9y78%2FmzREQ0KgV1vvYuRfaKd1eNmO0SRV1ogUSH81Kgs05B6IoMhVKT4w7TwrTxbp%2FQ2iMn1qdaM1viWqCGwU1siX1ZIegdsZIo1sjlWnbsTcjefS6Pj3RtIU6lROCEB6QAgiS1WJabPNVEO7waQAXksTDyQHUY2wqyAfRzb44KOjG0poBVHSJ1fq5iJGt%2Fs2ROyG2r1yuKaZ4GSAmh5BaCjz8%3D%22%7D&prevSearchId=1765686709859674781&loginPromo=1
1028,ok dich vu ok chat luong phong ok,Arcadia Phu Quoc Resort,https://www.traveloka.com/en-vn/hotel/detail?spec=13-05-2023.14-05-2023.1.1.HOTEL.1000000425916.Arcadia%20Phu%20Quoc%20Resort.1&contexts=%7B%22inventoryRateKey%22%3A%22povEwB3ZzsU2C6pd%2B6MdUw6p4Oi4t9ianyz%2Fk%2Fcwm21M0tKsNUio4Rxug1zOzHJilcvZa8YdqqIySdppe7dolTIewZlxfjiOGz6oXLTucMvN0%2BgQ3yZPvZcoHwUFNN%2BZpcr%2F%2FNa8o9ElfN8zOYhzzZeg0X586laFpeUViPi9rxAXgtn2bKwejvBBZO%2BZAFZhmhLDdV0WLeT%2FFKfQ0QL8LH02Dvlx%2F8PjYogEE5yzx6g6yOKyKeIDf7jO3GM45O1o1hmSkmz3HiZNSbS8gXb3CDW9nmlhkqLKa4lLkAkZpAG5JCAR4KEzOF9HzUvNfgOnqr5Ov2QSm2AvCfOdBe9Oy%2Fvnzag3zLIuKsio2qc%2FE%2BKC0I%2B4MpT6AtjonGvWhSFYeOjRTl6ytxGba%2F42pjcyyVc4KxuembJV6Yiv2h%2FCVOHi42A4Bx%2BAVZlB2OJQoCeizHaEIke4gLKBu993M9y78%2FmzREQ0KgV1vvYuRfaKd1eNmO0SRV1ogUSH81Kgs05B6IoMhVKT4w7TwrTxbp%2FQ2iMn1qdaM1viWqCGwU1siX1ZIegdsZIo1sjlWnbsTcjefS6Pj3RtIU6lROCEB6QAgiS1WJabPNVEO7waQAXksTDyQHUY2wqyAfRzb44KOjG0poBVHSJ1fq5iJGt%2Fs2ROyG2r1yuKaZ4GSAmh5BaCjz8%3D%22%7D&prevSearchId=1765686709859674781&loginPromo=1
1029,"Resort hơi cũ, nhân viên nhiệt tình, thân thiện",Arcadia Phu Quoc Resort,https://www.traveloka.com/en-vn/hotel/detail?spec=13-05-2023.14-05-2023.1.1.HOTEL.1000000425916.Arcadia%20Phu%20Quoc%20Resort.1&contexts=%7B%22inventoryRateKey%22%3A%22povEwB3ZzsU2C6pd%2B6MdUw6p4Oi4t9ianyz%2Fk%2Fcwm21M0tKsNUio4Rxug1zOzHJilcvZa8YdqqIySdppe7dolTIewZlxfjiOGz6oXLTucMvN0%2BgQ3yZPvZcoHwUFNN%2BZpcr%2F%2FNa8o9ElfN8zOYhzzZeg0X586laFpeUViPi9rxAXgtn2bKwejvBBZO%2BZAFZhmhLDdV0WLeT%2FFKfQ0QL8LH02Dvlx%2F8PjYogEE5yzx6g6yOKyKeIDf7jO3GM45O1o1hmSkmz3HiZNSbS8gXb3CDW9nmlhkqLKa4lLkAkZpAG5JCAR4KEzOF9HzUvNfgOnqr5Ov2QSm2AvCfOdBe9Oy%2Fvnzag3zLIuKsio2qc%2FE%2BKC0I%2B4MpT6AtjonGvWhSFYeOjRTl6ytxGba%2F42pjcyyVc4KxuembJV6Yiv2h%2FCVOHi42A4Bx%2BAVZlB2OJQoCeizHaEIke4gLKBu993M9y78%2FmzREQ0KgV1vvYuRfaKd1eNmO0SRV1ogUSH81Kgs05B6IoMhVKT4w7TwrTxbp%2FQ2iMn1qdaM1viWqCGwU1siX1ZIegdsZIo1sjlWnbsTcjefS6Pj3RtIU6lROCEB6QAgiS1WJabPNVEO7waQAXksTDyQHUY2wqyAfRzb44KOjG0poBVHSJ1fq5iJGt%2Fs2ROyG2r1yuKaZ4GSAmh5BaCjz8%3D%22%7D&prevSearchId=1765686709859674781&loginPromo=1
1030,,Arcadia Phu Quoc Resort,https://www.traveloka.com/en-vn/hotel/detail?spec=13-05-2023.14-05-2023.1.1.HOTEL.1000000425916.Arcadia%20Phu%20Quoc%20Resort.1&contexts=%7B%22inventoryRateKey%22%3A%22povEwB3ZzsU2C6pd%2B6MdUw6p4Oi4t9ianyz%2Fk%2Fcwm21M0tKsNUio4Rxug1zOzHJilcvZa8YdqqIySdppe7dolTIewZlxfjiOGz6oXLTucMvN0%2BgQ3yZPvZcoHwUFNN%2BZpcr%2F%2FNa8o9ElfN8zOYhzzZeg0X586laFpeUViPi9rxAXgtn2bKwejvBBZO%2BZAFZhmhLDdV0WLeT%2FFKfQ0QL8LH02Dvlx%2F8PjYogEE5yzx6g6yOKyKeIDf7jO3GM45O1o1hmSkmz3HiZNSbS8gXb3CDW9nmlhkqLKa4lLkAkZpAG5JCAR4KEzOF9HzUvNfgOnqr5Ov2QSm2AvCfOdBe9Oy%2Fvnzag3zLIuKsio2qc%2FE%2BKC0I%2B4MpT6AtjonGvWhSFYeOjRTl6ytxGba%2F42pjcyyVc4KxuembJV6Yiv2h%2FCVOHi42A4Bx%2BAVZlB2OJQoCeizHaEIke4gLKBu993M9y78%2FmzREQ0KgV1vvYuRfaKd1eNmO0SRV1ogUSH81Kgs05B6IoMhVKT4w7TwrTxbp%2FQ2iMn1qdaM1viWqCGwU1siX1ZIegdsZIo1sjlWnbsTcjefS6Pj3RtIU6lROCEB6QAgiS1WJabPNVEO7waQAXksTDyQHUY2wqyAfRzb44KOjG0poBVHSJ1fq5iJGt%2Fs2ROyG2r1yuKaZ4GSAmh5BaCjz8%3D%22%7D&prevSearchId=1765686709859674781&loginPromo=1
1031,"yên tĩnh dễ chịu, không gian thoáng, có view biển đep điểm trừ nhỏ nước nóng lúc có lúc không",Arcadia Phu Quoc Resort,https://www.traveloka.com/en-vn/hotel/detail?spec=13-05-2023.14-05-2023.1.1.HOTEL.1000000425916.Arcadia%20Phu%20Quoc%20Resort.1&contexts=%7B%22inventoryRateKey%22%3A%22povEwB3ZzsU2C6pd%2B6MdUw6p4Oi4t9ianyz%2Fk%2Fcwm21M0tKsNUio4Rxug1zOzHJilcvZa8YdqqIySdppe7dolTIewZlxfjiOGz6oXLTucMvN0%2BgQ3yZPvZcoHwUFNN%2BZpcr%2F%2FNa8o9ElfN8zOYhzzZeg0X586laFpeUViPi9rxAXgtn2bKwejvBBZO%2BZAFZhmhLDdV0WLeT%2FFKfQ0QL8LH02Dvlx%2F8PjYogEE5yzx6g6yOKyKeIDf7jO3GM45O1o1hmSkmz3HiZNSbS8gXb3CDW9nmlhkqLKa4lLkAkZpAG5JCAR4KEzOF9HzUvNfgOnqr5Ov2QSm2AvCfOdBe9Oy%2Fvnzag3zLIuKsio2qc%2FE%2BKC0I%2B4MpT6AtjonGvWhSFYeOjRTl6ytxGba%2F42pjcyyVc4KxuembJV6Yiv2h%2FCVOHi42A4Bx%2BAVZlB2OJQoCeizHaEIke4gLKBu993M9y78%2FmzREQ0KgV1vvYuRfaKd1eNmO0SRV1ogUSH81Kgs05B6IoMhVKT4w7TwrTxbp%2FQ2iMn1qdaM1viWqCGwU1siX1ZIegdsZIo1sjlWnbsTcjefS6Pj3RtIU6lROCEB6QAgiS1WJabPNVEO7waQAXksTDyQHUY2wqyAfRzb44KOjG0poBVHSJ1fq5iJGt%2Fs2ROyG2r1yuKaZ4GSAmh5BaCjz8%3D%22%7D&prevSearchId=1765686709859674781&loginPromo=1
1032,"Nội thất đã quá củ kĩ, sàn gỗ trơn trợt, nhà hàng cũng trơn dễ té",Arcadia Phu Quoc Resort,https://www.traveloka.com/en-vn/hotel/detail?spec=13-05-2023.14-05-2023.1.1.HOTEL.1000000425916.Arcadia%20Phu%20Quoc%20Resort.1&contexts=%7B%22inventoryRateKey%22%3A%22povEwB3ZzsU2C6pd%2B6MdUw6p4Oi4t9ianyz%2Fk%2Fcwm21M0tKsNUio4Rxug1zOzHJilcvZa8YdqqIySdppe7dolTIewZlxfjiOGz6oXLTucMvN0%2BgQ3yZPvZcoHwUFNN%2BZpcr%2F%2FNa8o9ElfN8zOYhzzZeg0X586laFpeUViPi9rxAXgtn2bKwejvBBZO%2BZAFZhmhLDdV0WLeT%2FFKfQ0QL8LH02Dvlx%2F8PjYogEE5yzx6g6yOKyKeIDf7jO3GM45O1o1hmSkmz3HiZNSbS8gXb3CDW9nmlhkqLKa4lLkAkZpAG5JCAR4KEzOF9HzUvNfgOnqr5Ov2QSm2AvCfOdBe9Oy%2Fvnzag3zLIuKsio2qc%2FE%2BKC0I%2B4MpT6AtjonGvWhSFYeOjRTl6ytxGba%2F42pjcyyVc4KxuembJV6Yiv2h%2FCVOHi42A4Bx%2BAVZlB2OJQoCeizHaEIke4gLKBu993M9y78%2FmzREQ0KgV1vvYuRfaKd1eNmO0SRV1ogUSH81Kgs05B6IoMhVKT4w7TwrTxbp%2FQ2iMn1qdaM1viWqCGwU1siX1ZIegdsZIo1sjlWnbsTcjefS6Pj3RtIU6lROCEB6QAgiS1WJabPNVEO7waQAXksTDyQHUY2wqyAfRzb44KOjG0poBVHSJ1fq5iJGt%2Fs2ROyG2r1yuKaZ4GSAmh5BaCjz8%3D%22%7D&prevSearchId=1765686709859674781&loginPromo=1
1033,"phòng ok. Lễ tân, nhân viên thân thiện, nhưng thiếu một chút chuyên nghiệp (điều đó có thể bỏ qua) view đẹp gần biển. Mình cũng phải gọi khách ruột ở đây vì mỗi lần đến Phú Quốc thì lần nào cũng ở đây. nhưng chưa bao giờ ăn trưa tại nhà hàng. Lần này ăn trưa ở nhà hàng của resort thì thất vọng luôn. Gọi nửa con gà rang thì có hẳn 2 đầu cánh là sao?",Arcadia Phu Quoc Resort,https://www.traveloka.com/en-vn/hotel/detail?spec=13-05-2023.14-05-2023.1.1.HOTEL.1000000425916.Arcadia%20Phu%20Quoc%20Resort.1&contexts=%7B%22inventoryRateKey%22%3A%22povEwB3ZzsU2C6pd%2B6MdUw6p4Oi4t9ianyz%2Fk%2Fcwm21M0tKsNUio4Rxug1zOzHJilcvZa8YdqqIySdppe7dolTIewZlxfjiOGz6oXLTucMvN0%2BgQ3yZPvZcoHwUFNN%2BZpcr%2F%2FNa8o9ElfN8zOYhzzZeg0X586laFpeUViPi9rxAXgtn2bKwejvBBZO%2BZAFZhmhLDdV0WLeT%2FFKfQ0QL8LH02Dvlx%2F8PjYogEE5yzx6g6yOKyKeIDf7jO3GM45O1o1hmSkmz3HiZNSbS8gXb3CDW9nmlhkqLKa4lLkAkZpAG5JCAR4KEzOF9HzUvNfgOnqr5Ov2QSm2AvCfOdBe9Oy%2Fvnzag3zLIuKsio2qc%2FE%2BKC0I%2B4MpT6AtjonGvWhSFYeOjRTl6ytxGba%2F42pjcyyVc4KxuembJV6Yiv2h%2FCVOHi42A4Bx%2BAVZlB2OJQoCeizHaEIke4gLKBu993M9y78%2FmzREQ0KgV1vvYuRfaKd1eNmO0SRV1ogUSH81Kgs05B6IoMhVKT4w7TwrTxbp%2FQ2iMn1qdaM1viWqCGwU1siX1ZIegdsZIo1sjlWnbsTcjefS6Pj3RtIU6lROCEB6QAgiS1WJabPNVEO7waQAXksTDyQHUY2wqyAfRzb44KOjG0poBVHSJ1fq5iJGt%2Fs2ROyG2r1yuKaZ4GSAmh5BaCjz8%3D%22%7D&prevSearchId=1765686709859674781&loginPromo=1
1034,"phòng hơi có mùi, tuy đã được dọn sau khi báo",Arcadia Phu Quoc Resort,https://www.traveloka.com/en-vn/hotel/detail?spec=13-05-2023.14-05-2023.1.1.HOTEL.1000000425916.Arcadia%20Phu%20Quoc%20Resort.1&contexts=%7B%22inventoryRateKey%22%3A%22povEwB3ZzsU2C6pd%2B6MdUw6p4Oi4t9ianyz%2Fk%2Fcwm21M0tKsNUio4Rxug1zOzHJilcvZa8YdqqIySdppe7dolTIewZlxfjiOGz6oXLTucMvN0%2BgQ3yZPvZcoHwUFNN%2BZpcr%2F%2FNa8o9ElfN8zOYhzzZeg0X586laFpeUViPi9rxAXgtn2bKwejvBBZO%2BZAFZhmhLDdV0WLeT%2FFKfQ0QL8LH02Dvlx%2F8PjYogEE5yzx6g6yOKyKeIDf7jO3GM45O1o1hmSkmz3HiZNSbS8gXb3CDW9nmlhkqLKa4lLkAkZpAG5JCAR4KEzOF9HzUvNfgOnqr5Ov2QSm2AvCfOdBe9Oy%2Fvnzag3zLIuKsio2qc%2FE%2BKC0I%2B4MpT6AtjonGvWhSFYeOjRTl6ytxGba%2F42pjcyyVc4KxuembJV6Yiv2h%2FCVOHi42A4Bx%2BAVZlB2OJQoCeizHaEIke4gLKBu993M9y78%2FmzREQ0KgV1vvYuRfaKd1eNmO0SRV1ogUSH81Kgs05B6IoMhVKT4w7TwrTxbp%2FQ2iMn1qdaM1viWqCGwU1siX1ZIegdsZIo1sjlWnbsTcjefS6Pj3RtIU6lROCEB6QAgiS1WJabPNVEO7waQAXksTDyQHUY2wqyAfRzb44KOjG0poBVHSJ1fq5iJGt%2Fs2ROyG2r1yuKaZ4GSAmh5BaCjz8%3D%22%7D&prevSearchId=1765686709859674781&loginPromo=1
1035,Phòng đóng cửa cứ kêu tít tít tít hoài...,Arcadia Phu Quoc Resort,https://www.traveloka.com/en-vn/hotel/detail?spec=13-05-2023.14-05-2023.1.1.HOTEL.1000000425916.Arcadia%20Phu%20Quoc%20Resort.1&contexts=%7B%22inventoryRateKey%22%3A%22povEwB3ZzsU2C6pd%2B6MdUw6p4Oi4t9ianyz%2Fk%2Fcwm21M0tKsNUio4Rxug1zOzHJilcvZa8YdqqIySdppe7dolTIewZlxfjiOGz6oXLTucMvN0%2BgQ3yZPvZcoHwUFNN%2BZpcr%2F%2FNa8o9ElfN8zOYhzzZeg0X586laFpeUViPi9rxAXgtn2bKwejvBBZO%2BZAFZhmhLDdV0WLeT%2FFKfQ0QL8LH02Dvlx%2F8PjYogEE5yzx6g6yOKyKeIDf7jO3GM45O1o1hmSkmz3HiZNSbS8gXb3CDW9nmlhkqLKa4lLkAkZpAG5JCAR4KEzOF9HzUvNfgOnqr5Ov2QSm2AvCfOdBe9Oy%2Fvnzag3zLIuKsio2qc%2FE%2BKC0I%2B4MpT6AtjonGvWhSFYeOjRTl6ytxGba%2F42pjcyyVc4KxuembJV6Yiv2h%2FCVOHi42A4Bx%2BAVZlB2OJQoCeizHaEIke4gLKBu993M9y78%2FmzREQ0KgV1vvYuRfaKd1eNmO0SRV1ogUSH81Kgs05B6IoMhVKT4w7TwrTxbp%2FQ2iMn1qdaM1viWqCGwU1siX1ZIegdsZIo1sjlWnbsTcjefS6Pj3RtIU6lROCEB6QAgiS1WJabPNVEO7waQAXksTDyQHUY2wqyAfRzb44KOjG0poBVHSJ1fq5iJGt%2Fs2ROyG2r1yuKaZ4GSAmh5BaCjz8%3D%22%7D&prevSearchId=1765686709859674781&loginPromo=1
1036,"Khách sạn nằm sát ngay bờ biền. Có view nhìn ra biển. Bước khoảng 20 chục bước ra biển luôn. Hơi tiếc một chút là mình đi cuối tháng 7 đầu tháng 8 đang mùa mưa nên biển động chỉ ngắm thôi chứ không tắm ở đó được. Khách sạn nằm sâu trong hẻm hơi khó tìm nhưng được mấy bạn lễ tân tư vấn và hỗ trợ nhiệt tình. Mức giá phù hợp vời phòng. Nói chung là hài lòng. Người dân Phú Quốc rất thân thiện. Nếu có dịp mình vẫn chọn đi Phú Quốc vì nước biển trong vắt, đúng chuẩn màu xanh ngọc, đi đảo đẹp lắm luôn. Lưu ý khi đến Phú Quốc nhớ gọi Taxi Mai Linh nha giá rẻ, nhiệt tình.",Arcadia Phu Quoc Resort,https://www.traveloka.com/en-vn/hotel/detail?spec=13-05-2023.14-05-2023.1.1.HOTEL.1000000425916.Arcadia%20Phu%20Quoc%20Resort.1&contexts=%7B%22inventoryRateKey%22%3A%22povEwB3ZzsU2C6pd%2B6MdUw6p4Oi4t9ianyz%2Fk%2Fcwm21M0tKsNUio4Rxug1zOzHJilcvZa8YdqqIySdppe7dolTIewZlxfjiOGz6oXLTucMvN0%2BgQ3yZPvZcoHwUFNN%2BZpcr%2F%2FNa8o9ElfN8zOYhzzZeg0X586laFpeUViPi9rxAXgtn2bKwejvBBZO%2BZAFZhmhLDdV0WLeT%2FFKfQ0QL8LH02Dvlx%2F8PjYogEE5yzx6g6yOKyKeIDf7jO3GM45O1o1hmSkmz3HiZNSbS8gXb3CDW9nmlhkqLKa4lLkAkZpAG5JCAR4KEzOF9HzUvNfgOnqr5Ov2QSm2AvCfOdBe9Oy%2Fvnzag3zLIuKsio2qc%2FE%2BKC0I%2B4MpT6AtjonGvWhSFYeOjRTl6ytxGba%2F42pjcyyVc4KxuembJV6Yiv2h%2FCVOHi42A4Bx%2BAVZlB2OJQoCeizHaEIke4gLKBu993M9y78%2FmzREQ0KgV1vvYuRfaKd1eNmO0SRV1ogUSH81Kgs05B6IoMhVKT4w7TwrTxbp%2FQ2iMn1qdaM1viWqCGwU1siX1ZIegdsZIo1sjlWnbsTcjefS6Pj3RtIU6lROCEB6QAgiS1WJabPNVEO7waQAXksTDyQHUY2wqyAfRzb44KOjG0poBVHSJ1fq5iJGt%2Fs2ROyG2r1yuKaZ4GSAmh5BaCjz8%3D%22%7D&prevSearchId=1765686709859674781&loginPromo=1
1037,,Arcadia Phu Quoc Resort,https://www.traveloka.com/en-vn/hotel/detail?spec=13-05-2023.14-05-2023.1.1.HOTEL.1000000425916.Arcadia%20Phu%20Quoc%20Resort.1&contexts=%7B%22inventoryRateKey%22%3A%22povEwB3ZzsU2C6pd%2B6MdUw6p4Oi4t9ianyz%2Fk%2Fcwm21M0tKsNUio4Rxug1zOzHJilcvZa8YdqqIySdppe7dolTIewZlxfjiOGz6oXLTucMvN0%2BgQ3yZPvZcoHwUFNN%2BZpcr%2F%2FNa8o9ElfN8zOYhzzZeg0X586laFpeUViPi9rxAXgtn2bKwejvBBZO%2BZAFZhmhLDdV0WLeT%2FFKfQ0QL8LH02Dvlx%2F8PjYogEE5yzx6g6yOKyKeIDf7jO3GM45O1o1hmSkmz3HiZNSbS8gXb3CDW9nmlhkqLKa4lLkAkZpAG5JCAR4KEzOF9HzUvNfgOnqr5Ov2QSm2AvCfOdBe9Oy%2Fvnzag3zLIuKsio2qc%2FE%2BKC0I%2B4MpT6AtjonGvWhSFYeOjRTl6ytxGba%2F42pjcyyVc4KxuembJV6Yiv2h%2FCVOHi42A4Bx%2BAVZlB2OJQoCeizHaEIke4gLKBu993M9y78%2FmzREQ0KgV1vvYuRfaKd1eNmO0SRV1ogUSH81Kgs05B6IoMhVKT4w7TwrTxbp%2FQ2iMn1qdaM1viWqCGwU1siX1ZIegdsZIo1sjlWnbsTcjefS6Pj3RtIU6lROCEB6QAgiS1WJabPNVEO7waQAXksTDyQHUY2wqyAfRzb44KOjG0poBVHSJ1fq5iJGt%2Fs2ROyG2r1yuKaZ4GSAmh5BaCjz8%3D%22%7D&prevSearchId=1765686709859674781&loginPromo=1
1038,"Vị trí vào resort thì hơi khó tìm hẻm vào nếu tự đi, nhưng khi vào được rồi thì như bạn bước qua cảnh cửa thiên đường! Rất tuyệt vời các bạn, thiệt sự một nơi yên tĩnh để các bạn nghỉ dưỡng, ngắm quang cảnh xanh và bãi biển sạch. Chiều tụi mình vào chợ Hàm Dương gì đó mua hải sản xong ra bãi biển resort thưởng thức, kèm chút đồ uống dạng cocktail, bia gì đó rất tuyệt vời! Tối các bạn vào chợ đêm cũng rất gần nhé! Hãy thử và trải nghiệm đi, không hối hận đâu",Arcadia Phu Quoc Resort,https://www.traveloka.com/en-vn/hotel/detail?spec=13-05-2023.14-05-2023.1.1.HOTEL.1000000425916.Arcadia%20Phu%20Quoc%20Resort.1&contexts=%7B%22inventoryRateKey%22%3A%22povEwB3ZzsU2C6pd%2B6MdUw6p4Oi4t9ianyz%2Fk%2Fcwm21M0tKsNUio4Rxug1zOzHJilcvZa8YdqqIySdppe7dolTIewZlxfjiOGz6oXLTucMvN0%2BgQ3yZPvZcoHwUFNN%2BZpcr%2F%2FNa8o9ElfN8zOYhzzZeg0X586laFpeUViPi9rxAXgtn2bKwejvBBZO%2BZAFZhmhLDdV0WLeT%2FFKfQ0QL8LH02Dvlx%2F8PjYogEE5yzx6g6yOKyKeIDf7jO3GM45O1o1hmSkmz3HiZNSbS8gXb3CDW9nmlhkqLKa4lLkAkZpAG5JCAR4KEzOF9HzUvNfgOnqr5Ov2QSm2AvCfOdBe9Oy%2Fvnzag3zLIuKsio2qc%2FE%2BKC0I%2B4MpT6AtjonGvWhSFYeOjRTl6ytxGba%2F42pjcyyVc4KxuembJV6Yiv2h%2FCVOHi42A4Bx%2BAVZlB2OJQoCeizHaEIke4gLKBu993M9y78%2FmzREQ0KgV1vvYuRfaKd1eNmO0SRV1ogUSH81Kgs05B6IoMhVKT4w7TwrTxbp%2FQ2iMn1qdaM1viWqCGwU1siX1ZIegdsZIo1sjlWnbsTcjefS6Pj3RtIU6lROCEB6QAgiS1WJabPNVEO7waQAXksTDyQHUY2wqyAfRzb44KOjG0poBVHSJ1fq5iJGt%2Fs2ROyG2r1yuKaZ4GSAmh5BaCjz8%3D%22%7D&prevSearchId=1765686709859674781&loginPromo=1
1039,"Tuyệt vời hơn mình nghĩ rất nhiều, rất chuyên nghiệp",Arcadia Phu Quoc Resort,https://www.traveloka.com/en-vn/hotel/detail?spec=13-05-2023.14-05-2023.1.1.HOTEL.1000000425916.Arcadia%20Phu%20Quoc%20Resort.1&contexts=%7B%22inventoryRateKey%22%3A%22povEwB3ZzsU2C6pd%2B6MdUw6p4Oi4t9ianyz%2Fk%2Fcwm21M0tKsNUio4Rxug1zOzHJilcvZa8YdqqIySdppe7dolTIewZlxfjiOGz6oXLTucMvN0%2BgQ3yZPvZcoHwUFNN%2BZpcr%2F%2FNa8o9ElfN8zOYhzzZeg0X586laFpeUViPi9rxAXgtn2bKwejvBBZO%2BZAFZhmhLDdV0WLeT%2FFKfQ0QL8LH02Dvlx%2F8PjYogEE5yzx6g6yOKyKeIDf7jO3GM45O1o1hmSkmz3HiZNSbS8gXb3CDW9nmlhkqLKa4lLkAkZpAG5JCAR4KEzOF9HzUvNfgOnqr5Ov2QSm2AvCfOdBe9Oy%2Fvnzag3zLIuKsio2qc%2FE%2BKC0I%2B4MpT6AtjonGvWhSFYeOjRTl6ytxGba%2F42pjcyyVc4KxuembJV6Yiv2h%2FCVOHi42A4Bx%2BAVZlB2OJQoCeizHaEIke4gLKBu993M9y78%2FmzREQ0KgV1vvYuRfaKd1eNmO0SRV1ogUSH81Kgs05B6IoMhVKT4w7TwrTxbp%2FQ2iMn1qdaM1viWqCGwU1siX1ZIegdsZIo1sjlWnbsTcjefS6Pj3RtIU6lROCEB6QAgiS1WJabPNVEO7waQAXksTDyQHUY2wqyAfRzb44KOjG0poBVHSJ1fq5iJGt%2Fs2ROyG2r1yuKaZ4GSAmh5BaCjz8%3D%22%7D&prevSearchId=1765686709859674781&loginPromo=1
1040,,Arcadia Phu Quoc Resort,https://www.traveloka.com/en-vn/hotel/detail?spec=13-05-2023.14-05-2023.1.1.HOTEL.1000000425916.Arcadia%20Phu%20Quoc%20Resort.1&contexts=%7B%22inventoryRateKey%22%3A%22povEwB3ZzsU2C6pd%2B6MdUw6p4Oi4t9ianyz%2Fk%2Fcwm21M0tKsNUio4Rxug1zOzHJilcvZa8YdqqIySdppe7dolTIewZlxfjiOGz6oXLTucMvN0%2BgQ3yZPvZcoHwUFNN%2BZpcr%2F%2FNa8o9ElfN8zOYhzzZeg0X586laFpeUViPi9rxAXgtn2bKwejvBBZO%2BZAFZhmhLDdV0WLeT%2FFKfQ0QL8LH02Dvlx%2F8PjYogEE5yzx6g6yOKyKeIDf7jO3GM45O1o1hmSkmz3HiZNSbS8gXb3CDW9nmlhkqLKa4lLkAkZpAG5JCAR4KEzOF9HzUvNfgOnqr5Ov2QSm2AvCfOdBe9Oy%2Fvnzag3zLIuKsio2qc%2FE%2BKC0I%2B4MpT6AtjonGvWhSFYeOjRTl6ytxGba%2F42pjcyyVc4KxuembJV6Yiv2h%2FCVOHi42A4Bx%2BAVZlB2OJQoCeizHaEIke4gLKBu993M9y78%2FmzREQ0KgV1vvYuRfaKd1eNmO0SRV1ogUSH81Kgs05B6IoMhVKT4w7TwrTxbp%2FQ2iMn1qdaM1viWqCGwU1siX1ZIegdsZIo1sjlWnbsTcjefS6Pj3RtIU6lROCEB6QAgiS1WJabPNVEO7waQAXksTDyQHUY2wqyAfRzb44KOjG0poBVHSJ1fq5iJGt%2Fs2ROyG2r1yuKaZ4GSAmh5BaCjz8%3D%22%7D&prevSearchId=1765686709859674781&loginPromo=1
1041,"Tôi rất thích cách giải quyết vấn đề của khách sạn khi gặp sự cố đặt double booking, khách sạn đã thay đổi phòng có view hướng vườn thành phòng có view hướng biển, mặc dù tiền khách sạn đã bị gấp đôi số tiền ban đầu, nhưng dù sau cũng không đến nổi hối hận vì khung cảnh quá đẹp. Nếu mình có điều kiện mình sẽ quay lại đây nghĩ dưỡng lần nửa. Vị trí của khách sạn thuận tiện đi ra chợ đêm hay sân bay, và đặt biệt xe bus chở ra Vinpeal land ngay đầu hẻm khách sạn. Duy nhất chỉ có 1 bất tiện là khách sạn hơi sâu trong hẻm, nhưng cũng không tệ vì xung hẻm bán đầy đồ ăn, nên thôi cũng ok👍👍😁😁",Arcadia Phu Quoc Resort,https://www.traveloka.com/en-vn/hotel/detail?spec=13-05-2023.14-05-2023.1.1.HOTEL.1000000425916.Arcadia%20Phu%20Quoc%20Resort.1&contexts=%7B%22inventoryRateKey%22%3A%22povEwB3ZzsU2C6pd%2B6MdUw6p4Oi4t9ianyz%2Fk%2Fcwm21M0tKsNUio4Rxug1zOzHJilcvZa8YdqqIySdppe7dolTIewZlxfjiOGz6oXLTucMvN0%2BgQ3yZPvZcoHwUFNN%2BZpcr%2F%2FNa8o9ElfN8zOYhzzZeg0X586laFpeUViPi9rxAXgtn2bKwejvBBZO%2BZAFZhmhLDdV0WLeT%2FFKfQ0QL8LH02Dvlx%2F8PjYogEE5yzx6g6yOKyKeIDf7jO3GM45O1o1hmSkmz3HiZNSbS8gXb3CDW9nmlhkqLKa4lLkAkZpAG5JCAR4KEzOF9HzUvNfgOnqr5Ov2QSm2AvCfOdBe9Oy%2Fvnzag3zLIuKsio2qc%2FE%2BKC0I%2B4MpT6AtjonGvWhSFYeOjRTl6ytxGba%2F42pjcyyVc4KxuembJV6Yiv2h%2FCVOHi42A4Bx%2BAVZlB2OJQoCeizHaEIke4gLKBu993M9y78%2FmzREQ0KgV1vvYuRfaKd1eNmO0SRV1ogUSH81Kgs05B6IoMhVKT4w7TwrTxbp%2FQ2iMn1qdaM1viWqCGwU1siX1ZIegdsZIo1sjlWnbsTcjefS6Pj3RtIU6lROCEB6QAgiS1WJabPNVEO7waQAXksTDyQHUY2wqyAfRzb44KOjG0poBVHSJ1fq5iJGt%2Fs2ROyG2r1yuKaZ4GSAmh5BaCjz8%3D%22%7D&prevSearchId=1765686709859674781&loginPromo=1
1042,,Arcadia Phu Quoc Resort,https://www.traveloka.com/en-vn/hotel/detail?spec=13-05-2023.14-05-2023.1.1.HOTEL.1000000425916.Arcadia%20Phu%20Quoc%20Resort.1&contexts=%7B%22inventoryRateKey%22%3A%22povEwB3ZzsU2C6pd%2B6MdUw6p4Oi4t9ianyz%2Fk%2Fcwm21M0tKsNUio4Rxug1zOzHJilcvZa8YdqqIySdppe7dolTIewZlxfjiOGz6oXLTucMvN0%2BgQ3yZPvZcoHwUFNN%2BZpcr%2F%2FNa8o9ElfN8zOYhzzZeg0X586laFpeUViPi9rxAXgtn2bKwejvBBZO%2BZAFZhmhLDdV0WLeT%2FFKfQ0QL8LH02Dvlx%2F8PjYogEE5yzx6g6yOKyKeIDf7jO3GM45O1o1hmSkmz3HiZNSbS8gXb3CDW9nmlhkqLKa4lLkAkZpAG5JCAR4KEzOF9HzUvNfgOnqr5Ov2QSm2AvCfOdBe9Oy%2Fvnzag3zLIuKsio2qc%2FE%2BKC0I%2B4MpT6AtjonGvWhSFYeOjRTl6ytxGba%2F42pjcyyVc4KxuembJV6Yiv2h%2FCVOHi42A4Bx%2BAVZlB2OJQoCeizHaEIke4gLKBu993M9y78%2FmzREQ0KgV1vvYuRfaKd1eNmO0SRV1ogUSH81Kgs05B6IoMhVKT4w7TwrTxbp%2FQ2iMn1qdaM1viWqCGwU1siX1ZIegdsZIo1sjlWnbsTcjefS6Pj3RtIU6lROCEB6QAgiS1WJabPNVEO7waQAXksTDyQHUY2wqyAfRzb44KOjG0poBVHSJ1fq5iJGt%2Fs2ROyG2r1yuKaZ4GSAmh5BaCjz8%3D%22%7D&prevSearchId=1765686709859674781&loginPromo=1
1043,Khách sạn ok. Tuy nhiên đường vào hơi khó kiếm,Arcadia Phu Quoc Resort,https://www.traveloka.com/en-vn/hotel/detail?spec=13-05-2023.14-05-2023.1.1.HOTEL.1000000425916.Arcadia%20Phu%20Quoc%20Resort.1&contexts=%7B%22inventoryRateKey%22%3A%22povEwB3ZzsU2C6pd%2B6MdUw6p4Oi4t9ianyz%2Fk%2Fcwm21M0tKsNUio4Rxug1zOzHJilcvZa8YdqqIySdppe7dolTIewZlxfjiOGz6oXLTucMvN0%2BgQ3yZPvZcoHwUFNN%2BZpcr%2F%2FNa8o9ElfN8zOYhzzZeg0X586laFpeUViPi9rxAXgtn2bKwejvBBZO%2BZAFZhmhLDdV0WLeT%2FFKfQ0QL8LH02Dvlx%2F8PjYogEE5yzx6g6yOKyKeIDf7jO3GM45O1o1hmSkmz3HiZNSbS8gXb3CDW9nmlhkqLKa4lLkAkZpAG5JCAR4KEzOF9HzUvNfgOnqr5Ov2QSm2AvCfOdBe9Oy%2Fvnzag3zLIuKsio2qc%2FE%2BKC0I%2B4MpT6AtjonGvWhSFYeOjRTl6ytxGba%2F42pjcyyVc4KxuembJV6Yiv2h%2FCVOHi42A4Bx%2BAVZlB2OJQoCeizHaEIke4gLKBu993M9y78%2FmzREQ0KgV1vvYuRfaKd1eNmO0SRV1ogUSH81Kgs05B6IoMhVKT4w7TwrTxbp%2FQ2iMn1qdaM1viWqCGwU1siX1ZIegdsZIo1sjlWnbsTcjefS6Pj3RtIU6lROCEB6QAgiS1WJabPNVEO7waQAXksTDyQHUY2wqyAfRzb44KOjG0poBVHSJ1fq5iJGt%2Fs2ROyG2r1yuKaZ4GSAmh5BaCjz8%3D%22%7D&prevSearchId=1765686709859674781&loginPromo=1
1044,"Nhân viên phục vụ nhiệt tình, nhưng so với giá tiền thì khá cao với mặt bằng chung. Phòng khá là xuống cấp, không như trong hình ảnh quảng cáo. Máy lạnh bật lên khoảng 30’ mới bắt đầu mát. Đồ ăn sáng không phong phú.",Arcadia Phu Quoc Resort,https://www.traveloka.com/en-vn/hotel/detail?spec=13-05-2023.14-05-2023.1.1.HOTEL.1000000425916.Arcadia%20Phu%20Quoc%20Resort.1&contexts=%7B%22inventoryRateKey%22%3A%22povEwB3ZzsU2C6pd%2B6MdUw6p4Oi4t9ianyz%2Fk%2Fcwm21M0tKsNUio4Rxug1zOzHJilcvZa8YdqqIySdppe7dolTIewZlxfjiOGz6oXLTucMvN0%2BgQ3yZPvZcoHwUFNN%2BZpcr%2F%2FNa8o9ElfN8zOYhzzZeg0X586laFpeUViPi9rxAXgtn2bKwejvBBZO%2BZAFZhmhLDdV0WLeT%2FFKfQ0QL8LH02Dvlx%2F8PjYogEE5yzx6g6yOKyKeIDf7jO3GM45O1o1hmSkmz3HiZNSbS8gXb3CDW9nmlhkqLKa4lLkAkZpAG5JCAR4KEzOF9HzUvNfgOnqr5Ov2QSm2AvCfOdBe9Oy%2Fvnzag3zLIuKsio2qc%2FE%2BKC0I%2B4MpT6AtjonGvWhSFYeOjRTl6ytxGba%2F42pjcyyVc4KxuembJV6Yiv2h%2FCVOHi42A4Bx%2BAVZlB2OJQoCeizHaEIke4gLKBu993M9y78%2FmzREQ0KgV1vvYuRfaKd1eNmO0SRV1ogUSH81Kgs05B6IoMhVKT4w7TwrTxbp%2FQ2iMn1qdaM1viWqCGwU1siX1ZIegdsZIo1sjlWnbsTcjefS6Pj3RtIU6lROCEB6QAgiS1WJabPNVEO7waQAXksTDyQHUY2wqyAfRzb44KOjG0poBVHSJ1fq5iJGt%2Fs2ROyG2r1yuKaZ4GSAmh5BaCjz8%3D%22%7D&prevSearchId=1765686709859674781&loginPromo=1
1045,"Lần sau có cơ hội vào Phú Quốc nhất định tôi lại chọn Acardia, giá cả quá hợp lý, phong cảnh và biển thì tuyệt vời!!!",Arcadia Phu Quoc Resort,https://www.traveloka.com/en-vn/hotel/detail?spec=13-05-2023.14-05-2023.1.1.HOTEL.1000000425916.Arcadia%20Phu%20Quoc%20Resort.1&contexts=%7B%22inventoryRateKey%22%3A%22povEwB3ZzsU2C6pd%2B6MdUw6p4Oi4t9ianyz%2Fk%2Fcwm21M0tKsNUio4Rxug1zOzHJilcvZa8YdqqIySdppe7dolTIewZlxfjiOGz6oXLTucMvN0%2BgQ3yZPvZcoHwUFNN%2BZpcr%2F%2FNa8o9ElfN8zOYhzzZeg0X586laFpeUViPi9rxAXgtn2bKwejvBBZO%2BZAFZhmhLDdV0WLeT%2FFKfQ0QL8LH02Dvlx%2F8PjYogEE5yzx6g6yOKyKeIDf7jO3GM45O1o1hmSkmz3HiZNSbS8gXb3CDW9nmlhkqLKa4lLkAkZpAG5JCAR4KEzOF9HzUvNfgOnqr5Ov2QSm2AvCfOdBe9Oy%2Fvnzag3zLIuKsio2qc%2FE%2BKC0I%2B4MpT6AtjonGvWhSFYeOjRTl6ytxGba%2F42pjcyyVc4KxuembJV6Yiv2h%2FCVOHi42A4Bx%2BAVZlB2OJQoCeizHaEIke4gLKBu993M9y78%2FmzREQ0KgV1vvYuRfaKd1eNmO0SRV1ogUSH81Kgs05B6IoMhVKT4w7TwrTxbp%2FQ2iMn1qdaM1viWqCGwU1siX1ZIegdsZIo1sjlWnbsTcjefS6Pj3RtIU6lROCEB6QAgiS1WJabPNVEO7waQAXksTDyQHUY2wqyAfRzb44KOjG0poBVHSJ1fq5iJGt%2Fs2ROyG2r1yuKaZ4GSAmh5BaCjz8%3D%22%7D&prevSearchId=1765686709859674781&loginPromo=1
1046,"khách sạn sát biển, mình up phòng lên nên view đẹp luôn.",Arcadia Phu Quoc Resort,https://www.traveloka.com/en-vn/hotel/detail?spec=13-05-2023.14-05-2023.1.1.HOTEL.1000000425916.Arcadia%20Phu%20Quoc%20Resort.1&contexts=%7B%22inventoryRateKey%22%3A%22povEwB3ZzsU2C6pd%2B6MdUw6p4Oi4t9ianyz%2Fk%2Fcwm21M0tKsNUio4Rxug1zOzHJilcvZa8YdqqIySdppe7dolTIewZlxfjiOGz6oXLTucMvN0%2BgQ3yZPvZcoHwUFNN%2BZpcr%2F%2FNa8o9ElfN8zOYhzzZeg0X586laFpeUViPi9rxAXgtn2bKwejvBBZO%2BZAFZhmhLDdV0WLeT%2FFKfQ0QL8LH02Dvlx%2F8PjYogEE5yzx6g6yOKyKeIDf7jO3GM45O1o1hmSkmz3HiZNSbS8gXb3CDW9nmlhkqLKa4lLkAkZpAG5JCAR4KEzOF9HzUvNfgOnqr5Ov2QSm2AvCfOdBe9Oy%2Fvnzag3zLIuKsio2qc%2FE%2BKC0I%2B4MpT6AtjonGvWhSFYeOjRTl6ytxGba%2F42pjcyyVc4KxuembJV6Yiv2h%2FCVOHi42A4Bx%2BAVZlB2OJQoCeizHaEIke4gLKBu993M9y78%2FmzREQ0KgV1vvYuRfaKd1eNmO0SRV1ogUSH81Kgs05B6IoMhVKT4w7TwrTxbp%2FQ2iMn1qdaM1viWqCGwU1siX1ZIegdsZIo1sjlWnbsTcjefS6Pj3RtIU6lROCEB6QAgiS1WJabPNVEO7waQAXksTDyQHUY2wqyAfRzb44KOjG0poBVHSJ1fq5iJGt%2Fs2ROyG2r1yuKaZ4GSAmh5BaCjz8%3D%22%7D&prevSearchId=1765686709859674781&loginPromo=1
1047,Nhân viên lễ tân trực điện thoại không khác gì của nợ!,Arcadia Phu Quoc Resort,https://www.traveloka.com/en-vn/hotel/detail?spec=13-05-2023.14-05-2023.1.1.HOTEL.1000000425916.Arcadia%20Phu%20Quoc%20Resort.1&contexts=%7B%22inventoryRateKey%22%3A%22povEwB3ZzsU2C6pd%2B6MdUw6p4Oi4t9ianyz%2Fk%2Fcwm21M0tKsNUio4Rxug1zOzHJilcvZa8YdqqIySdppe7dolTIewZlxfjiOGz6oXLTucMvN0%2BgQ3yZPvZcoHwUFNN%2BZpcr%2F%2FNa8o9ElfN8zOYhzzZeg0X586laFpeUViPi9rxAXgtn2bKwejvBBZO%2BZAFZhmhLDdV0WLeT%2FFKfQ0QL8LH02Dvlx%2F8PjYogEE5yzx6g6yOKyKeIDf7jO3GM45O1o1hmSkmz3HiZNSbS8gXb3CDW9nmlhkqLKa4lLkAkZpAG5JCAR4KEzOF9HzUvNfgOnqr5Ov2QSm2AvCfOdBe9Oy%2Fvnzag3zLIuKsio2qc%2FE%2BKC0I%2B4MpT6AtjonGvWhSFYeOjRTl6ytxGba%2F42pjcyyVc4KxuembJV6Yiv2h%2FCVOHi42A4Bx%2BAVZlB2OJQoCeizHaEIke4gLKBu993M9y78%2FmzREQ0KgV1vvYuRfaKd1eNmO0SRV1ogUSH81Kgs05B6IoMhVKT4w7TwrTxbp%2FQ2iMn1qdaM1viWqCGwU1siX1ZIegdsZIo1sjlWnbsTcjefS6Pj3RtIU6lROCEB6QAgiS1WJabPNVEO7waQAXksTDyQHUY2wqyAfRzb44KOjG0poBVHSJ1fq5iJGt%2Fs2ROyG2r1yuKaZ4GSAmh5BaCjz8%3D%22%7D&prevSearchId=1765686709859674781&loginPromo=1
1048,mình ở đây 3 ngày từ 8.10.2018 resort rất tốt. đẹp. sạch sẽ. chỉ có phong rẻ tiền nhất thì hơi bí á. còn những phòng còn lại rât rat oke. phòng ở sau là biển luôn rất tuyệt. khuyên các ban nên ở đây. từ đây lên trung tâm chợ đêm đi xe may mất cỡ hơn 5p. nếu có dịp minh nghĩ sẽ quay lại đây típ.,Arcadia Phu Quoc Resort,https://www.traveloka.com/en-vn/hotel/detail?spec=13-05-2023.14-05-2023.1.1.HOTEL.1000000425916.Arcadia%20Phu%20Quoc%20Resort.1&contexts=%7B%22inventoryRateKey%22%3A%22povEwB3ZzsU2C6pd%2B6MdUw6p4Oi4t9ianyz%2Fk%2Fcwm21M0tKsNUio4Rxug1zOzHJilcvZa8YdqqIySdppe7dolTIewZlxfjiOGz6oXLTucMvN0%2BgQ3yZPvZcoHwUFNN%2BZpcr%2F%2FNa8o9ElfN8zOYhzzZeg0X586laFpeUViPi9rxAXgtn2bKwejvBBZO%2BZAFZhmhLDdV0WLeT%2FFKfQ0QL8LH02Dvlx%2F8PjYogEE5yzx6g6yOKyKeIDf7jO3GM45O1o1hmSkmz3HiZNSbS8gXb3CDW9nmlhkqLKa4lLkAkZpAG5JCAR4KEzOF9HzUvNfgOnqr5Ov2QSm2AvCfOdBe9Oy%2Fvnzag3zLIuKsio2qc%2FE%2BKC0I%2B4MpT6AtjonGvWhSFYeOjRTl6ytxGba%2F42pjcyyVc4KxuembJV6Yiv2h%2FCVOHi42A4Bx%2BAVZlB2OJQoCeizHaEIke4gLKBu993M9y78%2FmzREQ0KgV1vvYuRfaKd1eNmO0SRV1ogUSH81Kgs05B6IoMhVKT4w7TwrTxbp%2FQ2iMn1qdaM1viWqCGwU1siX1ZIegdsZIo1sjlWnbsTcjefS6Pj3RtIU6lROCEB6QAgiS1WJabPNVEO7waQAXksTDyQHUY2wqyAfRzb44KOjG0poBVHSJ1fq5iJGt%2Fs2ROyG2r1yuKaZ4GSAmh5BaCjz8%3D%22%7D&prevSearchId=1765686709859674781&loginPromo=1
1049,Khung canh va bai bien dep.phong rong va sach se,Arcadia Phu Quoc Resort,https://www.traveloka.com/en-vn/hotel/detail?spec=13-05-2023.14-05-2023.1.1.HOTEL.1000000425916.Arcadia%20Phu%20Quoc%20Resort.1&contexts=%7B%22inventoryRateKey%22%3A%22povEwB3ZzsU2C6pd%2B6MdUw6p4Oi4t9ianyz%2Fk%2Fcwm21M0tKsNUio4Rxug1zOzHJilcvZa8YdqqIySdppe7dolTIewZlxfjiOGz6oXLTucMvN0%2BgQ3yZPvZcoHwUFNN%2BZpcr%2F%2FNa8o9ElfN8zOYhzzZeg0X586laFpeUViPi9rxAXgtn2bKwejvBBZO%2BZAFZhmhLDdV0WLeT%2FFKfQ0QL8LH02Dvlx%2F8PjYogEE5yzx6g6yOKyKeIDf7jO3GM45O1o1hmSkmz3HiZNSbS8gXb3CDW9nmlhkqLKa4lLkAkZpAG5JCAR4KEzOF9HzUvNfgOnqr5Ov2QSm2AvCfOdBe9Oy%2Fvnzag3zLIuKsio2qc%2FE%2BKC0I%2B4MpT6AtjonGvWhSFYeOjRTl6ytxGba%2F42pjcyyVc4KxuembJV6Yiv2h%2FCVOHi42A4Bx%2BAVZlB2OJQoCeizHaEIke4gLKBu993M9y78%2FmzREQ0KgV1vvYuRfaKd1eNmO0SRV1ogUSH81Kgs05B6IoMhVKT4w7TwrTxbp%2FQ2iMn1qdaM1viWqCGwU1siX1ZIegdsZIo1sjlWnbsTcjefS6Pj3RtIU6lROCEB6QAgiS1WJabPNVEO7waQAXksTDyQHUY2wqyAfRzb44KOjG0poBVHSJ1fq5iJGt%2Fs2ROyG2r1yuKaZ4GSAmh5BaCjz8%3D%22%7D&prevSearchId=1765686709859674781&loginPromo=1
1050,"phòng đẹp, đầy đủ tiện nghi. Có biển riêng không hồ bơi. Bữa sáng ăn ngon nhưng hơi ít món. Tóm lại với giá khách sạn như vậy thì rất nên ở lại",Arcadia Phu Quoc Resort,https://www.traveloka.com/en-vn/hotel/detail?spec=13-05-2023.14-05-2023.1.1.HOTEL.1000000425916.Arcadia%20Phu%20Quoc%20Resort.1&contexts=%7B%22inventoryRateKey%22%3A%22povEwB3ZzsU2C6pd%2B6MdUw6p4Oi4t9ianyz%2Fk%2Fcwm21M0tKsNUio4Rxug1zOzHJilcvZa8YdqqIySdppe7dolTIewZlxfjiOGz6oXLTucMvN0%2BgQ3yZPvZcoHwUFNN%2BZpcr%2F%2FNa8o9ElfN8zOYhzzZeg0X586laFpeUViPi9rxAXgtn2bKwejvBBZO%2BZAFZhmhLDdV0WLeT%2FFKfQ0QL8LH02Dvlx%2F8PjYogEE5yzx6g6yOKyKeIDf7jO3GM45O1o1hmSkmz3HiZNSbS8gXb3CDW9nmlhkqLKa4lLkAkZpAG5JCAR4KEzOF9HzUvNfgOnqr5Ov2QSm2AvCfOdBe9Oy%2Fvnzag3zLIuKsio2qc%2FE%2BKC0I%2B4MpT6AtjonGvWhSFYeOjRTl6ytxGba%2F42pjcyyVc4KxuembJV6Yiv2h%2FCVOHi42A4Bx%2BAVZlB2OJQoCeizHaEIke4gLKBu993M9y78%2FmzREQ0KgV1vvYuRfaKd1eNmO0SRV1ogUSH81Kgs05B6IoMhVKT4w7TwrTxbp%2FQ2iMn1qdaM1viWqCGwU1siX1ZIegdsZIo1sjlWnbsTcjefS6Pj3RtIU6lROCEB6QAgiS1WJabPNVEO7waQAXksTDyQHUY2wqyAfRzb44KOjG0poBVHSJ1fq5iJGt%2Fs2ROyG2r1yuKaZ4GSAmh5BaCjz8%3D%22%7D&prevSearchId=1765686709859674781&loginPromo=1
1051,Mình ở đây mấy lần và lần nào cungz thích hết cả nhưng nếu còn phòng thì đặt thẳng resot rẻ hơn đấy nhưng nếu mà ít thì đặt qa treveloka nhưng các bạn nhớ xác nhận lại với resot để được phòng không là đến khi đến nơi thông báo hết thì sẽ đưa khách đến nơi khác tương đương giá tiền của mình thì sẽ mất hay. Nói chung resot rẻ mà đẹp qá ưng luôn ấy ^^,Arcadia Phu Quoc Resort,https://www.traveloka.com/en-vn/hotel/detail?spec=13-05-2023.14-05-2023.1.1.HOTEL.1000000425916.Arcadia%20Phu%20Quoc%20Resort.1&contexts=%7B%22inventoryRateKey%22%3A%22povEwB3ZzsU2C6pd%2B6MdUw6p4Oi4t9ianyz%2Fk%2Fcwm21M0tKsNUio4Rxug1zOzHJilcvZa8YdqqIySdppe7dolTIewZlxfjiOGz6oXLTucMvN0%2BgQ3yZPvZcoHwUFNN%2BZpcr%2F%2FNa8o9ElfN8zOYhzzZeg0X586laFpeUViPi9rxAXgtn2bKwejvBBZO%2BZAFZhmhLDdV0WLeT%2FFKfQ0QL8LH02Dvlx%2F8PjYogEE5yzx6g6yOKyKeIDf7jO3GM45O1o1hmSkmz3HiZNSbS8gXb3CDW9nmlhkqLKa4lLkAkZpAG5JCAR4KEzOF9HzUvNfgOnqr5Ov2QSm2AvCfOdBe9Oy%2Fvnzag3zLIuKsio2qc%2FE%2BKC0I%2B4MpT6AtjonGvWhSFYeOjRTl6ytxGba%2F42pjcyyVc4KxuembJV6Yiv2h%2FCVOHi42A4Bx%2BAVZlB2OJQoCeizHaEIke4gLKBu993M9y78%2FmzREQ0KgV1vvYuRfaKd1eNmO0SRV1ogUSH81Kgs05B6IoMhVKT4w7TwrTxbp%2FQ2iMn1qdaM1viWqCGwU1siX1ZIegdsZIo1sjlWnbsTcjefS6Pj3RtIU6lROCEB6QAgiS1WJabPNVEO7waQAXksTDyQHUY2wqyAfRzb44KOjG0poBVHSJ1fq5iJGt%2Fs2ROyG2r1yuKaZ4GSAmh5BaCjz8%3D%22%7D&prevSearchId=1765686709859674781&loginPromo=1
1052,"Resort khá sâu trong ngõ, biển hướng dẫn không rõ ràng, không có welcome drink. Phòng Bugalow có mùi hôi, không có giá để giày, điện thoại nội bộ không hoạt động Phải xả nước khoảng 5-10' mới có nước nóng. Điểm cộng duy nhất là sát biển rất đẹp",Arcadia Phu Quoc Resort,https://www.traveloka.com/en-vn/hotel/detail?spec=13-05-2023.14-05-2023.1.1.HOTEL.1000000425916.Arcadia%20Phu%20Quoc%20Resort.1&contexts=%7B%22inventoryRateKey%22%3A%22povEwB3ZzsU2C6pd%2B6MdUw6p4Oi4t9ianyz%2Fk%2Fcwm21M0tKsNUio4Rxug1zOzHJilcvZa8YdqqIySdppe7dolTIewZlxfjiOGz6oXLTucMvN0%2BgQ3yZPvZcoHwUFNN%2BZpcr%2F%2FNa8o9ElfN8zOYhzzZeg0X586laFpeUViPi9rxAXgtn2bKwejvBBZO%2BZAFZhmhLDdV0WLeT%2FFKfQ0QL8LH02Dvlx%2F8PjYogEE5yzx6g6yOKyKeIDf7jO3GM45O1o1hmSkmz3HiZNSbS8gXb3CDW9nmlhkqLKa4lLkAkZpAG5JCAR4KEzOF9HzUvNfgOnqr5Ov2QSm2AvCfOdBe9Oy%2Fvnzag3zLIuKsio2qc%2FE%2BKC0I%2B4MpT6AtjonGvWhSFYeOjRTl6ytxGba%2F42pjcyyVc4KxuembJV6Yiv2h%2FCVOHi42A4Bx%2BAVZlB2OJQoCeizHaEIke4gLKBu993M9y78%2FmzREQ0KgV1vvYuRfaKd1eNmO0SRV1ogUSH81Kgs05B6IoMhVKT4w7TwrTxbp%2FQ2iMn1qdaM1viWqCGwU1siX1ZIegdsZIo1sjlWnbsTcjefS6Pj3RtIU6lROCEB6QAgiS1WJabPNVEO7waQAXksTDyQHUY2wqyAfRzb44KOjG0poBVHSJ1fq5iJGt%2Fs2ROyG2r1yuKaZ4GSAmh5BaCjz8%3D%22%7D&prevSearchId=1765686709859674781&loginPromo=1
1053,"thông tin không rõ ràng khiến khách đăt hàng hiểu lầm, mình đã đổi sang phòng tốt nhất dạng phòng gỗ 45m, nhưng phòng mưa to dột nước, hệ thống khóa cửa rất kém, ở 4 ngày hỏng 4 lần, không có bể bơi, đồ ăn sáng 3/5 điểm ăn 4 ngày thì 4 ngày như nhau, lưu ý cho bạn nào muốn ở yên tĩnh phòng hướng biển mùa mưa quá chi ồn, mùa khô mình không rõ",Arcadia Phu Quoc Resort,https://www.traveloka.com/en-vn/hotel/detail?spec=13-05-2023.14-05-2023.1.1.HOTEL.1000000425916.Arcadia%20Phu%20Quoc%20Resort.1&contexts=%7B%22inventoryRateKey%22%3A%22povEwB3ZzsU2C6pd%2B6MdUw6p4Oi4t9ianyz%2Fk%2Fcwm21M0tKsNUio4Rxug1zOzHJilcvZa8YdqqIySdppe7dolTIewZlxfjiOGz6oXLTucMvN0%2BgQ3yZPvZcoHwUFNN%2BZpcr%2F%2FNa8o9ElfN8zOYhzzZeg0X586laFpeUViPi9rxAXgtn2bKwejvBBZO%2BZAFZhmhLDdV0WLeT%2FFKfQ0QL8LH02Dvlx%2F8PjYogEE5yzx6g6yOKyKeIDf7jO3GM45O1o1hmSkmz3HiZNSbS8gXb3CDW9nmlhkqLKa4lLkAkZpAG5JCAR4KEzOF9HzUvNfgOnqr5Ov2QSm2AvCfOdBe9Oy%2Fvnzag3zLIuKsio2qc%2FE%2BKC0I%2B4MpT6AtjonGvWhSFYeOjRTl6ytxGba%2F42pjcyyVc4KxuembJV6Yiv2h%2FCVOHi42A4Bx%2BAVZlB2OJQoCeizHaEIke4gLKBu993M9y78%2FmzREQ0KgV1vvYuRfaKd1eNmO0SRV1ogUSH81Kgs05B6IoMhVKT4w7TwrTxbp%2FQ2iMn1qdaM1viWqCGwU1siX1ZIegdsZIo1sjlWnbsTcjefS6Pj3RtIU6lROCEB6QAgiS1WJabPNVEO7waQAXksTDyQHUY2wqyAfRzb44KOjG0poBVHSJ1fq5iJGt%2Fs2ROyG2r1yuKaZ4GSAmh5BaCjz8%3D%22%7D&prevSearchId=1765686709859674781&loginPromo=1
1054,,Arcadia Phu Quoc Resort,https://www.traveloka.com/en-vn/hotel/detail?spec=13-05-2023.14-05-2023.1.1.HOTEL.1000000425916.Arcadia%20Phu%20Quoc%20Resort.1&contexts=%7B%22inventoryRateKey%22%3A%22povEwB3ZzsU2C6pd%2B6MdUw6p4Oi4t9ianyz%2Fk%2Fcwm21M0tKsNUio4Rxug1zOzHJilcvZa8YdqqIySdppe7dolTIewZlxfjiOGz6oXLTucMvN0%2BgQ3yZPvZcoHwUFNN%2BZpcr%2F%2FNa8o9ElfN8zOYhzzZeg0X586laFpeUViPi9rxAXgtn2bKwejvBBZO%2BZAFZhmhLDdV0WLeT%2FFKfQ0QL8LH02Dvlx%2F8PjYogEE5yzx6g6yOKyKeIDf7jO3GM45O1o1hmSkmz3HiZNSbS8gXb3CDW9nmlhkqLKa4lLkAkZpAG5JCAR4KEzOF9HzUvNfgOnqr5Ov2QSm2AvCfOdBe9Oy%2Fvnzag3zLIuKsio2qc%2FE%2BKC0I%2B4MpT6AtjonGvWhSFYeOjRTl6ytxGba%2F42pjcyyVc4KxuembJV6Yiv2h%2FCVOHi42A4Bx%2BAVZlB2OJQoCeizHaEIke4gLKBu993M9y78%2FmzREQ0KgV1vvYuRfaKd1eNmO0SRV1ogUSH81Kgs05B6IoMhVKT4w7TwrTxbp%2FQ2iMn1qdaM1viWqCGwU1siX1ZIegdsZIo1sjlWnbsTcjefS6Pj3RtIU6lROCEB6QAgiS1WJabPNVEO7waQAXksTDyQHUY2wqyAfRzb44KOjG0poBVHSJ1fq5iJGt%2Fs2ROyG2r1yuKaZ4GSAmh5BaCjz8%3D%22%7D&prevSearchId=1765686709859674781&loginPromo=1
1055,"Resort hơi sâu, nhưng view biển rất đẹp, đồ ăn ngon, nước nóng bật 5’ mới có! Có cả khu vui chơi cho em bé! Xe buýt di vinpearl ngay đầu đường! Giá cả hợp lý cho resort 3 sao",Arcadia Phu Quoc Resort,https://www.traveloka.com/en-vn/hotel/detail?spec=13-05-2023.14-05-2023.1.1.HOTEL.1000000425916.Arcadia%20Phu%20Quoc%20Resort.1&contexts=%7B%22inventoryRateKey%22%3A%22povEwB3ZzsU2C6pd%2B6MdUw6p4Oi4t9ianyz%2Fk%2Fcwm21M0tKsNUio4Rxug1zOzHJilcvZa8YdqqIySdppe7dolTIewZlxfjiOGz6oXLTucMvN0%2BgQ3yZPvZcoHwUFNN%2BZpcr%2F%2FNa8o9ElfN8zOYhzzZeg0X586laFpeUViPi9rxAXgtn2bKwejvBBZO%2BZAFZhmhLDdV0WLeT%2FFKfQ0QL8LH02Dvlx%2F8PjYogEE5yzx6g6yOKyKeIDf7jO3GM45O1o1hmSkmz3HiZNSbS8gXb3CDW9nmlhkqLKa4lLkAkZpAG5JCAR4KEzOF9HzUvNfgOnqr5Ov2QSm2AvCfOdBe9Oy%2Fvnzag3zLIuKsio2qc%2FE%2BKC0I%2B4MpT6AtjonGvWhSFYeOjRTl6ytxGba%2F42pjcyyVc4KxuembJV6Yiv2h%2FCVOHi42A4Bx%2BAVZlB2OJQoCeizHaEIke4gLKBu993M9y78%2FmzREQ0KgV1vvYuRfaKd1eNmO0SRV1ogUSH81Kgs05B6IoMhVKT4w7TwrTxbp%2FQ2iMn1qdaM1viWqCGwU1siX1ZIegdsZIo1sjlWnbsTcjefS6Pj3RtIU6lROCEB6QAgiS1WJabPNVEO7waQAXksTDyQHUY2wqyAfRzb44KOjG0poBVHSJ1fq5iJGt%2Fs2ROyG2r1yuKaZ4GSAmh5BaCjz8%3D%22%7D&prevSearchId=1765686709859674781&loginPromo=1
1056,"Phong sạch, nhân viên lễ tân rất nhiệt tình lúc về còn vẫy tay tạm biệt (triệu like ), đồ ăn sáng cũng tốt tuy không đa dạng. Uổng là không có hồ bơi riêng và đường đi vào hơi quang co. Nói chung mọi cái đều ổn hết",Arcadia Phu Quoc Resort,https://www.traveloka.com/en-vn/hotel/detail?spec=13-05-2023.14-05-2023.1.1.HOTEL.1000000425916.Arcadia%20Phu%20Quoc%20Resort.1&contexts=%7B%22inventoryRateKey%22%3A%22povEwB3ZzsU2C6pd%2B6MdUw6p4Oi4t9ianyz%2Fk%2Fcwm21M0tKsNUio4Rxug1zOzHJilcvZa8YdqqIySdppe7dolTIewZlxfjiOGz6oXLTucMvN0%2BgQ3yZPvZcoHwUFNN%2BZpcr%2F%2FNa8o9ElfN8zOYhzzZeg0X586laFpeUViPi9rxAXgtn2bKwejvBBZO%2BZAFZhmhLDdV0WLeT%2FFKfQ0QL8LH02Dvlx%2F8PjYogEE5yzx6g6yOKyKeIDf7jO3GM45O1o1hmSkmz3HiZNSbS8gXb3CDW9nmlhkqLKa4lLkAkZpAG5JCAR4KEzOF9HzUvNfgOnqr5Ov2QSm2AvCfOdBe9Oy%2Fvnzag3zLIuKsio2qc%2FE%2BKC0I%2B4MpT6AtjonGvWhSFYeOjRTl6ytxGba%2F42pjcyyVc4KxuembJV6Yiv2h%2FCVOHi42A4Bx%2BAVZlB2OJQoCeizHaEIke4gLKBu993M9y78%2FmzREQ0KgV1vvYuRfaKd1eNmO0SRV1ogUSH81Kgs05B6IoMhVKT4w7TwrTxbp%2FQ2iMn1qdaM1viWqCGwU1siX1ZIegdsZIo1sjlWnbsTcjefS6Pj3RtIU6lROCEB6QAgiS1WJabPNVEO7waQAXksTDyQHUY2wqyAfRzb44KOjG0poBVHSJ1fq5iJGt%2Fs2ROyG2r1yuKaZ4GSAmh5BaCjz8%3D%22%7D&prevSearchId=1765686709859674781&loginPromo=1
1057,,Arcadia Phu Quoc Resort,https://www.traveloka.com/en-vn/hotel/detail?spec=13-05-2023.14-05-2023.1.1.HOTEL.1000000425916.Arcadia%20Phu%20Quoc%20Resort.1&contexts=%7B%22inventoryRateKey%22%3A%22povEwB3ZzsU2C6pd%2B6MdUw6p4Oi4t9ianyz%2Fk%2Fcwm21M0tKsNUio4Rxug1zOzHJilcvZa8YdqqIySdppe7dolTIewZlxfjiOGz6oXLTucMvN0%2BgQ3yZPvZcoHwUFNN%2BZpcr%2F%2FNa8o9ElfN8zOYhzzZeg0X586laFpeUViPi9rxAXgtn2bKwejvBBZO%2BZAFZhmhLDdV0WLeT%2FFKfQ0QL8LH02Dvlx%2F8PjYogEE5yzx6g6yOKyKeIDf7jO3GM45O1o1hmSkmz3HiZNSbS8gXb3CDW9nmlhkqLKa4lLkAkZpAG5JCAR4KEzOF9HzUvNfgOnqr5Ov2QSm2AvCfOdBe9Oy%2Fvnzag3zLIuKsio2qc%2FE%2BKC0I%2B4MpT6AtjonGvWhSFYeOjRTl6ytxGba%2F42pjcyyVc4KxuembJV6Yiv2h%2FCVOHi42A4Bx%2BAVZlB2OJQoCeizHaEIke4gLKBu993M9y78%2FmzREQ0KgV1vvYuRfaKd1eNmO0SRV1ogUSH81Kgs05B6IoMhVKT4w7TwrTxbp%2FQ2iMn1qdaM1viWqCGwU1siX1ZIegdsZIo1sjlWnbsTcjefS6Pj3RtIU6lROCEB6QAgiS1WJabPNVEO7waQAXksTDyQHUY2wqyAfRzb44KOjG0poBVHSJ1fq5iJGt%2Fs2ROyG2r1yuKaZ4GSAmh5BaCjz8%3D%22%7D&prevSearchId=1765686709859674781&loginPromo=1
1058,Tuyệt. Dịch vụ rất tốt so với chi phí!,Arcadia Phu Quoc Resort,https://www.traveloka.com/en-vn/hotel/detail?spec=13-05-2023.14-05-2023.1.1.HOTEL.1000000425916.Arcadia%20Phu%20Quoc%20Resort.1&contexts=%7B%22inventoryRateKey%22%3A%22povEwB3ZzsU2C6pd%2B6MdUw6p4Oi4t9ianyz%2Fk%2Fcwm21M0tKsNUio4Rxug1zOzHJilcvZa8YdqqIySdppe7dolTIewZlxfjiOGz6oXLTucMvN0%2BgQ3yZPvZcoHwUFNN%2BZpcr%2F%2FNa8o9ElfN8zOYhzzZeg0X586laFpeUViPi9rxAXgtn2bKwejvBBZO%2BZAFZhmhLDdV0WLeT%2FFKfQ0QL8LH02Dvlx%2F8PjYogEE5yzx6g6yOKyKeIDf7jO3GM45O1o1hmSkmz3HiZNSbS8gXb3CDW9nmlhkqLKa4lLkAkZpAG5JCAR4KEzOF9HzUvNfgOnqr5Ov2QSm2AvCfOdBe9Oy%2Fvnzag3zLIuKsio2qc%2FE%2BKC0I%2B4MpT6AtjonGvWhSFYeOjRTl6ytxGba%2F42pjcyyVc4KxuembJV6Yiv2h%2FCVOHi42A4Bx%2BAVZlB2OJQoCeizHaEIke4gLKBu993M9y78%2FmzREQ0KgV1vvYuRfaKd1eNmO0SRV1ogUSH81Kgs05B6IoMhVKT4w7TwrTxbp%2FQ2iMn1qdaM1viWqCGwU1siX1ZIegdsZIo1sjlWnbsTcjefS6Pj3RtIU6lROCEB6QAgiS1WJabPNVEO7waQAXksTDyQHUY2wqyAfRzb44KOjG0poBVHSJ1fq5iJGt%2Fs2ROyG2r1yuKaZ4GSAmh5BaCjz8%3D%22%7D&prevSearchId=1765686709859674781&loginPromo=1
1059,,Arcadia Phu Quoc Resort,https://www.traveloka.com/en-vn/hotel/detail?spec=13-05-2023.14-05-2023.1.1.HOTEL.1000000425916.Arcadia%20Phu%20Quoc%20Resort.1&contexts=%7B%22inventoryRateKey%22%3A%22povEwB3ZzsU2C6pd%2B6MdUw6p4Oi4t9ianyz%2Fk%2Fcwm21M0tKsNUio4Rxug1zOzHJilcvZa8YdqqIySdppe7dolTIewZlxfjiOGz6oXLTucMvN0%2BgQ3yZPvZcoHwUFNN%2BZpcr%2F%2FNa8o9ElfN8zOYhzzZeg0X586laFpeUViPi9rxAXgtn2bKwejvBBZO%2BZAFZhmhLDdV0WLeT%2FFKfQ0QL8LH02Dvlx%2F8PjYogEE5yzx6g6yOKyKeIDf7jO3GM45O1o1hmSkmz3HiZNSbS8gXb3CDW9nmlhkqLKa4lLkAkZpAG5JCAR4KEzOF9HzUvNfgOnqr5Ov2QSm2AvCfOdBe9Oy%2Fvnzag3zLIuKsio2qc%2FE%2BKC0I%2B4MpT6AtjonGvWhSFYeOjRTl6ytxGba%2F42pjcyyVc4KxuembJV6Yiv2h%2FCVOHi42A4Bx%2BAVZlB2OJQoCeizHaEIke4gLKBu993M9y78%2FmzREQ0KgV1vvYuRfaKd1eNmO0SRV1ogUSH81Kgs05B6IoMhVKT4w7TwrTxbp%2FQ2iMn1qdaM1viWqCGwU1siX1ZIegdsZIo1sjlWnbsTcjefS6Pj3RtIU6lROCEB6QAgiS1WJabPNVEO7waQAXksTDyQHUY2wqyAfRzb44KOjG0poBVHSJ1fq5iJGt%2Fs2ROyG2r1yuKaZ4GSAmh5BaCjz8%3D%22%7D&prevSearchId=1765686709859674781&loginPromo=1
1060,"Phònh thì ẩm thấp, wifi có sóng nhưng ko có mạng, đồ thì ko có nhân viên ra xách phải tự kéo qua nền đá mệt muốn chết. Resort thì sâu tít trong ngõ bất tiện trăm điều. Hãy lựa chọn những nơi khác vì nhiều chỗ hợp lý hơn ở đây, ko đáng với giá tiền",Arcadia Phu Quoc Resort,https://www.traveloka.com/en-vn/hotel/detail?spec=13-05-2023.14-05-2023.1.1.HOTEL.1000000425916.Arcadia%20Phu%20Quoc%20Resort.1&contexts=%7B%22inventoryRateKey%22%3A%22povEwB3ZzsU2C6pd%2B6MdUw6p4Oi4t9ianyz%2Fk%2Fcwm21M0tKsNUio4Rxug1zOzHJilcvZa8YdqqIySdppe7dolTIewZlxfjiOGz6oXLTucMvN0%2BgQ3yZPvZcoHwUFNN%2BZpcr%2F%2FNa8o9ElfN8zOYhzzZeg0X586laFpeUViPi9rxAXgtn2bKwejvBBZO%2BZAFZhmhLDdV0WLeT%2FFKfQ0QL8LH02Dvlx%2F8PjYogEE5yzx6g6yOKyKeIDf7jO3GM45O1o1hmSkmz3HiZNSbS8gXb3CDW9nmlhkqLKa4lLkAkZpAG5JCAR4KEzOF9HzUvNfgOnqr5Ov2QSm2AvCfOdBe9Oy%2Fvnzag3zLIuKsio2qc%2FE%2BKC0I%2B4MpT6AtjonGvWhSFYeOjRTl6ytxGba%2F42pjcyyVc4KxuembJV6Yiv2h%2FCVOHi42A4Bx%2BAVZlB2OJQoCeizHaEIke4gLKBu993M9y78%2FmzREQ0KgV1vvYuRfaKd1eNmO0SRV1ogUSH81Kgs05B6IoMhVKT4w7TwrTxbp%2FQ2iMn1qdaM1viWqCGwU1siX1ZIegdsZIo1sjlWnbsTcjefS6Pj3RtIU6lROCEB6QAgiS1WJabPNVEO7waQAXksTDyQHUY2wqyAfRzb44KOjG0poBVHSJ1fq5iJGt%2Fs2ROyG2r1yuKaZ4GSAmh5BaCjz8%3D%22%7D&prevSearchId=1765686709859674781&loginPromo=1
1061,,Arcadia Phu Quoc Resort,https://www.traveloka.com/en-vn/hotel/detail?spec=13-05-2023.14-05-2023.1.1.HOTEL.1000000425916.Arcadia%20Phu%20Quoc%20Resort.1&contexts=%7B%22inventoryRateKey%22%3A%22povEwB3ZzsU2C6pd%2B6MdUw6p4Oi4t9ianyz%2Fk%2Fcwm21M0tKsNUio4Rxug1zOzHJilcvZa8YdqqIySdppe7dolTIewZlxfjiOGz6oXLTucMvN0%2BgQ3yZPvZcoHwUFNN%2BZpcr%2F%2FNa8o9ElfN8zOYhzzZeg0X586laFpeUViPi9rxAXgtn2bKwejvBBZO%2BZAFZhmhLDdV0WLeT%2FFKfQ0QL8LH02Dvlx%2F8PjYogEE5yzx6g6yOKyKeIDf7jO3GM45O1o1hmSkmz3HiZNSbS8gXb3CDW9nmlhkqLKa4lLkAkZpAG5JCAR4KEzOF9HzUvNfgOnqr5Ov2QSm2AvCfOdBe9Oy%2Fvnzag3zLIuKsio2qc%2FE%2BKC0I%2B4MpT6AtjonGvWhSFYeOjRTl6ytxGba%2F42pjcyyVc4KxuembJV6Yiv2h%2FCVOHi42A4Bx%2BAVZlB2OJQoCeizHaEIke4gLKBu993M9y78%2FmzREQ0KgV1vvYuRfaKd1eNmO0SRV1ogUSH81Kgs05B6IoMhVKT4w7TwrTxbp%2FQ2iMn1qdaM1viWqCGwU1siX1ZIegdsZIo1sjlWnbsTcjefS6Pj3RtIU6lROCEB6QAgiS1WJabPNVEO7waQAXksTDyQHUY2wqyAfRzb44KOjG0poBVHSJ1fq5iJGt%2Fs2ROyG2r1yuKaZ4GSAmh5BaCjz8%3D%22%7D&prevSearchId=1765686709859674781&loginPromo=1
1062,,Arcadia Phu Quoc Resort,https://www.traveloka.com/en-vn/hotel/detail?spec=13-05-2023.14-05-2023.1.1.HOTEL.1000000425916.Arcadia%20Phu%20Quoc%20Resort.1&contexts=%7B%22inventoryRateKey%22%3A%22povEwB3ZzsU2C6pd%2B6MdUw6p4Oi4t9ianyz%2Fk%2Fcwm21M0tKsNUio4Rxug1zOzHJilcvZa8YdqqIySdppe7dolTIewZlxfjiOGz6oXLTucMvN0%2BgQ3yZPvZcoHwUFNN%2BZpcr%2F%2FNa8o9ElfN8zOYhzzZeg0X586laFpeUViPi9rxAXgtn2bKwejvBBZO%2BZAFZhmhLDdV0WLeT%2FFKfQ0QL8LH02Dvlx%2F8PjYogEE5yzx6g6yOKyKeIDf7jO3GM45O1o1hmSkmz3HiZNSbS8gXb3CDW9nmlhkqLKa4lLkAkZpAG5JCAR4KEzOF9HzUvNfgOnqr5Ov2QSm2AvCfOdBe9Oy%2Fvnzag3zLIuKsio2qc%2FE%2BKC0I%2B4MpT6AtjonGvWhSFYeOjRTl6ytxGba%2F42pjcyyVc4KxuembJV6Yiv2h%2FCVOHi42A4Bx%2BAVZlB2OJQoCeizHaEIke4gLKBu993M9y78%2FmzREQ0KgV1vvYuRfaKd1eNmO0SRV1ogUSH81Kgs05B6IoMhVKT4w7TwrTxbp%2FQ2iMn1qdaM1viWqCGwU1siX1ZIegdsZIo1sjlWnbsTcjefS6Pj3RtIU6lROCEB6QAgiS1WJabPNVEO7waQAXksTDyQHUY2wqyAfRzb44KOjG0poBVHSJ1fq5iJGt%2Fs2ROyG2r1yuKaZ4GSAmh5BaCjz8%3D%22%7D&prevSearchId=1765686709859674781&loginPromo=1
1063,,Arcadia Phu Quoc Resort,https://www.traveloka.com/en-vn/hotel/detail?spec=13-05-2023.14-05-2023.1.1.HOTEL.1000000425916.Arcadia%20Phu%20Quoc%20Resort.1&contexts=%7B%22inventoryRateKey%22%3A%22povEwB3ZzsU2C6pd%2B6MdUw6p4Oi4t9ianyz%2Fk%2Fcwm21M0tKsNUio4Rxug1zOzHJilcvZa8YdqqIySdppe7dolTIewZlxfjiOGz6oXLTucMvN0%2BgQ3yZPvZcoHwUFNN%2BZpcr%2F%2FNa8o9ElfN8zOYhzzZeg0X586laFpeUViPi9rxAXgtn2bKwejvBBZO%2BZAFZhmhLDdV0WLeT%2FFKfQ0QL8LH02Dvlx%2F8PjYogEE5yzx6g6yOKyKeIDf7jO3GM45O1o1hmSkmz3HiZNSbS8gXb3CDW9nmlhkqLKa4lLkAkZpAG5JCAR4KEzOF9HzUvNfgOnqr5Ov2QSm2AvCfOdBe9Oy%2Fvnzag3zLIuKsio2qc%2FE%2BKC0I%2B4MpT6AtjonGvWhSFYeOjRTl6ytxGba%2F42pjcyyVc4KxuembJV6Yiv2h%2FCVOHi42A4Bx%2BAVZlB2OJQoCeizHaEIke4gLKBu993M9y78%2FmzREQ0KgV1vvYuRfaKd1eNmO0SRV1ogUSH81Kgs05B6IoMhVKT4w7TwrTxbp%2FQ2iMn1qdaM1viWqCGwU1siX1ZIegdsZIo1sjlWnbsTcjefS6Pj3RtIU6lROCEB6QAgiS1WJabPNVEO7waQAXksTDyQHUY2wqyAfRzb44KOjG0poBVHSJ1fq5iJGt%2Fs2ROyG2r1yuKaZ4GSAmh5BaCjz8%3D%22%7D&prevSearchId=1765686709859674781&loginPromo=1
1064,"Resort gần biển tiện lợi, đồ ăn rẻ, sạch sẽ, phục vụ nhiệt tình.
Mỗi cái là nóng lạnh năng lượng mặt trời nên hơi tắm muộn thì ko có nước nóng",Arcadia Phu Quoc Resort,https://www.traveloka.com/en-vn/hotel/detail?spec=13-05-2023.14-05-2023.1.1.HOTEL.1000000425916.Arcadia%20Phu%20Quoc%20Resort.1&contexts=%7B%22inventoryRateKey%22%3A%22povEwB3ZzsU2C6pd%2B6MdUw6p4Oi4t9ianyz%2Fk%2Fcwm21M0tKsNUio4Rxug1zOzHJilcvZa8YdqqIySdppe7dolTIewZlxfjiOGz6oXLTucMvN0%2BgQ3yZPvZcoHwUFNN%2BZpcr%2F%2FNa8o9ElfN8zOYhzzZeg0X586laFpeUViPi9rxAXgtn2bKwejvBBZO%2BZAFZhmhLDdV0WLeT%2FFKfQ0QL8LH02Dvlx%2F8PjYogEE5yzx6g6yOKyKeIDf7jO3GM45O1o1hmSkmz3HiZNSbS8gXb3CDW9nmlhkqLKa4lLkAkZpAG5JCAR4KEzOF9HzUvNfgOnqr5Ov2QSm2AvCfOdBe9Oy%2Fvnzag3zLIuKsio2qc%2FE%2BKC0I%2B4MpT6AtjonGvWhSFYeOjRTl6ytxGba%2F42pjcyyVc4KxuembJV6Yiv2h%2FCVOHi42A4Bx%2BAVZlB2OJQoCeizHaEIke4gLKBu993M9y78%2FmzREQ0KgV1vvYuRfaKd1eNmO0SRV1ogUSH81Kgs05B6IoMhVKT4w7TwrTxbp%2FQ2iMn1qdaM1viWqCGwU1siX1ZIegdsZIo1sjlWnbsTcjefS6Pj3RtIU6lROCEB6QAgiS1WJabPNVEO7waQAXksTDyQHUY2wqyAfRzb44KOjG0poBVHSJ1fq5iJGt%2Fs2ROyG2r1yuKaZ4GSAmh5BaCjz8%3D%22%7D&prevSearchId=1765686709859674781&loginPromo=1
1065,,Arcadia Phu Quoc Resort,https://www.traveloka.com/en-vn/hotel/detail?spec=13-05-2023.14-05-2023.1.1.HOTEL.1000000425916.Arcadia%20Phu%20Quoc%20Resort.1&contexts=%7B%22inventoryRateKey%22%3A%22povEwB3ZzsU2C6pd%2B6MdUw6p4Oi4t9ianyz%2Fk%2Fcwm21M0tKsNUio4Rxug1zOzHJilcvZa8YdqqIySdppe7dolTIewZlxfjiOGz6oXLTucMvN0%2BgQ3yZPvZcoHwUFNN%2BZpcr%2F%2FNa8o9ElfN8zOYhzzZeg0X586laFpeUViPi9rxAXgtn2bKwejvBBZO%2BZAFZhmhLDdV0WLeT%2FFKfQ0QL8LH02Dvlx%2F8PjYogEE5yzx6g6yOKyKeIDf7jO3GM45O1o1hmSkmz3HiZNSbS8gXb3CDW9nmlhkqLKa4lLkAkZpAG5JCAR4KEzOF9HzUvNfgOnqr5Ov2QSm2AvCfOdBe9Oy%2Fvnzag3zLIuKsio2qc%2FE%2BKC0I%2B4MpT6AtjonGvWhSFYeOjRTl6ytxGba%2F42pjcyyVc4KxuembJV6Yiv2h%2FCVOHi42A4Bx%2BAVZlB2OJQoCeizHaEIke4gLKBu993M9y78%2FmzREQ0KgV1vvYuRfaKd1eNmO0SRV1ogUSH81Kgs05B6IoMhVKT4w7TwrTxbp%2FQ2iMn1qdaM1viWqCGwU1siX1ZIegdsZIo1sjlWnbsTcjefS6Pj3RtIU6lROCEB6QAgiS1WJabPNVEO7waQAXksTDyQHUY2wqyAfRzb44KOjG0poBVHSJ1fq5iJGt%2Fs2ROyG2r1yuKaZ4GSAmh5BaCjz8%3D%22%7D&prevSearchId=1765686709859674781&loginPromo=1
1066,"Phòng tạm ổn, chỉ giống 75% trong hình miêu tả. Phòng không được rộng rãi như trong hình nhưng bù lại sạch đẹp, toilet rộng sạch sẽ, nhân viên nhiệt tình tư vấn và ân cần. Bãi biển đẹp dễ dàng tắm biển.Buffet đầy đủ món và ngon phù hợp khẩu vị Việt.",Arcadia Phu Quoc Resort,https://www.traveloka.com/en-vn/hotel/detail?spec=13-05-2023.14-05-2023.1.1.HOTEL.1000000425916.Arcadia%20Phu%20Quoc%20Resort.1&contexts=%7B%22inventoryRateKey%22%3A%22povEwB3ZzsU2C6pd%2B6MdUw6p4Oi4t9ianyz%2Fk%2Fcwm21M0tKsNUio4Rxug1zOzHJilcvZa8YdqqIySdppe7dolTIewZlxfjiOGz6oXLTucMvN0%2BgQ3yZPvZcoHwUFNN%2BZpcr%2F%2FNa8o9ElfN8zOYhzzZeg0X586laFpeUViPi9rxAXgtn2bKwejvBBZO%2BZAFZhmhLDdV0WLeT%2FFKfQ0QL8LH02Dvlx%2F8PjYogEE5yzx6g6yOKyKeIDf7jO3GM45O1o1hmSkmz3HiZNSbS8gXb3CDW9nmlhkqLKa4lLkAkZpAG5JCAR4KEzOF9HzUvNfgOnqr5Ov2QSm2AvCfOdBe9Oy%2Fvnzag3zLIuKsio2qc%2FE%2BKC0I%2B4MpT6AtjonGvWhSFYeOjRTl6ytxGba%2F42pjcyyVc4KxuembJV6Yiv2h%2FCVOHi42A4Bx%2BAVZlB2OJQoCeizHaEIke4gLKBu993M9y78%2FmzREQ0KgV1vvYuRfaKd1eNmO0SRV1ogUSH81Kgs05B6IoMhVKT4w7TwrTxbp%2FQ2iMn1qdaM1viWqCGwU1siX1ZIegdsZIo1sjlWnbsTcjefS6Pj3RtIU6lROCEB6QAgiS1WJabPNVEO7waQAXksTDyQHUY2wqyAfRzb44KOjG0poBVHSJ1fq5iJGt%2Fs2ROyG2r1yuKaZ4GSAmh5BaCjz8%3D%22%7D&prevSearchId=1765686709859674781&loginPromo=1
1067,Tuong rang dep sang trong nhung ko co that,Arcadia Phu Quoc Resort,https://www.traveloka.com/en-vn/hotel/detail?spec=13-05-2023.14-05-2023.1.1.HOTEL.1000000425916.Arcadia%20Phu%20Quoc%20Resort.1&contexts=%7B%22inventoryRateKey%22%3A%22povEwB3ZzsU2C6pd%2B6MdUw6p4Oi4t9ianyz%2Fk%2Fcwm21M0tKsNUio4Rxug1zOzHJilcvZa8YdqqIySdppe7dolTIewZlxfjiOGz6oXLTucMvN0%2BgQ3yZPvZcoHwUFNN%2BZpcr%2F%2FNa8o9ElfN8zOYhzzZeg0X586laFpeUViPi9rxAXgtn2bKwejvBBZO%2BZAFZhmhLDdV0WLeT%2FFKfQ0QL8LH02Dvlx%2F8PjYogEE5yzx6g6yOKyKeIDf7jO3GM45O1o1hmSkmz3HiZNSbS8gXb3CDW9nmlhkqLKa4lLkAkZpAG5JCAR4KEzOF9HzUvNfgOnqr5Ov2QSm2AvCfOdBe9Oy%2Fvnzag3zLIuKsio2qc%2FE%2BKC0I%2B4MpT6AtjonGvWhSFYeOjRTl6ytxGba%2F42pjcyyVc4KxuembJV6Yiv2h%2FCVOHi42A4Bx%2BAVZlB2OJQoCeizHaEIke4gLKBu993M9y78%2FmzREQ0KgV1vvYuRfaKd1eNmO0SRV1ogUSH81Kgs05B6IoMhVKT4w7TwrTxbp%2FQ2iMn1qdaM1viWqCGwU1siX1ZIegdsZIo1sjlWnbsTcjefS6Pj3RtIU6lROCEB6QAgiS1WJabPNVEO7waQAXksTDyQHUY2wqyAfRzb44KOjG0poBVHSJ1fq5iJGt%2Fs2ROyG2r1yuKaZ4GSAmh5BaCjz8%3D%22%7D&prevSearchId=1765686709859674781&loginPromo=1
1068,Tuyệt vời! Lúc đầu mình book deluxe ocean view nhưng khi đến nơi mình đổi sang Bugalow rất là ok,Arcadia Phu Quoc Resort,https://www.traveloka.com/en-vn/hotel/detail?spec=13-05-2023.14-05-2023.1.1.HOTEL.1000000425916.Arcadia%20Phu%20Quoc%20Resort.1&contexts=%7B%22inventoryRateKey%22%3A%22povEwB3ZzsU2C6pd%2B6MdUw6p4Oi4t9ianyz%2Fk%2Fcwm21M0tKsNUio4Rxug1zOzHJilcvZa8YdqqIySdppe7dolTIewZlxfjiOGz6oXLTucMvN0%2BgQ3yZPvZcoHwUFNN%2BZpcr%2F%2FNa8o9ElfN8zOYhzzZeg0X586laFpeUViPi9rxAXgtn2bKwejvBBZO%2BZAFZhmhLDdV0WLeT%2FFKfQ0QL8LH02Dvlx%2F8PjYogEE5yzx6g6yOKyKeIDf7jO3GM45O1o1hmSkmz3HiZNSbS8gXb3CDW9nmlhkqLKa4lLkAkZpAG5JCAR4KEzOF9HzUvNfgOnqr5Ov2QSm2AvCfOdBe9Oy%2Fvnzag3zLIuKsio2qc%2FE%2BKC0I%2B4MpT6AtjonGvWhSFYeOjRTl6ytxGba%2F42pjcyyVc4KxuembJV6Yiv2h%2FCVOHi42A4Bx%2BAVZlB2OJQoCeizHaEIke4gLKBu993M9y78%2FmzREQ0KgV1vvYuRfaKd1eNmO0SRV1ogUSH81Kgs05B6IoMhVKT4w7TwrTxbp%2FQ2iMn1qdaM1viWqCGwU1siX1ZIegdsZIo1sjlWnbsTcjefS6Pj3RtIU6lROCEB6QAgiS1WJabPNVEO7waQAXksTDyQHUY2wqyAfRzb44KOjG0poBVHSJ1fq5iJGt%2Fs2ROyG2r1yuKaZ4GSAmh5BaCjz8%3D%22%7D&prevSearchId=1765686709859674781&loginPromo=1
1069,"Phòng ốc xuống cấp, khách sạn ko có nước nóng, ko có điện thoại, phục vụ chán",Arcadia Phu Quoc Resort,https://www.traveloka.com/en-vn/hotel/detail?spec=13-05-2023.14-05-2023.1.1.HOTEL.1000000425916.Arcadia%20Phu%20Quoc%20Resort.1&contexts=%7B%22inventoryRateKey%22%3A%22povEwB3ZzsU2C6pd%2B6MdUw6p4Oi4t9ianyz%2Fk%2Fcwm21M0tKsNUio4Rxug1zOzHJilcvZa8YdqqIySdppe7dolTIewZlxfjiOGz6oXLTucMvN0%2BgQ3yZPvZcoHwUFNN%2BZpcr%2F%2FNa8o9ElfN8zOYhzzZeg0X586laFpeUViPi9rxAXgtn2bKwejvBBZO%2BZAFZhmhLDdV0WLeT%2FFKfQ0QL8LH02Dvlx%2F8PjYogEE5yzx6g6yOKyKeIDf7jO3GM45O1o1hmSkmz3HiZNSbS8gXb3CDW9nmlhkqLKa4lLkAkZpAG5JCAR4KEzOF9HzUvNfgOnqr5Ov2QSm2AvCfOdBe9Oy%2Fvnzag3zLIuKsio2qc%2FE%2BKC0I%2B4MpT6AtjonGvWhSFYeOjRTl6ytxGba%2F42pjcyyVc4KxuembJV6Yiv2h%2FCVOHi42A4Bx%2BAVZlB2OJQoCeizHaEIke4gLKBu993M9y78%2FmzREQ0KgV1vvYuRfaKd1eNmO0SRV1ogUSH81Kgs05B6IoMhVKT4w7TwrTxbp%2FQ2iMn1qdaM1viWqCGwU1siX1ZIegdsZIo1sjlWnbsTcjefS6Pj3RtIU6lROCEB6QAgiS1WJabPNVEO7waQAXksTDyQHUY2wqyAfRzb44KOjG0poBVHSJ1fq5iJGt%2Fs2ROyG2r1yuKaZ4GSAmh5BaCjz8%3D%22%7D&prevSearchId=1765686709859674781&loginPromo=1
1070,"Resort sạch sẽ, view tuyệt đẹp, yên tĩnh, nhà hàng ngon và nhân viên nhiệt tình, chu đáo. Sự lựa chọn tuyệt vời cho kì nghỉ của gia đình 👍",Arcadia Phu Quoc Resort,https://www.traveloka.com/en-vn/hotel/detail?spec=13-05-2023.14-05-2023.1.1.HOTEL.1000000425916.Arcadia%20Phu%20Quoc%20Resort.1&contexts=%7B%22inventoryRateKey%22%3A%22povEwB3ZzsU2C6pd%2B6MdUw6p4Oi4t9ianyz%2Fk%2Fcwm21M0tKsNUio4Rxug1zOzHJilcvZa8YdqqIySdppe7dolTIewZlxfjiOGz6oXLTucMvN0%2BgQ3yZPvZcoHwUFNN%2BZpcr%2F%2FNa8o9ElfN8zOYhzzZeg0X586laFpeUViPi9rxAXgtn2bKwejvBBZO%2BZAFZhmhLDdV0WLeT%2FFKfQ0QL8LH02Dvlx%2F8PjYogEE5yzx6g6yOKyKeIDf7jO3GM45O1o1hmSkmz3HiZNSbS8gXb3CDW9nmlhkqLKa4lLkAkZpAG5JCAR4KEzOF9HzUvNfgOnqr5Ov2QSm2AvCfOdBe9Oy%2Fvnzag3zLIuKsio2qc%2FE%2BKC0I%2B4MpT6AtjonGvWhSFYeOjRTl6ytxGba%2F42pjcyyVc4KxuembJV6Yiv2h%2FCVOHi42A4Bx%2BAVZlB2OJQoCeizHaEIke4gLKBu993M9y78%2FmzREQ0KgV1vvYuRfaKd1eNmO0SRV1ogUSH81Kgs05B6IoMhVKT4w7TwrTxbp%2FQ2iMn1qdaM1viWqCGwU1siX1ZIegdsZIo1sjlWnbsTcjefS6Pj3RtIU6lROCEB6QAgiS1WJabPNVEO7waQAXksTDyQHUY2wqyAfRzb44KOjG0poBVHSJ1fq5iJGt%2Fs2ROyG2r1yuKaZ4GSAmh5BaCjz8%3D%22%7D&prevSearchId=1765686709859674781&loginPromo=1
1071,"View của resort rất đẹp, không gian thoáng mát, phòng ở sạch nhưng có mùi ẩm mốc, máy lạnh bị hư ko điều khiển được remote, có nói nhân viên nhưng ko làm gì được, tay nắm cửa xoay 180 độ mở đến 10p mới ra. Mình ko ưng phòng nghỉ tí nào.",Arcadia Phu Quoc Resort,https://www.traveloka.com/en-vn/hotel/detail?spec=13-05-2023.14-05-2023.1.1.HOTEL.1000000425916.Arcadia%20Phu%20Quoc%20Resort.1&contexts=%7B%22inventoryRateKey%22%3A%22povEwB3ZzsU2C6pd%2B6MdUw6p4Oi4t9ianyz%2Fk%2Fcwm21M0tKsNUio4Rxug1zOzHJilcvZa8YdqqIySdppe7dolTIewZlxfjiOGz6oXLTucMvN0%2BgQ3yZPvZcoHwUFNN%2BZpcr%2F%2FNa8o9ElfN8zOYhzzZeg0X586laFpeUViPi9rxAXgtn2bKwejvBBZO%2BZAFZhmhLDdV0WLeT%2FFKfQ0QL8LH02Dvlx%2F8PjYogEE5yzx6g6yOKyKeIDf7jO3GM45O1o1hmSkmz3HiZNSbS8gXb3CDW9nmlhkqLKa4lLkAkZpAG5JCAR4KEzOF9HzUvNfgOnqr5Ov2QSm2AvCfOdBe9Oy%2Fvnzag3zLIuKsio2qc%2FE%2BKC0I%2B4MpT6AtjonGvWhSFYeOjRTl6ytxGba%2F42pjcyyVc4KxuembJV6Yiv2h%2FCVOHi42A4Bx%2BAVZlB2OJQoCeizHaEIke4gLKBu993M9y78%2FmzREQ0KgV1vvYuRfaKd1eNmO0SRV1ogUSH81Kgs05B6IoMhVKT4w7TwrTxbp%2FQ2iMn1qdaM1viWqCGwU1siX1ZIegdsZIo1sjlWnbsTcjefS6Pj3RtIU6lROCEB6QAgiS1WJabPNVEO7waQAXksTDyQHUY2wqyAfRzb44KOjG0poBVHSJ1fq5iJGt%2Fs2ROyG2r1yuKaZ4GSAmh5BaCjz8%3D%22%7D&prevSearchId=1765686709859674781&loginPromo=1
1072,"Giá hợp lý, nhân viên nhiệt tình. Vi trí resort ngay trung tâm nên rất dể di chuyển đến các điểm du lịch. Bãi tắm riêng rất sạch và thoải mái. ",Arcadia Phu Quoc Resort,https://www.traveloka.com/en-vn/hotel/detail?spec=13-05-2023.14-05-2023.1.1.HOTEL.1000000425916.Arcadia%20Phu%20Quoc%20Resort.1&contexts=%7B%22inventoryRateKey%22%3A%22povEwB3ZzsU2C6pd%2B6MdUw6p4Oi4t9ianyz%2Fk%2Fcwm21M0tKsNUio4Rxug1zOzHJilcvZa8YdqqIySdppe7dolTIewZlxfjiOGz6oXLTucMvN0%2BgQ3yZPvZcoHwUFNN%2BZpcr%2F%2FNa8o9ElfN8zOYhzzZeg0X586laFpeUViPi9rxAXgtn2bKwejvBBZO%2BZAFZhmhLDdV0WLeT%2FFKfQ0QL8LH02Dvlx%2F8PjYogEE5yzx6g6yOKyKeIDf7jO3GM45O1o1hmSkmz3HiZNSbS8gXb3CDW9nmlhkqLKa4lLkAkZpAG5JCAR4KEzOF9HzUvNfgOnqr5Ov2QSm2AvCfOdBe9Oy%2Fvnzag3zLIuKsio2qc%2FE%2BKC0I%2B4MpT6AtjonGvWhSFYeOjRTl6ytxGba%2F42pjcyyVc4KxuembJV6Yiv2h%2FCVOHi42A4Bx%2BAVZlB2OJQoCeizHaEIke4gLKBu993M9y78%2FmzREQ0KgV1vvYuRfaKd1eNmO0SRV1ogUSH81Kgs05B6IoMhVKT4w7TwrTxbp%2FQ2iMn1qdaM1viWqCGwU1siX1ZIegdsZIo1sjlWnbsTcjefS6Pj3RtIU6lROCEB6QAgiS1WJabPNVEO7waQAXksTDyQHUY2wqyAfRzb44KOjG0poBVHSJ1fq5iJGt%2Fs2ROyG2r1yuKaZ4GSAmh5BaCjz8%3D%22%7D&prevSearchId=1765686709859674781&loginPromo=1
1073,tuyệt. không gian xanh. nước biển trong như nước uống,Arcadia Phu Quoc Resort,https://www.traveloka.com/en-vn/hotel/detail?spec=13-05-2023.14-05-2023.1.1.HOTEL.1000000425916.Arcadia%20Phu%20Quoc%20Resort.1&contexts=%7B%22inventoryRateKey%22%3A%22povEwB3ZzsU2C6pd%2B6MdUw6p4Oi4t9ianyz%2Fk%2Fcwm21M0tKsNUio4Rxug1zOzHJilcvZa8YdqqIySdppe7dolTIewZlxfjiOGz6oXLTucMvN0%2BgQ3yZPvZcoHwUFNN%2BZpcr%2F%2FNa8o9ElfN8zOYhzzZeg0X586laFpeUViPi9rxAXgtn2bKwejvBBZO%2BZAFZhmhLDdV0WLeT%2FFKfQ0QL8LH02Dvlx%2F8PjYogEE5yzx6g6yOKyKeIDf7jO3GM45O1o1hmSkmz3HiZNSbS8gXb3CDW9nmlhkqLKa4lLkAkZpAG5JCAR4KEzOF9HzUvNfgOnqr5Ov2QSm2AvCfOdBe9Oy%2Fvnzag3zLIuKsio2qc%2FE%2BKC0I%2B4MpT6AtjonGvWhSFYeOjRTl6ytxGba%2F42pjcyyVc4KxuembJV6Yiv2h%2FCVOHi42A4Bx%2BAVZlB2OJQoCeizHaEIke4gLKBu993M9y78%2FmzREQ0KgV1vvYuRfaKd1eNmO0SRV1ogUSH81Kgs05B6IoMhVKT4w7TwrTxbp%2FQ2iMn1qdaM1viWqCGwU1siX1ZIegdsZIo1sjlWnbsTcjefS6Pj3RtIU6lROCEB6QAgiS1WJabPNVEO7waQAXksTDyQHUY2wqyAfRzb44KOjG0poBVHSJ1fq5iJGt%2Fs2ROyG2r1yuKaZ4GSAmh5BaCjz8%3D%22%7D&prevSearchId=1765686709859674781&loginPromo=1
1074,"Máy lạnh hơi chậm 1 tí, nhưng toàn cảnh view đẹp👍 đồ ăn ngon, vừa ăn vừa ngắm biển thì quá tuyệt vời rồi 😆",Arcadia Phu Quoc Resort,https://www.traveloka.com/en-vn/hotel/detail?spec=13-05-2023.14-05-2023.1.1.HOTEL.1000000425916.Arcadia%20Phu%20Quoc%20Resort.1&contexts=%7B%22inventoryRateKey%22%3A%22povEwB3ZzsU2C6pd%2B6MdUw6p4Oi4t9ianyz%2Fk%2Fcwm21M0tKsNUio4Rxug1zOzHJilcvZa8YdqqIySdppe7dolTIewZlxfjiOGz6oXLTucMvN0%2BgQ3yZPvZcoHwUFNN%2BZpcr%2F%2FNa8o9ElfN8zOYhzzZeg0X586laFpeUViPi9rxAXgtn2bKwejvBBZO%2BZAFZhmhLDdV0WLeT%2FFKfQ0QL8LH02Dvlx%2F8PjYogEE5yzx6g6yOKyKeIDf7jO3GM45O1o1hmSkmz3HiZNSbS8gXb3CDW9nmlhkqLKa4lLkAkZpAG5JCAR4KEzOF9HzUvNfgOnqr5Ov2QSm2AvCfOdBe9Oy%2Fvnzag3zLIuKsio2qc%2FE%2BKC0I%2B4MpT6AtjonGvWhSFYeOjRTl6ytxGba%2F42pjcyyVc4KxuembJV6Yiv2h%2FCVOHi42A4Bx%2BAVZlB2OJQoCeizHaEIke4gLKBu993M9y78%2FmzREQ0KgV1vvYuRfaKd1eNmO0SRV1ogUSH81Kgs05B6IoMhVKT4w7TwrTxbp%2FQ2iMn1qdaM1viWqCGwU1siX1ZIegdsZIo1sjlWnbsTcjefS6Pj3RtIU6lROCEB6QAgiS1WJabPNVEO7waQAXksTDyQHUY2wqyAfRzb44KOjG0poBVHSJ1fq5iJGt%2Fs2ROyG2r1yuKaZ4GSAmh5BaCjz8%3D%22%7D&prevSearchId=1765686709859674781&loginPromo=1
1075,"Giá phòng cao nhưng không kèm ăn sáng, biển cực dơ",Arcadia Phu Quoc Resort,https://www.traveloka.com/en-vn/hotel/detail?spec=13-05-2023.14-05-2023.1.1.HOTEL.1000000425916.Arcadia%20Phu%20Quoc%20Resort.1&contexts=%7B%22inventoryRateKey%22%3A%22povEwB3ZzsU2C6pd%2B6MdUw6p4Oi4t9ianyz%2Fk%2Fcwm21M0tKsNUio4Rxug1zOzHJilcvZa8YdqqIySdppe7dolTIewZlxfjiOGz6oXLTucMvN0%2BgQ3yZPvZcoHwUFNN%2BZpcr%2F%2FNa8o9ElfN8zOYhzzZeg0X586laFpeUViPi9rxAXgtn2bKwejvBBZO%2BZAFZhmhLDdV0WLeT%2FFKfQ0QL8LH02Dvlx%2F8PjYogEE5yzx6g6yOKyKeIDf7jO3GM45O1o1hmSkmz3HiZNSbS8gXb3CDW9nmlhkqLKa4lLkAkZpAG5JCAR4KEzOF9HzUvNfgOnqr5Ov2QSm2AvCfOdBe9Oy%2Fvnzag3zLIuKsio2qc%2FE%2BKC0I%2B4MpT6AtjonGvWhSFYeOjRTl6ytxGba%2F42pjcyyVc4KxuembJV6Yiv2h%2FCVOHi42A4Bx%2BAVZlB2OJQoCeizHaEIke4gLKBu993M9y78%2FmzREQ0KgV1vvYuRfaKd1eNmO0SRV1ogUSH81Kgs05B6IoMhVKT4w7TwrTxbp%2FQ2iMn1qdaM1viWqCGwU1siX1ZIegdsZIo1sjlWnbsTcjefS6Pj3RtIU6lROCEB6QAgiS1WJabPNVEO7waQAXksTDyQHUY2wqyAfRzb44KOjG0poBVHSJ1fq5iJGt%2Fs2ROyG2r1yuKaZ4GSAmh5BaCjz8%3D%22%7D&prevSearchId=1765686709859674781&loginPromo=1
1076,"khách sạn tệ, dịch vụ tệ, phá hỏng kì nghỉ",Arcadia Phu Quoc Resort,https://www.traveloka.com/en-vn/hotel/detail?spec=13-05-2023.14-05-2023.1.1.HOTEL.1000000425916.Arcadia%20Phu%20Quoc%20Resort.1&contexts=%7B%22inventoryRateKey%22%3A%22povEwB3ZzsU2C6pd%2B6MdUw6p4Oi4t9ianyz%2Fk%2Fcwm21M0tKsNUio4Rxug1zOzHJilcvZa8YdqqIySdppe7dolTIewZlxfjiOGz6oXLTucMvN0%2BgQ3yZPvZcoHwUFNN%2BZpcr%2F%2FNa8o9ElfN8zOYhzzZeg0X586laFpeUViPi9rxAXgtn2bKwejvBBZO%2BZAFZhmhLDdV0WLeT%2FFKfQ0QL8LH02Dvlx%2F8PjYogEE5yzx6g6yOKyKeIDf7jO3GM45O1o1hmSkmz3HiZNSbS8gXb3CDW9nmlhkqLKa4lLkAkZpAG5JCAR4KEzOF9HzUvNfgOnqr5Ov2QSm2AvCfOdBe9Oy%2Fvnzag3zLIuKsio2qc%2FE%2BKC0I%2B4MpT6AtjonGvWhSFYeOjRTl6ytxGba%2F42pjcyyVc4KxuembJV6Yiv2h%2FCVOHi42A4Bx%2BAVZlB2OJQoCeizHaEIke4gLKBu993M9y78%2FmzREQ0KgV1vvYuRfaKd1eNmO0SRV1ogUSH81Kgs05B6IoMhVKT4w7TwrTxbp%2FQ2iMn1qdaM1viWqCGwU1siX1ZIegdsZIo1sjlWnbsTcjefS6Pj3RtIU6lROCEB6QAgiS1WJabPNVEO7waQAXksTDyQHUY2wqyAfRzb44KOjG0poBVHSJ1fq5iJGt%2Fs2ROyG2r1yuKaZ4GSAmh5BaCjz8%3D%22%7D&prevSearchId=1765686709859674781&loginPromo=1
1077,"Mình ở phòng 16, nước trong nhà vệ sinh chảy róc rách nguyên đêm nên không ngủ được luôn. Sáng bad mood quá nên phải check out đi sớm :(",Arcadia Phu Quoc Resort,https://www.traveloka.com/en-vn/hotel/detail?spec=13-05-2023.14-05-2023.1.1.HOTEL.1000000425916.Arcadia%20Phu%20Quoc%20Resort.1&contexts=%7B%22inventoryRateKey%22%3A%22povEwB3ZzsU2C6pd%2B6MdUw6p4Oi4t9ianyz%2Fk%2Fcwm21M0tKsNUio4Rxug1zOzHJilcvZa8YdqqIySdppe7dolTIewZlxfjiOGz6oXLTucMvN0%2BgQ3yZPvZcoHwUFNN%2BZpcr%2F%2FNa8o9ElfN8zOYhzzZeg0X586laFpeUViPi9rxAXgtn2bKwejvBBZO%2BZAFZhmhLDdV0WLeT%2FFKfQ0QL8LH02Dvlx%2F8PjYogEE5yzx6g6yOKyKeIDf7jO3GM45O1o1hmSkmz3HiZNSbS8gXb3CDW9nmlhkqLKa4lLkAkZpAG5JCAR4KEzOF9HzUvNfgOnqr5Ov2QSm2AvCfOdBe9Oy%2Fvnzag3zLIuKsio2qc%2FE%2BKC0I%2B4MpT6AtjonGvWhSFYeOjRTl6ytxGba%2F42pjcyyVc4KxuembJV6Yiv2h%2FCVOHi42A4Bx%2BAVZlB2OJQoCeizHaEIke4gLKBu993M9y78%2FmzREQ0KgV1vvYuRfaKd1eNmO0SRV1ogUSH81Kgs05B6IoMhVKT4w7TwrTxbp%2FQ2iMn1qdaM1viWqCGwU1siX1ZIegdsZIo1sjlWnbsTcjefS6Pj3RtIU6lROCEB6QAgiS1WJabPNVEO7waQAXksTDyQHUY2wqyAfRzb44KOjG0poBVHSJ1fq5iJGt%2Fs2ROyG2r1yuKaZ4GSAmh5BaCjz8%3D%22%7D&prevSearchId=1765686709859674781&loginPromo=1
1078,,Arcadia Phu Quoc Resort,https://www.traveloka.com/en-vn/hotel/detail?spec=13-05-2023.14-05-2023.1.1.HOTEL.1000000425916.Arcadia%20Phu%20Quoc%20Resort.1&contexts=%7B%22inventoryRateKey%22%3A%22povEwB3ZzsU2C6pd%2B6MdUw6p4Oi4t9ianyz%2Fk%2Fcwm21M0tKsNUio4Rxug1zOzHJilcvZa8YdqqIySdppe7dolTIewZlxfjiOGz6oXLTucMvN0%2BgQ3yZPvZcoHwUFNN%2BZpcr%2F%2FNa8o9ElfN8zOYhzzZeg0X586laFpeUViPi9rxAXgtn2bKwejvBBZO%2BZAFZhmhLDdV0WLeT%2FFKfQ0QL8LH02Dvlx%2F8PjYogEE5yzx6g6yOKyKeIDf7jO3GM45O1o1hmSkmz3HiZNSbS8gXb3CDW9nmlhkqLKa4lLkAkZpAG5JCAR4KEzOF9HzUvNfgOnqr5Ov2QSm2AvCfOdBe9Oy%2Fvnzag3zLIuKsio2qc%2FE%2BKC0I%2B4MpT6AtjonGvWhSFYeOjRTl6ytxGba%2F42pjcyyVc4KxuembJV6Yiv2h%2FCVOHi42A4Bx%2BAVZlB2OJQoCeizHaEIke4gLKBu993M9y78%2FmzREQ0KgV1vvYuRfaKd1eNmO0SRV1ogUSH81Kgs05B6IoMhVKT4w7TwrTxbp%2FQ2iMn1qdaM1viWqCGwU1siX1ZIegdsZIo1sjlWnbsTcjefS6Pj3RtIU6lROCEB6QAgiS1WJabPNVEO7waQAXksTDyQHUY2wqyAfRzb44KOjG0poBVHSJ1fq5iJGt%2Fs2ROyG2r1yuKaZ4GSAmh5BaCjz8%3D%22%7D&prevSearchId=1765686709859674781&loginPromo=1
1079,nhiều muỗi và nhân viên phục vụ chưa tốt,Arcadia Phu Quoc Resort,https://www.traveloka.com/en-vn/hotel/detail?spec=13-05-2023.14-05-2023.1.1.HOTEL.1000000425916.Arcadia%20Phu%20Quoc%20Resort.1&contexts=%7B%22inventoryRateKey%22%3A%22povEwB3ZzsU2C6pd%2B6MdUw6p4Oi4t9ianyz%2Fk%2Fcwm21M0tKsNUio4Rxug1zOzHJilcvZa8YdqqIySdppe7dolTIewZlxfjiOGz6oXLTucMvN0%2BgQ3yZPvZcoHwUFNN%2BZpcr%2F%2FNa8o9ElfN8zOYhzzZeg0X586laFpeUViPi9rxAXgtn2bKwejvBBZO%2BZAFZhmhLDdV0WLeT%2FFKfQ0QL8LH02Dvlx%2F8PjYogEE5yzx6g6yOKyKeIDf7jO3GM45O1o1hmSkmz3HiZNSbS8gXb3CDW9nmlhkqLKa4lLkAkZpAG5JCAR4KEzOF9HzUvNfgOnqr5Ov2QSm2AvCfOdBe9Oy%2Fvnzag3zLIuKsio2qc%2FE%2BKC0I%2B4MpT6AtjonGvWhSFYeOjRTl6ytxGba%2F42pjcyyVc4KxuembJV6Yiv2h%2FCVOHi42A4Bx%2BAVZlB2OJQoCeizHaEIke4gLKBu993M9y78%2FmzREQ0KgV1vvYuRfaKd1eNmO0SRV1ogUSH81Kgs05B6IoMhVKT4w7TwrTxbp%2FQ2iMn1qdaM1viWqCGwU1siX1ZIegdsZIo1sjlWnbsTcjefS6Pj3RtIU6lROCEB6QAgiS1WJabPNVEO7waQAXksTDyQHUY2wqyAfRzb44KOjG0poBVHSJ1fq5iJGt%2Fs2ROyG2r1yuKaZ4GSAmh5BaCjz8%3D%22%7D&prevSearchId=1765686709859674781&loginPromo=1
1080,"Nhân viên lễ tân vui vẻ, phục vụ phòng tốt, sạch sẽ.
Có điều vào ban đêm đường đi hơi tối, nếu ko bật đèn bin thì ko thấy đường.
Không gian yên tĩnh, thích hợp cho ai cần nghỉ dưỡng",Arcadia Phu Quoc Resort,https://www.traveloka.com/en-vn/hotel/detail?spec=13-05-2023.14-05-2023.1.1.HOTEL.1000000425916.Arcadia%20Phu%20Quoc%20Resort.1&contexts=%7B%22inventoryRateKey%22%3A%22povEwB3ZzsU2C6pd%2B6MdUw6p4Oi4t9ianyz%2Fk%2Fcwm21M0tKsNUio4Rxug1zOzHJilcvZa8YdqqIySdppe7dolTIewZlxfjiOGz6oXLTucMvN0%2BgQ3yZPvZcoHwUFNN%2BZpcr%2F%2FNa8o9ElfN8zOYhzzZeg0X586laFpeUViPi9rxAXgtn2bKwejvBBZO%2BZAFZhmhLDdV0WLeT%2FFKfQ0QL8LH02Dvlx%2F8PjYogEE5yzx6g6yOKyKeIDf7jO3GM45O1o1hmSkmz3HiZNSbS8gXb3CDW9nmlhkqLKa4lLkAkZpAG5JCAR4KEzOF9HzUvNfgOnqr5Ov2QSm2AvCfOdBe9Oy%2Fvnzag3zLIuKsio2qc%2FE%2BKC0I%2B4MpT6AtjonGvWhSFYeOjRTl6ytxGba%2F42pjcyyVc4KxuembJV6Yiv2h%2FCVOHi42A4Bx%2BAVZlB2OJQoCeizHaEIke4gLKBu993M9y78%2FmzREQ0KgV1vvYuRfaKd1eNmO0SRV1ogUSH81Kgs05B6IoMhVKT4w7TwrTxbp%2FQ2iMn1qdaM1viWqCGwU1siX1ZIegdsZIo1sjlWnbsTcjefS6Pj3RtIU6lROCEB6QAgiS1WJabPNVEO7waQAXksTDyQHUY2wqyAfRzb44KOjG0poBVHSJ1fq5iJGt%2Fs2ROyG2r1yuKaZ4GSAmh5BaCjz8%3D%22%7D&prevSearchId=1765686709859674781&loginPromo=1
1081,Bình thường do trang thiết bị dành cho phòng nghỉ còn sơ sài và phòng cần nâng cấp đẹp hơn với nhiều trang trí,Arcadia Phu Quoc Resort,https://www.traveloka.com/en-vn/hotel/detail?spec=13-05-2023.14-05-2023.1.1.HOTEL.1000000425916.Arcadia%20Phu%20Quoc%20Resort.1&contexts=%7B%22inventoryRateKey%22%3A%22povEwB3ZzsU2C6pd%2B6MdUw6p4Oi4t9ianyz%2Fk%2Fcwm21M0tKsNUio4Rxug1zOzHJilcvZa8YdqqIySdppe7dolTIewZlxfjiOGz6oXLTucMvN0%2BgQ3yZPvZcoHwUFNN%2BZpcr%2F%2FNa8o9ElfN8zOYhzzZeg0X586laFpeUViPi9rxAXgtn2bKwejvBBZO%2BZAFZhmhLDdV0WLeT%2FFKfQ0QL8LH02Dvlx%2F8PjYogEE5yzx6g6yOKyKeIDf7jO3GM45O1o1hmSkmz3HiZNSbS8gXb3CDW9nmlhkqLKa4lLkAkZpAG5JCAR4KEzOF9HzUvNfgOnqr5Ov2QSm2AvCfOdBe9Oy%2Fvnzag3zLIuKsio2qc%2FE%2BKC0I%2B4MpT6AtjonGvWhSFYeOjRTl6ytxGba%2F42pjcyyVc4KxuembJV6Yiv2h%2FCVOHi42A4Bx%2BAVZlB2OJQoCeizHaEIke4gLKBu993M9y78%2FmzREQ0KgV1vvYuRfaKd1eNmO0SRV1ogUSH81Kgs05B6IoMhVKT4w7TwrTxbp%2FQ2iMn1qdaM1viWqCGwU1siX1ZIegdsZIo1sjlWnbsTcjefS6Pj3RtIU6lROCEB6QAgiS1WJabPNVEO7waQAXksTDyQHUY2wqyAfRzb44KOjG0poBVHSJ1fq5iJGt%2Fs2ROyG2r1yuKaZ4GSAmh5BaCjz8%3D%22%7D&prevSearchId=1765686709859674781&loginPromo=1
1082,"Nhân viên rất thân thiện, khung cảnh đẹp, thức ăn ngon",Arcadia Phu Quoc Resort,https://www.traveloka.com/en-vn/hotel/detail?spec=13-05-2023.14-05-2023.1.1.HOTEL.1000000425916.Arcadia%20Phu%20Quoc%20Resort.1&contexts=%7B%22inventoryRateKey%22%3A%22povEwB3ZzsU2C6pd%2B6MdUw6p4Oi4t9ianyz%2Fk%2Fcwm21M0tKsNUio4Rxug1zOzHJilcvZa8YdqqIySdppe7dolTIewZlxfjiOGz6oXLTucMvN0%2BgQ3yZPvZcoHwUFNN%2BZpcr%2F%2FNa8o9ElfN8zOYhzzZeg0X586laFpeUViPi9rxAXgtn2bKwejvBBZO%2BZAFZhmhLDdV0WLeT%2FFKfQ0QL8LH02Dvlx%2F8PjYogEE5yzx6g6yOKyKeIDf7jO3GM45O1o1hmSkmz3HiZNSbS8gXb3CDW9nmlhkqLKa4lLkAkZpAG5JCAR4KEzOF9HzUvNfgOnqr5Ov2QSm2AvCfOdBe9Oy%2Fvnzag3zLIuKsio2qc%2FE%2BKC0I%2B4MpT6AtjonGvWhSFYeOjRTl6ytxGba%2F42pjcyyVc4KxuembJV6Yiv2h%2FCVOHi42A4Bx%2BAVZlB2OJQoCeizHaEIke4gLKBu993M9y78%2FmzREQ0KgV1vvYuRfaKd1eNmO0SRV1ogUSH81Kgs05B6IoMhVKT4w7TwrTxbp%2FQ2iMn1qdaM1viWqCGwU1siX1ZIegdsZIo1sjlWnbsTcjefS6Pj3RtIU6lROCEB6QAgiS1WJabPNVEO7waQAXksTDyQHUY2wqyAfRzb44KOjG0poBVHSJ1fq5iJGt%2Fs2ROyG2r1yuKaZ4GSAmh5BaCjz8%3D%22%7D&prevSearchId=1765686709859674781&loginPromo=1
1083,"Bãi biển đẹp, không gian yên tĩnh. Phục vụ nhiệt tình, chu đáo",Arcadia Phu Quoc Resort,https://www.traveloka.com/en-vn/hotel/detail?spec=13-05-2023.14-05-2023.1.1.HOTEL.1000000425916.Arcadia%20Phu%20Quoc%20Resort.1&contexts=%7B%22inventoryRateKey%22%3A%22povEwB3ZzsU2C6pd%2B6MdUw6p4Oi4t9ianyz%2Fk%2Fcwm21M0tKsNUio4Rxug1zOzHJilcvZa8YdqqIySdppe7dolTIewZlxfjiOGz6oXLTucMvN0%2BgQ3yZPvZcoHwUFNN%2BZpcr%2F%2FNa8o9ElfN8zOYhzzZeg0X586laFpeUViPi9rxAXgtn2bKwejvBBZO%2BZAFZhmhLDdV0WLeT%2FFKfQ0QL8LH02Dvlx%2F8PjYogEE5yzx6g6yOKyKeIDf7jO3GM45O1o1hmSkmz3HiZNSbS8gXb3CDW9nmlhkqLKa4lLkAkZpAG5JCAR4KEzOF9HzUvNfgOnqr5Ov2QSm2AvCfOdBe9Oy%2Fvnzag3zLIuKsio2qc%2FE%2BKC0I%2B4MpT6AtjonGvWhSFYeOjRTl6ytxGba%2F42pjcyyVc4KxuembJV6Yiv2h%2FCVOHi42A4Bx%2BAVZlB2OJQoCeizHaEIke4gLKBu993M9y78%2FmzREQ0KgV1vvYuRfaKd1eNmO0SRV1ogUSH81Kgs05B6IoMhVKT4w7TwrTxbp%2FQ2iMn1qdaM1viWqCGwU1siX1ZIegdsZIo1sjlWnbsTcjefS6Pj3RtIU6lROCEB6QAgiS1WJabPNVEO7waQAXksTDyQHUY2wqyAfRzb44KOjG0poBVHSJ1fq5iJGt%2Fs2ROyG2r1yuKaZ4GSAmh5BaCjz8%3D%22%7D&prevSearchId=1765686709859674781&loginPromo=1
1084,"Resort có bãi biển riêng, view đẹp, chiều ngắm hoàng hôn ngay tại resort rất đẹp. Khuôn viên resort nhỏ vừa, nhiều cây xanh. Tôi cảm thấy rất thoải mái khi ở đây. Gia đình tôi đã nghỉ tại resort 2 lần trong năm :)",Arcadia Phu Quoc Resort,https://www.traveloka.com/en-vn/hotel/detail?spec=13-05-2023.14-05-2023.1.1.HOTEL.1000000425916.Arcadia%20Phu%20Quoc%20Resort.1&contexts=%7B%22inventoryRateKey%22%3A%22povEwB3ZzsU2C6pd%2B6MdUw6p4Oi4t9ianyz%2Fk%2Fcwm21M0tKsNUio4Rxug1zOzHJilcvZa8YdqqIySdppe7dolTIewZlxfjiOGz6oXLTucMvN0%2BgQ3yZPvZcoHwUFNN%2BZpcr%2F%2FNa8o9ElfN8zOYhzzZeg0X586laFpeUViPi9rxAXgtn2bKwejvBBZO%2BZAFZhmhLDdV0WLeT%2FFKfQ0QL8LH02Dvlx%2F8PjYogEE5yzx6g6yOKyKeIDf7jO3GM45O1o1hmSkmz3HiZNSbS8gXb3CDW9nmlhkqLKa4lLkAkZpAG5JCAR4KEzOF9HzUvNfgOnqr5Ov2QSm2AvCfOdBe9Oy%2Fvnzag3zLIuKsio2qc%2FE%2BKC0I%2B4MpT6AtjonGvWhSFYeOjRTl6ytxGba%2F42pjcyyVc4KxuembJV6Yiv2h%2FCVOHi42A4Bx%2BAVZlB2OJQoCeizHaEIke4gLKBu993M9y78%2FmzREQ0KgV1vvYuRfaKd1eNmO0SRV1ogUSH81Kgs05B6IoMhVKT4w7TwrTxbp%2FQ2iMn1qdaM1viWqCGwU1siX1ZIegdsZIo1sjlWnbsTcjefS6Pj3RtIU6lROCEB6QAgiS1WJabPNVEO7waQAXksTDyQHUY2wqyAfRzb44KOjG0poBVHSJ1fq5iJGt%2Fs2ROyG2r1yuKaZ4GSAmh5BaCjz8%3D%22%7D&prevSearchId=1765686709859674781&loginPromo=1
1085,"Mình đi vào dịp Tết, mọi thứ đều ok, điểm trừ duy nhất la đường vào ngoằn ngoèo, xa trung tâm xíu, đi bộ không nổi, phải thuê xe, nhưng có bãi biển riêng la ok roi. ",Arcadia Phu Quoc Resort,https://www.traveloka.com/en-vn/hotel/detail?spec=13-05-2023.14-05-2023.1.1.HOTEL.1000000425916.Arcadia%20Phu%20Quoc%20Resort.1&contexts=%7B%22inventoryRateKey%22%3A%22povEwB3ZzsU2C6pd%2B6MdUw6p4Oi4t9ianyz%2Fk%2Fcwm21M0tKsNUio4Rxug1zOzHJilcvZa8YdqqIySdppe7dolTIewZlxfjiOGz6oXLTucMvN0%2BgQ3yZPvZcoHwUFNN%2BZpcr%2F%2FNa8o9ElfN8zOYhzzZeg0X586laFpeUViPi9rxAXgtn2bKwejvBBZO%2BZAFZhmhLDdV0WLeT%2FFKfQ0QL8LH02Dvlx%2F8PjYogEE5yzx6g6yOKyKeIDf7jO3GM45O1o1hmSkmz3HiZNSbS8gXb3CDW9nmlhkqLKa4lLkAkZpAG5JCAR4KEzOF9HzUvNfgOnqr5Ov2QSm2AvCfOdBe9Oy%2Fvnzag3zLIuKsio2qc%2FE%2BKC0I%2B4MpT6AtjonGvWhSFYeOjRTl6ytxGba%2F42pjcyyVc4KxuembJV6Yiv2h%2FCVOHi42A4Bx%2BAVZlB2OJQoCeizHaEIke4gLKBu993M9y78%2FmzREQ0KgV1vvYuRfaKd1eNmO0SRV1ogUSH81Kgs05B6IoMhVKT4w7TwrTxbp%2FQ2iMn1qdaM1viWqCGwU1siX1ZIegdsZIo1sjlWnbsTcjefS6Pj3RtIU6lROCEB6QAgiS1WJabPNVEO7waQAXksTDyQHUY2wqyAfRzb44KOjG0poBVHSJ1fq5iJGt%2Fs2ROyG2r1yuKaZ4GSAmh5BaCjz8%3D%22%7D&prevSearchId=1765686709859674781&loginPromo=1
1086,"Bãi biển riêng, yên tĩnh. Nhưng nước biển ở đây không được trong xanh vào buổi chiều.",Arcadia Phu Quoc Resort,https://www.traveloka.com/en-vn/hotel/detail?spec=13-05-2023.14-05-2023.1.1.HOTEL.1000000425916.Arcadia%20Phu%20Quoc%20Resort.1&contexts=%7B%22inventoryRateKey%22%3A%22povEwB3ZzsU2C6pd%2B6MdUw6p4Oi4t9ianyz%2Fk%2Fcwm21M0tKsNUio4Rxug1zOzHJilcvZa8YdqqIySdppe7dolTIewZlxfjiOGz6oXLTucMvN0%2BgQ3yZPvZcoHwUFNN%2BZpcr%2F%2FNa8o9ElfN8zOYhzzZeg0X586laFpeUViPi9rxAXgtn2bKwejvBBZO%2BZAFZhmhLDdV0WLeT%2FFKfQ0QL8LH02Dvlx%2F8PjYogEE5yzx6g6yOKyKeIDf7jO3GM45O1o1hmSkmz3HiZNSbS8gXb3CDW9nmlhkqLKa4lLkAkZpAG5JCAR4KEzOF9HzUvNfgOnqr5Ov2QSm2AvCfOdBe9Oy%2Fvnzag3zLIuKsio2qc%2FE%2BKC0I%2B4MpT6AtjonGvWhSFYeOjRTl6ytxGba%2F42pjcyyVc4KxuembJV6Yiv2h%2FCVOHi42A4Bx%2BAVZlB2OJQoCeizHaEIke4gLKBu993M9y78%2FmzREQ0KgV1vvYuRfaKd1eNmO0SRV1ogUSH81Kgs05B6IoMhVKT4w7TwrTxbp%2FQ2iMn1qdaM1viWqCGwU1siX1ZIegdsZIo1sjlWnbsTcjefS6Pj3RtIU6lROCEB6QAgiS1WJabPNVEO7waQAXksTDyQHUY2wqyAfRzb44KOjG0poBVHSJ1fq5iJGt%2Fs2ROyG2r1yuKaZ4GSAmh5BaCjz8%3D%22%7D&prevSearchId=1765686709859674781&loginPromo=1
1087,"Resort đã xuống cấp, mọi thứ đều có vẻ cũ kỹ, phòng wc có mùi . Đội ngũ nhân viên không thân thiện. Tôi book phòng Beach Front nhưng khi đến nơi các bạn lễ tân nói đã hết phòng và sắp xếp tôi ở phòng không phải Beach Front mà không nói gì đến việc sẽ giải quyết thế nào về việc tôi bị downgrade chỉ đến khi tôi yêu cầu làm rõ. Sau đó bạn lễ tân có gửi lại tôi 200.000 để trả cho phần ""chênh lệch tiền phòng"" và không 2 lời xin lỗi hay xin được thông cảm. Nói chung không đáng tiền đâu.",Arcadia Phu Quoc Resort,https://www.traveloka.com/en-vn/hotel/detail?spec=13-05-2023.14-05-2023.1.1.HOTEL.1000000425916.Arcadia%20Phu%20Quoc%20Resort.1&contexts=%7B%22inventoryRateKey%22%3A%22povEwB3ZzsU2C6pd%2B6MdUw6p4Oi4t9ianyz%2Fk%2Fcwm21M0tKsNUio4Rxug1zOzHJilcvZa8YdqqIySdppe7dolTIewZlxfjiOGz6oXLTucMvN0%2BgQ3yZPvZcoHwUFNN%2BZpcr%2F%2FNa8o9ElfN8zOYhzzZeg0X586laFpeUViPi9rxAXgtn2bKwejvBBZO%2BZAFZhmhLDdV0WLeT%2FFKfQ0QL8LH02Dvlx%2F8PjYogEE5yzx6g6yOKyKeIDf7jO3GM45O1o1hmSkmz3HiZNSbS8gXb3CDW9nmlhkqLKa4lLkAkZpAG5JCAR4KEzOF9HzUvNfgOnqr5Ov2QSm2AvCfOdBe9Oy%2Fvnzag3zLIuKsio2qc%2FE%2BKC0I%2B4MpT6AtjonGvWhSFYeOjRTl6ytxGba%2F42pjcyyVc4KxuembJV6Yiv2h%2FCVOHi42A4Bx%2BAVZlB2OJQoCeizHaEIke4gLKBu993M9y78%2FmzREQ0KgV1vvYuRfaKd1eNmO0SRV1ogUSH81Kgs05B6IoMhVKT4w7TwrTxbp%2FQ2iMn1qdaM1viWqCGwU1siX1ZIegdsZIo1sjlWnbsTcjefS6Pj3RtIU6lROCEB6QAgiS1WJabPNVEO7waQAXksTDyQHUY2wqyAfRzb44KOjG0poBVHSJ1fq5iJGt%2Fs2ROyG2r1yuKaZ4GSAmh5BaCjz8%3D%22%7D&prevSearchId=1765686709859674781&loginPromo=1
1088,"Đường vào hơi quanh co, biển chỉ dẫn để trên cao nên taxi không nhìn thấy; phải gọi hỏi nhân viên khách sạn; nếu bảng chỉ dẫn rõ ràng thì tốt hơn. Phòng ốc rộng rãi, sạch sẽ; phù hợp với mức giá. Có bãi biển riêng, sạch. Buffet sáng ngon, có thay đổi món nóng mỗi ngày.",Arcadia Phu Quoc Resort,https://www.traveloka.com/en-vn/hotel/detail?spec=13-05-2023.14-05-2023.1.1.HOTEL.1000000425916.Arcadia%20Phu%20Quoc%20Resort.1&contexts=%7B%22inventoryRateKey%22%3A%22povEwB3ZzsU2C6pd%2B6MdUw6p4Oi4t9ianyz%2Fk%2Fcwm21M0tKsNUio4Rxug1zOzHJilcvZa8YdqqIySdppe7dolTIewZlxfjiOGz6oXLTucMvN0%2BgQ3yZPvZcoHwUFNN%2BZpcr%2F%2FNa8o9ElfN8zOYhzzZeg0X586laFpeUViPi9rxAXgtn2bKwejvBBZO%2BZAFZhmhLDdV0WLeT%2FFKfQ0QL8LH02Dvlx%2F8PjYogEE5yzx6g6yOKyKeIDf7jO3GM45O1o1hmSkmz3HiZNSbS8gXb3CDW9nmlhkqLKa4lLkAkZpAG5JCAR4KEzOF9HzUvNfgOnqr5Ov2QSm2AvCfOdBe9Oy%2Fvnzag3zLIuKsio2qc%2FE%2BKC0I%2B4MpT6AtjonGvWhSFYeOjRTl6ytxGba%2F42pjcyyVc4KxuembJV6Yiv2h%2FCVOHi42A4Bx%2BAVZlB2OJQoCeizHaEIke4gLKBu993M9y78%2FmzREQ0KgV1vvYuRfaKd1eNmO0SRV1ogUSH81Kgs05B6IoMhVKT4w7TwrTxbp%2FQ2iMn1qdaM1viWqCGwU1siX1ZIegdsZIo1sjlWnbsTcjefS6Pj3RtIU6lROCEB6QAgiS1WJabPNVEO7waQAXksTDyQHUY2wqyAfRzb44KOjG0poBVHSJ1fq5iJGt%2Fs2ROyG2r1yuKaZ4GSAmh5BaCjz8%3D%22%7D&prevSearchId=1765686709859674781&loginPromo=1
1089,"Đặt phòng cả tháng mà tới nơi kêu hết phòng đã chọn, nhiều muỗi ",Arcadia Phu Quoc Resort,https://www.traveloka.com/en-vn/hotel/detail?spec=13-05-2023.14-05-2023.1.1.HOTEL.1000000425916.Arcadia%20Phu%20Quoc%20Resort.1&contexts=%7B%22inventoryRateKey%22%3A%22povEwB3ZzsU2C6pd%2B6MdUw6p4Oi4t9ianyz%2Fk%2Fcwm21M0tKsNUio4Rxug1zOzHJilcvZa8YdqqIySdppe7dolTIewZlxfjiOGz6oXLTucMvN0%2BgQ3yZPvZcoHwUFNN%2BZpcr%2F%2FNa8o9ElfN8zOYhzzZeg0X586laFpeUViPi9rxAXgtn2bKwejvBBZO%2BZAFZhmhLDdV0WLeT%2FFKfQ0QL8LH02Dvlx%2F8PjYogEE5yzx6g6yOKyKeIDf7jO3GM45O1o1hmSkmz3HiZNSbS8gXb3CDW9nmlhkqLKa4lLkAkZpAG5JCAR4KEzOF9HzUvNfgOnqr5Ov2QSm2AvCfOdBe9Oy%2Fvnzag3zLIuKsio2qc%2FE%2BKC0I%2B4MpT6AtjonGvWhSFYeOjRTl6ytxGba%2F42pjcyyVc4KxuembJV6Yiv2h%2FCVOHi42A4Bx%2BAVZlB2OJQoCeizHaEIke4gLKBu993M9y78%2FmzREQ0KgV1vvYuRfaKd1eNmO0SRV1ogUSH81Kgs05B6IoMhVKT4w7TwrTxbp%2FQ2iMn1qdaM1viWqCGwU1siX1ZIegdsZIo1sjlWnbsTcjefS6Pj3RtIU6lROCEB6QAgiS1WJabPNVEO7waQAXksTDyQHUY2wqyAfRzb44KOjG0poBVHSJ1fq5iJGt%2Fs2ROyG2r1yuKaZ4GSAmh5BaCjz8%3D%22%7D&prevSearchId=1765686709859674781&loginPromo=1
1090,Lối đi vào resort quá xa và dốc từ đường chính. Phòng quá nhiều muỗi và có mùi. Chất lượng phòng chỉ tiêu chuẩn 2-3 sao. Ăn sáng quá nghèo nàn. Chỉ 1 điểm cộng duy nhất là gần biển. ,Arcadia Phu Quoc Resort,https://www.traveloka.com/en-vn/hotel/detail?spec=13-05-2023.14-05-2023.1.1.HOTEL.1000000425916.Arcadia%20Phu%20Quoc%20Resort.1&contexts=%7B%22inventoryRateKey%22%3A%22povEwB3ZzsU2C6pd%2B6MdUw6p4Oi4t9ianyz%2Fk%2Fcwm21M0tKsNUio4Rxug1zOzHJilcvZa8YdqqIySdppe7dolTIewZlxfjiOGz6oXLTucMvN0%2BgQ3yZPvZcoHwUFNN%2BZpcr%2F%2FNa8o9ElfN8zOYhzzZeg0X586laFpeUViPi9rxAXgtn2bKwejvBBZO%2BZAFZhmhLDdV0WLeT%2FFKfQ0QL8LH02Dvlx%2F8PjYogEE5yzx6g6yOKyKeIDf7jO3GM45O1o1hmSkmz3HiZNSbS8gXb3CDW9nmlhkqLKa4lLkAkZpAG5JCAR4KEzOF9HzUvNfgOnqr5Ov2QSm2AvCfOdBe9Oy%2Fvnzag3zLIuKsio2qc%2FE%2BKC0I%2B4MpT6AtjonGvWhSFYeOjRTl6ytxGba%2F42pjcyyVc4KxuembJV6Yiv2h%2FCVOHi42A4Bx%2BAVZlB2OJQoCeizHaEIke4gLKBu993M9y78%2FmzREQ0KgV1vvYuRfaKd1eNmO0SRV1ogUSH81Kgs05B6IoMhVKT4w7TwrTxbp%2FQ2iMn1qdaM1viWqCGwU1siX1ZIegdsZIo1sjlWnbsTcjefS6Pj3RtIU6lROCEB6QAgiS1WJabPNVEO7waQAXksTDyQHUY2wqyAfRzb44KOjG0poBVHSJ1fq5iJGt%2Fs2ROyG2r1yuKaZ4GSAmh5BaCjz8%3D%22%7D&prevSearchId=1765686709859674781&loginPromo=1
1091,Mình cảm thấy rất thoải mái khi ở đây.,Arcadia Phu Quoc Resort,https://www.traveloka.com/en-vn/hotel/detail?spec=13-05-2023.14-05-2023.1.1.HOTEL.1000000425916.Arcadia%20Phu%20Quoc%20Resort.1&contexts=%7B%22inventoryRateKey%22%3A%22povEwB3ZzsU2C6pd%2B6MdUw6p4Oi4t9ianyz%2Fk%2Fcwm21M0tKsNUio4Rxug1zOzHJilcvZa8YdqqIySdppe7dolTIewZlxfjiOGz6oXLTucMvN0%2BgQ3yZPvZcoHwUFNN%2BZpcr%2F%2FNa8o9ElfN8zOYhzzZeg0X586laFpeUViPi9rxAXgtn2bKwejvBBZO%2BZAFZhmhLDdV0WLeT%2FFKfQ0QL8LH02Dvlx%2F8PjYogEE5yzx6g6yOKyKeIDf7jO3GM45O1o1hmSkmz3HiZNSbS8gXb3CDW9nmlhkqLKa4lLkAkZpAG5JCAR4KEzOF9HzUvNfgOnqr5Ov2QSm2AvCfOdBe9Oy%2Fvnzag3zLIuKsio2qc%2FE%2BKC0I%2B4MpT6AtjonGvWhSFYeOjRTl6ytxGba%2F42pjcyyVc4KxuembJV6Yiv2h%2FCVOHi42A4Bx%2BAVZlB2OJQoCeizHaEIke4gLKBu993M9y78%2FmzREQ0KgV1vvYuRfaKd1eNmO0SRV1ogUSH81Kgs05B6IoMhVKT4w7TwrTxbp%2FQ2iMn1qdaM1viWqCGwU1siX1ZIegdsZIo1sjlWnbsTcjefS6Pj3RtIU6lROCEB6QAgiS1WJabPNVEO7waQAXksTDyQHUY2wqyAfRzb44KOjG0poBVHSJ1fq5iJGt%2Fs2ROyG2r1yuKaZ4GSAmh5BaCjz8%3D%22%7D&prevSearchId=1765686709859674781&loginPromo=1
1092,"Không gian mở, thoáng đãng. Phòng rộng, sạch sẽ và ánh sáng tốt; nhân viên thân thiện, nhiệt tình. Là sự lựa chọn hợp lý cho chuyến du lịch tới Phú Quốc của tôi lần này. Có dịp trở lại tôi vẫn chọn ở Arcadia",Arcadia Phu Quoc Resort,https://www.traveloka.com/en-vn/hotel/detail?spec=13-05-2023.14-05-2023.1.1.HOTEL.1000000425916.Arcadia%20Phu%20Quoc%20Resort.1&contexts=%7B%22inventoryRateKey%22%3A%22povEwB3ZzsU2C6pd%2B6MdUw6p4Oi4t9ianyz%2Fk%2Fcwm21M0tKsNUio4Rxug1zOzHJilcvZa8YdqqIySdppe7dolTIewZlxfjiOGz6oXLTucMvN0%2BgQ3yZPvZcoHwUFNN%2BZpcr%2F%2FNa8o9ElfN8zOYhzzZeg0X586laFpeUViPi9rxAXgtn2bKwejvBBZO%2BZAFZhmhLDdV0WLeT%2FFKfQ0QL8LH02Dvlx%2F8PjYogEE5yzx6g6yOKyKeIDf7jO3GM45O1o1hmSkmz3HiZNSbS8gXb3CDW9nmlhkqLKa4lLkAkZpAG5JCAR4KEzOF9HzUvNfgOnqr5Ov2QSm2AvCfOdBe9Oy%2Fvnzag3zLIuKsio2qc%2FE%2BKC0I%2B4MpT6AtjonGvWhSFYeOjRTl6ytxGba%2F42pjcyyVc4KxuembJV6Yiv2h%2FCVOHi42A4Bx%2BAVZlB2OJQoCeizHaEIke4gLKBu993M9y78%2FmzREQ0KgV1vvYuRfaKd1eNmO0SRV1ogUSH81Kgs05B6IoMhVKT4w7TwrTxbp%2FQ2iMn1qdaM1viWqCGwU1siX1ZIegdsZIo1sjlWnbsTcjefS6Pj3RtIU6lROCEB6QAgiS1WJabPNVEO7waQAXksTDyQHUY2wqyAfRzb44KOjG0poBVHSJ1fq5iJGt%2Fs2ROyG2r1yuKaZ4GSAmh5BaCjz8%3D%22%7D&prevSearchId=1765686709859674781&loginPromo=1
1093,"Gia đình mình ở resort này 4 đêm, nói chung mọi thứ cũng tạm ổn",Arcadia Phu Quoc Resort,https://www.traveloka.com/en-vn/hotel/detail?spec=13-05-2023.14-05-2023.1.1.HOTEL.1000000425916.Arcadia%20Phu%20Quoc%20Resort.1&contexts=%7B%22inventoryRateKey%22%3A%22povEwB3ZzsU2C6pd%2B6MdUw6p4Oi4t9ianyz%2Fk%2Fcwm21M0tKsNUio4Rxug1zOzHJilcvZa8YdqqIySdppe7dolTIewZlxfjiOGz6oXLTucMvN0%2BgQ3yZPvZcoHwUFNN%2BZpcr%2F%2FNa8o9ElfN8zOYhzzZeg0X586laFpeUViPi9rxAXgtn2bKwejvBBZO%2BZAFZhmhLDdV0WLeT%2FFKfQ0QL8LH02Dvlx%2F8PjYogEE5yzx6g6yOKyKeIDf7jO3GM45O1o1hmSkmz3HiZNSbS8gXb3CDW9nmlhkqLKa4lLkAkZpAG5JCAR4KEzOF9HzUvNfgOnqr5Ov2QSm2AvCfOdBe9Oy%2Fvnzag3zLIuKsio2qc%2FE%2BKC0I%2B4MpT6AtjonGvWhSFYeOjRTl6ytxGba%2F42pjcyyVc4KxuembJV6Yiv2h%2FCVOHi42A4Bx%2BAVZlB2OJQoCeizHaEIke4gLKBu993M9y78%2FmzREQ0KgV1vvYuRfaKd1eNmO0SRV1ogUSH81Kgs05B6IoMhVKT4w7TwrTxbp%2FQ2iMn1qdaM1viWqCGwU1siX1ZIegdsZIo1sjlWnbsTcjefS6Pj3RtIU6lROCEB6QAgiS1WJabPNVEO7waQAXksTDyQHUY2wqyAfRzb44KOjG0poBVHSJ1fq5iJGt%2Fs2ROyG2r1yuKaZ4GSAmh5BaCjz8%3D%22%7D&prevSearchId=1765686709859674781&loginPromo=1
1094,"Resort rất dễ chịu, tuy đường vào hơi lắt léo nhưng mọi thứ ở resort đều rất ổn, nhân viên nhiệt tình, dễ thương, phòng ốc sạch sẽ, không khí trong lành",Arcadia Phu Quoc Resort,https://www.traveloka.com/en-vn/hotel/detail?spec=13-05-2023.14-05-2023.1.1.HOTEL.1000000425916.Arcadia%20Phu%20Quoc%20Resort.1&contexts=%7B%22inventoryRateKey%22%3A%22povEwB3ZzsU2C6pd%2B6MdUw6p4Oi4t9ianyz%2Fk%2Fcwm21M0tKsNUio4Rxug1zOzHJilcvZa8YdqqIySdppe7dolTIewZlxfjiOGz6oXLTucMvN0%2BgQ3yZPvZcoHwUFNN%2BZpcr%2F%2FNa8o9ElfN8zOYhzzZeg0X586laFpeUViPi9rxAXgtn2bKwejvBBZO%2BZAFZhmhLDdV0WLeT%2FFKfQ0QL8LH02Dvlx%2F8PjYogEE5yzx6g6yOKyKeIDf7jO3GM45O1o1hmSkmz3HiZNSbS8gXb3CDW9nmlhkqLKa4lLkAkZpAG5JCAR4KEzOF9HzUvNfgOnqr5Ov2QSm2AvCfOdBe9Oy%2Fvnzag3zLIuKsio2qc%2FE%2BKC0I%2B4MpT6AtjonGvWhSFYeOjRTl6ytxGba%2F42pjcyyVc4KxuembJV6Yiv2h%2FCVOHi42A4Bx%2BAVZlB2OJQoCeizHaEIke4gLKBu993M9y78%2FmzREQ0KgV1vvYuRfaKd1eNmO0SRV1ogUSH81Kgs05B6IoMhVKT4w7TwrTxbp%2FQ2iMn1qdaM1viWqCGwU1siX1ZIegdsZIo1sjlWnbsTcjefS6Pj3RtIU6lROCEB6QAgiS1WJabPNVEO7waQAXksTDyQHUY2wqyAfRzb44KOjG0poBVHSJ1fq5iJGt%2Fs2ROyG2r1yuKaZ4GSAmh5BaCjz8%3D%22%7D&prevSearchId=1765686709859674781&loginPromo=1
1095,Phòng ở sạch sẽ thoải mái nhưng đồ ăn còn chưa phong phú và vị trí chưa được thuận tiện cho lắm,Arcadia Phu Quoc Resort,https://www.traveloka.com/en-vn/hotel/detail?spec=13-05-2023.14-05-2023.1.1.HOTEL.1000000425916.Arcadia%20Phu%20Quoc%20Resort.1&contexts=%7B%22inventoryRateKey%22%3A%22povEwB3ZzsU2C6pd%2B6MdUw6p4Oi4t9ianyz%2Fk%2Fcwm21M0tKsNUio4Rxug1zOzHJilcvZa8YdqqIySdppe7dolTIewZlxfjiOGz6oXLTucMvN0%2BgQ3yZPvZcoHwUFNN%2BZpcr%2F%2FNa8o9ElfN8zOYhzzZeg0X586laFpeUViPi9rxAXgtn2bKwejvBBZO%2BZAFZhmhLDdV0WLeT%2FFKfQ0QL8LH02Dvlx%2F8PjYogEE5yzx6g6yOKyKeIDf7jO3GM45O1o1hmSkmz3HiZNSbS8gXb3CDW9nmlhkqLKa4lLkAkZpAG5JCAR4KEzOF9HzUvNfgOnqr5Ov2QSm2AvCfOdBe9Oy%2Fvnzag3zLIuKsio2qc%2FE%2BKC0I%2B4MpT6AtjonGvWhSFYeOjRTl6ytxGba%2F42pjcyyVc4KxuembJV6Yiv2h%2FCVOHi42A4Bx%2BAVZlB2OJQoCeizHaEIke4gLKBu993M9y78%2FmzREQ0KgV1vvYuRfaKd1eNmO0SRV1ogUSH81Kgs05B6IoMhVKT4w7TwrTxbp%2FQ2iMn1qdaM1viWqCGwU1siX1ZIegdsZIo1sjlWnbsTcjefS6Pj3RtIU6lROCEB6QAgiS1WJabPNVEO7waQAXksTDyQHUY2wqyAfRzb44KOjG0poBVHSJ1fq5iJGt%2Fs2ROyG2r1yuKaZ4GSAmh5BaCjz8%3D%22%7D&prevSearchId=1765686709859674781&loginPromo=1
1096,"Khách sạn gần bãi biển, phong cảnh đẹp. Nhân viên thân thiện.",Arcadia Phu Quoc Resort,https://www.traveloka.com/en-vn/hotel/detail?spec=13-05-2023.14-05-2023.1.1.HOTEL.1000000425916.Arcadia%20Phu%20Quoc%20Resort.1&contexts=%7B%22inventoryRateKey%22%3A%22povEwB3ZzsU2C6pd%2B6MdUw6p4Oi4t9ianyz%2Fk%2Fcwm21M0tKsNUio4Rxug1zOzHJilcvZa8YdqqIySdppe7dolTIewZlxfjiOGz6oXLTucMvN0%2BgQ3yZPvZcoHwUFNN%2BZpcr%2F%2FNa8o9ElfN8zOYhzzZeg0X586laFpeUViPi9rxAXgtn2bKwejvBBZO%2BZAFZhmhLDdV0WLeT%2FFKfQ0QL8LH02Dvlx%2F8PjYogEE5yzx6g6yOKyKeIDf7jO3GM45O1o1hmSkmz3HiZNSbS8gXb3CDW9nmlhkqLKa4lLkAkZpAG5JCAR4KEzOF9HzUvNfgOnqr5Ov2QSm2AvCfOdBe9Oy%2Fvnzag3zLIuKsio2qc%2FE%2BKC0I%2B4MpT6AtjonGvWhSFYeOjRTl6ytxGba%2F42pjcyyVc4KxuembJV6Yiv2h%2FCVOHi42A4Bx%2BAVZlB2OJQoCeizHaEIke4gLKBu993M9y78%2FmzREQ0KgV1vvYuRfaKd1eNmO0SRV1ogUSH81Kgs05B6IoMhVKT4w7TwrTxbp%2FQ2iMn1qdaM1viWqCGwU1siX1ZIegdsZIo1sjlWnbsTcjefS6Pj3RtIU6lROCEB6QAgiS1WJabPNVEO7waQAXksTDyQHUY2wqyAfRzb44KOjG0poBVHSJ1fq5iJGt%2Fs2ROyG2r1yuKaZ4GSAmh5BaCjz8%3D%22%7D&prevSearchId=1765686709859674781&loginPromo=1
1097,Phòng đẹp. Sạch sẽ. Dịch vụ tốt. Đồ ăn sáng ko ngon,Arcadia Phu Quoc Resort,https://www.traveloka.com/en-vn/hotel/detail?spec=13-05-2023.14-05-2023.1.1.HOTEL.1000000425916.Arcadia%20Phu%20Quoc%20Resort.1&contexts=%7B%22inventoryRateKey%22%3A%22povEwB3ZzsU2C6pd%2B6MdUw6p4Oi4t9ianyz%2Fk%2Fcwm21M0tKsNUio4Rxug1zOzHJilcvZa8YdqqIySdppe7dolTIewZlxfjiOGz6oXLTucMvN0%2BgQ3yZPvZcoHwUFNN%2BZpcr%2F%2FNa8o9ElfN8zOYhzzZeg0X586laFpeUViPi9rxAXgtn2bKwejvBBZO%2BZAFZhmhLDdV0WLeT%2FFKfQ0QL8LH02Dvlx%2F8PjYogEE5yzx6g6yOKyKeIDf7jO3GM45O1o1hmSkmz3HiZNSbS8gXb3CDW9nmlhkqLKa4lLkAkZpAG5JCAR4KEzOF9HzUvNfgOnqr5Ov2QSm2AvCfOdBe9Oy%2Fvnzag3zLIuKsio2qc%2FE%2BKC0I%2B4MpT6AtjonGvWhSFYeOjRTl6ytxGba%2F42pjcyyVc4KxuembJV6Yiv2h%2FCVOHi42A4Bx%2BAVZlB2OJQoCeizHaEIke4gLKBu993M9y78%2FmzREQ0KgV1vvYuRfaKd1eNmO0SRV1ogUSH81Kgs05B6IoMhVKT4w7TwrTxbp%2FQ2iMn1qdaM1viWqCGwU1siX1ZIegdsZIo1sjlWnbsTcjefS6Pj3RtIU6lROCEB6QAgiS1WJabPNVEO7waQAXksTDyQHUY2wqyAfRzb44KOjG0poBVHSJ1fq5iJGt%2Fs2ROyG2r1yuKaZ4GSAmh5BaCjz8%3D%22%7D&prevSearchId=1765686709859674781&loginPromo=1
1098,"Nhan vien rat than thien, nhiet tinh, do an ngon. minh o bungalow view bien nen canh rat dep, chi tiec la di trung mua mua nen không chup het được canh o day",Arcadia Phu Quoc Resort,https://www.traveloka.com/en-vn/hotel/detail?spec=13-05-2023.14-05-2023.1.1.HOTEL.1000000425916.Arcadia%20Phu%20Quoc%20Resort.1&contexts=%7B%22inventoryRateKey%22%3A%22povEwB3ZzsU2C6pd%2B6MdUw6p4Oi4t9ianyz%2Fk%2Fcwm21M0tKsNUio4Rxug1zOzHJilcvZa8YdqqIySdppe7dolTIewZlxfjiOGz6oXLTucMvN0%2BgQ3yZPvZcoHwUFNN%2BZpcr%2F%2FNa8o9ElfN8zOYhzzZeg0X586laFpeUViPi9rxAXgtn2bKwejvBBZO%2BZAFZhmhLDdV0WLeT%2FFKfQ0QL8LH02Dvlx%2F8PjYogEE5yzx6g6yOKyKeIDf7jO3GM45O1o1hmSkmz3HiZNSbS8gXb3CDW9nmlhkqLKa4lLkAkZpAG5JCAR4KEzOF9HzUvNfgOnqr5Ov2QSm2AvCfOdBe9Oy%2Fvnzag3zLIuKsio2qc%2FE%2BKC0I%2B4MpT6AtjonGvWhSFYeOjRTl6ytxGba%2F42pjcyyVc4KxuembJV6Yiv2h%2FCVOHi42A4Bx%2BAVZlB2OJQoCeizHaEIke4gLKBu993M9y78%2FmzREQ0KgV1vvYuRfaKd1eNmO0SRV1ogUSH81Kgs05B6IoMhVKT4w7TwrTxbp%2FQ2iMn1qdaM1viWqCGwU1siX1ZIegdsZIo1sjlWnbsTcjefS6Pj3RtIU6lROCEB6QAgiS1WJabPNVEO7waQAXksTDyQHUY2wqyAfRzb44KOjG0poBVHSJ1fq5iJGt%2Fs2ROyG2r1yuKaZ4GSAmh5BaCjz8%3D%22%7D&prevSearchId=1765686709859674781&loginPromo=1
1099,"Mình ở phòng bungalow hướng biển. Phòng khá ok sạch sẽ, dụng cụ tiện ích đầy đủ chỉ có nệm không được tốt cho lắm. Quang cách thoáng mát thích hợp để nghỉ dưỡng. Vị trí nằm cũng gần các vị trí như sân bay, chợ đêm Dinh Cậu... làng chài Hàm Ninh thì hơi xa chút. Thức ăn cũng được. Buffet sáng thức ăn hơi nhạt với mình chắc do nêm khẩu vị chung cho mọi người dùng nước chấm thêm.Wifi free nhưng hay chập chờn đa số không sử dụng được. Mình nghỉ nên lắp thêm để khoang 3-4 phòng xài 1 cái thì ok. Bãi tắm thì không biết do mình đi gặp lúc sóng lớn nên không hài lòng. Ngay sát mé biển từ bãi ra vài bước mà khá sâu gần cả mét. Trẻ em chắc chắn không thể ra được. Nước biển không trong chắc do sóng lớn nên cuốn theo cát. Bãi tắm còn có ghế nằm chồi lá năm thư giãn khá ok. Khách sạn có lẽ nên đầu tư thêm 1 hồ bơi lớn để những khách như trẻ em hoặc nhũng trường hợp sóng to không tắm được cũng có thể tắm hồ bơi để thay thể. Mình đánh giá khoảng 7,3 điểm so với giá hơn 2tr 1 đêm. Nhưng mình cũng hy vọng khách sạn sẽ có đầu tư nâng cấp thêm để có dịp mình trở lại nghỉ dưỡng ở đây.",Arcadia Phu Quoc Resort,https://www.traveloka.com/en-vn/hotel/detail?spec=13-05-2023.14-05-2023.1.1.HOTEL.1000000425916.Arcadia%20Phu%20Quoc%20Resort.1&contexts=%7B%22inventoryRateKey%22%3A%22povEwB3ZzsU2C6pd%2B6MdUw6p4Oi4t9ianyz%2Fk%2Fcwm21M0tKsNUio4Rxug1zOzHJilcvZa8YdqqIySdppe7dolTIewZlxfjiOGz6oXLTucMvN0%2BgQ3yZPvZcoHwUFNN%2BZpcr%2F%2FNa8o9ElfN8zOYhzzZeg0X586laFpeUViPi9rxAXgtn2bKwejvBBZO%2BZAFZhmhLDdV0WLeT%2FFKfQ0QL8LH02Dvlx%2F8PjYogEE5yzx6g6yOKyKeIDf7jO3GM45O1o1hmSkmz3HiZNSbS8gXb3CDW9nmlhkqLKa4lLkAkZpAG5JCAR4KEzOF9HzUvNfgOnqr5Ov2QSm2AvCfOdBe9Oy%2Fvnzag3zLIuKsio2qc%2FE%2BKC0I%2B4MpT6AtjonGvWhSFYeOjRTl6ytxGba%2F42pjcyyVc4KxuembJV6Yiv2h%2FCVOHi42A4Bx%2BAVZlB2OJQoCeizHaEIke4gLKBu993M9y78%2FmzREQ0KgV1vvYuRfaKd1eNmO0SRV1ogUSH81Kgs05B6IoMhVKT4w7TwrTxbp%2FQ2iMn1qdaM1viWqCGwU1siX1ZIegdsZIo1sjlWnbsTcjefS6Pj3RtIU6lROCEB6QAgiS1WJabPNVEO7waQAXksTDyQHUY2wqyAfRzb44KOjG0poBVHSJ1fq5iJGt%2Fs2ROyG2r1yuKaZ4GSAmh5BaCjz8%3D%22%7D&prevSearchId=1765686709859674781&loginPromo=1
1100,"Khách sạn đẹp, sạch sẽ. Tuy nhiên buổi tối thắp đèn hơi ít, và đèn chủ yếu là màu vàng nên nhìn hơi tối. Nhân viên dễ thương, lịch sự Ăn sáng ngon, đa dạng Đường vào khách sạn hơi nhỏ, khó thấy",Arcadia Phu Quoc Resort,https://www.traveloka.com/en-vn/hotel/detail?spec=13-05-2023.14-05-2023.1.1.HOTEL.1000000425916.Arcadia%20Phu%20Quoc%20Resort.1&contexts=%7B%22inventoryRateKey%22%3A%22povEwB3ZzsU2C6pd%2B6MdUw6p4Oi4t9ianyz%2Fk%2Fcwm21M0tKsNUio4Rxug1zOzHJilcvZa8YdqqIySdppe7dolTIewZlxfjiOGz6oXLTucMvN0%2BgQ3yZPvZcoHwUFNN%2BZpcr%2F%2FNa8o9ElfN8zOYhzzZeg0X586laFpeUViPi9rxAXgtn2bKwejvBBZO%2BZAFZhmhLDdV0WLeT%2FFKfQ0QL8LH02Dvlx%2F8PjYogEE5yzx6g6yOKyKeIDf7jO3GM45O1o1hmSkmz3HiZNSbS8gXb3CDW9nmlhkqLKa4lLkAkZpAG5JCAR4KEzOF9HzUvNfgOnqr5Ov2QSm2AvCfOdBe9Oy%2Fvnzag3zLIuKsio2qc%2FE%2BKC0I%2B4MpT6AtjonGvWhSFYeOjRTl6ytxGba%2F42pjcyyVc4KxuembJV6Yiv2h%2FCVOHi42A4Bx%2BAVZlB2OJQoCeizHaEIke4gLKBu993M9y78%2FmzREQ0KgV1vvYuRfaKd1eNmO0SRV1ogUSH81Kgs05B6IoMhVKT4w7TwrTxbp%2FQ2iMn1qdaM1viWqCGwU1siX1ZIegdsZIo1sjlWnbsTcjefS6Pj3RtIU6lROCEB6QAgiS1WJabPNVEO7waQAXksTDyQHUY2wqyAfRzb44KOjG0poBVHSJ1fq5iJGt%2Fs2ROyG2r1yuKaZ4GSAmh5BaCjz8%3D%22%7D&prevSearchId=1765686709859674781&loginPromo=1
1101,"Resort đẹp, giá cả hợp lý, gần trung tâm, nên ở bungalow vì rất sạch đẹp và thoải mái hơn. Sẽ quay lại đây nếu đến Phú Quốc. ",Arcadia Phu Quoc Resort,https://www.traveloka.com/en-vn/hotel/detail?spec=13-05-2023.14-05-2023.1.1.HOTEL.1000000425916.Arcadia%20Phu%20Quoc%20Resort.1&contexts=%7B%22inventoryRateKey%22%3A%22povEwB3ZzsU2C6pd%2B6MdUw6p4Oi4t9ianyz%2Fk%2Fcwm21M0tKsNUio4Rxug1zOzHJilcvZa8YdqqIySdppe7dolTIewZlxfjiOGz6oXLTucMvN0%2BgQ3yZPvZcoHwUFNN%2BZpcr%2F%2FNa8o9ElfN8zOYhzzZeg0X586laFpeUViPi9rxAXgtn2bKwejvBBZO%2BZAFZhmhLDdV0WLeT%2FFKfQ0QL8LH02Dvlx%2F8PjYogEE5yzx6g6yOKyKeIDf7jO3GM45O1o1hmSkmz3HiZNSbS8gXb3CDW9nmlhkqLKa4lLkAkZpAG5JCAR4KEzOF9HzUvNfgOnqr5Ov2QSm2AvCfOdBe9Oy%2Fvnzag3zLIuKsio2qc%2FE%2BKC0I%2B4MpT6AtjonGvWhSFYeOjRTl6ytxGba%2F42pjcyyVc4KxuembJV6Yiv2h%2FCVOHi42A4Bx%2BAVZlB2OJQoCeizHaEIke4gLKBu993M9y78%2FmzREQ0KgV1vvYuRfaKd1eNmO0SRV1ogUSH81Kgs05B6IoMhVKT4w7TwrTxbp%2FQ2iMn1qdaM1viWqCGwU1siX1ZIegdsZIo1sjlWnbsTcjefS6Pj3RtIU6lROCEB6QAgiS1WJabPNVEO7waQAXksTDyQHUY2wqyAfRzb44KOjG0poBVHSJ1fq5iJGt%2Fs2ROyG2r1yuKaZ4GSAmh5BaCjz8%3D%22%7D&prevSearchId=1765686709859674781&loginPromo=1
1102,"Ổn so với giá tiền, mát mẻ, trong lành rộng rãi",Arcadia Phu Quoc Resort,https://www.traveloka.com/en-vn/hotel/detail?spec=13-05-2023.14-05-2023.1.1.HOTEL.1000000425916.Arcadia%20Phu%20Quoc%20Resort.1&contexts=%7B%22inventoryRateKey%22%3A%22povEwB3ZzsU2C6pd%2B6MdUw6p4Oi4t9ianyz%2Fk%2Fcwm21M0tKsNUio4Rxug1zOzHJilcvZa8YdqqIySdppe7dolTIewZlxfjiOGz6oXLTucMvN0%2BgQ3yZPvZcoHwUFNN%2BZpcr%2F%2FNa8o9ElfN8zOYhzzZeg0X586laFpeUViPi9rxAXgtn2bKwejvBBZO%2BZAFZhmhLDdV0WLeT%2FFKfQ0QL8LH02Dvlx%2F8PjYogEE5yzx6g6yOKyKeIDf7jO3GM45O1o1hmSkmz3HiZNSbS8gXb3CDW9nmlhkqLKa4lLkAkZpAG5JCAR4KEzOF9HzUvNfgOnqr5Ov2QSm2AvCfOdBe9Oy%2Fvnzag3zLIuKsio2qc%2FE%2BKC0I%2B4MpT6AtjonGvWhSFYeOjRTl6ytxGba%2F42pjcyyVc4KxuembJV6Yiv2h%2FCVOHi42A4Bx%2BAVZlB2OJQoCeizHaEIke4gLKBu993M9y78%2FmzREQ0KgV1vvYuRfaKd1eNmO0SRV1ogUSH81Kgs05B6IoMhVKT4w7TwrTxbp%2FQ2iMn1qdaM1viWqCGwU1siX1ZIegdsZIo1sjlWnbsTcjefS6Pj3RtIU6lROCEB6QAgiS1WJabPNVEO7waQAXksTDyQHUY2wqyAfRzb44KOjG0poBVHSJ1fq5iJGt%2Fs2ROyG2r1yuKaZ4GSAmh5BaCjz8%3D%22%7D&prevSearchId=1765686709859674781&loginPromo=1
1103,"Giá tốt phục vụ tốt , vị trí tuyệt vời",Arcadia Phu Quoc Resort,https://www.traveloka.com/en-vn/hotel/detail?spec=13-05-2023.14-05-2023.1.1.HOTEL.1000000425916.Arcadia%20Phu%20Quoc%20Resort.1&contexts=%7B%22inventoryRateKey%22%3A%22povEwB3ZzsU2C6pd%2B6MdUw6p4Oi4t9ianyz%2Fk%2Fcwm21M0tKsNUio4Rxug1zOzHJilcvZa8YdqqIySdppe7dolTIewZlxfjiOGz6oXLTucMvN0%2BgQ3yZPvZcoHwUFNN%2BZpcr%2F%2FNa8o9ElfN8zOYhzzZeg0X586laFpeUViPi9rxAXgtn2bKwejvBBZO%2BZAFZhmhLDdV0WLeT%2FFKfQ0QL8LH02Dvlx%2F8PjYogEE5yzx6g6yOKyKeIDf7jO3GM45O1o1hmSkmz3HiZNSbS8gXb3CDW9nmlhkqLKa4lLkAkZpAG5JCAR4KEzOF9HzUvNfgOnqr5Ov2QSm2AvCfOdBe9Oy%2Fvnzag3zLIuKsio2qc%2FE%2BKC0I%2B4MpT6AtjonGvWhSFYeOjRTl6ytxGba%2F42pjcyyVc4KxuembJV6Yiv2h%2FCVOHi42A4Bx%2BAVZlB2OJQoCeizHaEIke4gLKBu993M9y78%2FmzREQ0KgV1vvYuRfaKd1eNmO0SRV1ogUSH81Kgs05B6IoMhVKT4w7TwrTxbp%2FQ2iMn1qdaM1viWqCGwU1siX1ZIegdsZIo1sjlWnbsTcjefS6Pj3RtIU6lROCEB6QAgiS1WJabPNVEO7waQAXksTDyQHUY2wqyAfRzb44KOjG0poBVHSJ1fq5iJGt%2Fs2ROyG2r1yuKaZ4GSAmh5BaCjz8%3D%22%7D&prevSearchId=1765686709859674781&loginPromo=1
1104,Tôi thấy thoải mái khi ở đây ,Arcadia Phu Quoc Resort,https://www.traveloka.com/en-vn/hotel/detail?spec=13-05-2023.14-05-2023.1.1.HOTEL.1000000425916.Arcadia%20Phu%20Quoc%20Resort.1&contexts=%7B%22inventoryRateKey%22%3A%22povEwB3ZzsU2C6pd%2B6MdUw6p4Oi4t9ianyz%2Fk%2Fcwm21M0tKsNUio4Rxug1zOzHJilcvZa8YdqqIySdppe7dolTIewZlxfjiOGz6oXLTucMvN0%2BgQ3yZPvZcoHwUFNN%2BZpcr%2F%2FNa8o9ElfN8zOYhzzZeg0X586laFpeUViPi9rxAXgtn2bKwejvBBZO%2BZAFZhmhLDdV0WLeT%2FFKfQ0QL8LH02Dvlx%2F8PjYogEE5yzx6g6yOKyKeIDf7jO3GM45O1o1hmSkmz3HiZNSbS8gXb3CDW9nmlhkqLKa4lLkAkZpAG5JCAR4KEzOF9HzUvNfgOnqr5Ov2QSm2AvCfOdBe9Oy%2Fvnzag3zLIuKsio2qc%2FE%2BKC0I%2B4MpT6AtjonGvWhSFYeOjRTl6ytxGba%2F42pjcyyVc4KxuembJV6Yiv2h%2FCVOHi42A4Bx%2BAVZlB2OJQoCeizHaEIke4gLKBu993M9y78%2FmzREQ0KgV1vvYuRfaKd1eNmO0SRV1ogUSH81Kgs05B6IoMhVKT4w7TwrTxbp%2FQ2iMn1qdaM1viWqCGwU1siX1ZIegdsZIo1sjlWnbsTcjefS6Pj3RtIU6lROCEB6QAgiS1WJabPNVEO7waQAXksTDyQHUY2wqyAfRzb44KOjG0poBVHSJ1fq5iJGt%2Fs2ROyG2r1yuKaZ4GSAmh5BaCjz8%3D%22%7D&prevSearchId=1765686709859674781&loginPromo=1
1105,"Khách sạn cạnh biển nên không khí rất thoải mái, lễ tân tốt bụng.",Arcadia Phu Quoc Resort,https://www.traveloka.com/en-vn/hotel/detail?spec=13-05-2023.14-05-2023.1.1.HOTEL.1000000425916.Arcadia%20Phu%20Quoc%20Resort.1&contexts=%7B%22inventoryRateKey%22%3A%22povEwB3ZzsU2C6pd%2B6MdUw6p4Oi4t9ianyz%2Fk%2Fcwm21M0tKsNUio4Rxug1zOzHJilcvZa8YdqqIySdppe7dolTIewZlxfjiOGz6oXLTucMvN0%2BgQ3yZPvZcoHwUFNN%2BZpcr%2F%2FNa8o9ElfN8zOYhzzZeg0X586laFpeUViPi9rxAXgtn2bKwejvBBZO%2BZAFZhmhLDdV0WLeT%2FFKfQ0QL8LH02Dvlx%2F8PjYogEE5yzx6g6yOKyKeIDf7jO3GM45O1o1hmSkmz3HiZNSbS8gXb3CDW9nmlhkqLKa4lLkAkZpAG5JCAR4KEzOF9HzUvNfgOnqr5Ov2QSm2AvCfOdBe9Oy%2Fvnzag3zLIuKsio2qc%2FE%2BKC0I%2B4MpT6AtjonGvWhSFYeOjRTl6ytxGba%2F42pjcyyVc4KxuembJV6Yiv2h%2FCVOHi42A4Bx%2BAVZlB2OJQoCeizHaEIke4gLKBu993M9y78%2FmzREQ0KgV1vvYuRfaKd1eNmO0SRV1ogUSH81Kgs05B6IoMhVKT4w7TwrTxbp%2FQ2iMn1qdaM1viWqCGwU1siX1ZIegdsZIo1sjlWnbsTcjefS6Pj3RtIU6lROCEB6QAgiS1WJabPNVEO7waQAXksTDyQHUY2wqyAfRzb44KOjG0poBVHSJ1fq5iJGt%2Fs2ROyG2r1yuKaZ4GSAmh5BaCjz8%3D%22%7D&prevSearchId=1765686709859674781&loginPromo=1
1106,không có gì để phàn nàn. Sẽ đến lần sau nếu có dịp,Arcadia Phu Quoc Resort,https://www.traveloka.com/en-vn/hotel/detail?spec=13-05-2023.14-05-2023.1.1.HOTEL.1000000425916.Arcadia%20Phu%20Quoc%20Resort.1&contexts=%7B%22inventoryRateKey%22%3A%22povEwB3ZzsU2C6pd%2B6MdUw6p4Oi4t9ianyz%2Fk%2Fcwm21M0tKsNUio4Rxug1zOzHJilcvZa8YdqqIySdppe7dolTIewZlxfjiOGz6oXLTucMvN0%2BgQ3yZPvZcoHwUFNN%2BZpcr%2F%2FNa8o9ElfN8zOYhzzZeg0X586laFpeUViPi9rxAXgtn2bKwejvBBZO%2BZAFZhmhLDdV0WLeT%2FFKfQ0QL8LH02Dvlx%2F8PjYogEE5yzx6g6yOKyKeIDf7jO3GM45O1o1hmSkmz3HiZNSbS8gXb3CDW9nmlhkqLKa4lLkAkZpAG5JCAR4KEzOF9HzUvNfgOnqr5Ov2QSm2AvCfOdBe9Oy%2Fvnzag3zLIuKsio2qc%2FE%2BKC0I%2B4MpT6AtjonGvWhSFYeOjRTl6ytxGba%2F42pjcyyVc4KxuembJV6Yiv2h%2FCVOHi42A4Bx%2BAVZlB2OJQoCeizHaEIke4gLKBu993M9y78%2FmzREQ0KgV1vvYuRfaKd1eNmO0SRV1ogUSH81Kgs05B6IoMhVKT4w7TwrTxbp%2FQ2iMn1qdaM1viWqCGwU1siX1ZIegdsZIo1sjlWnbsTcjefS6Pj3RtIU6lROCEB6QAgiS1WJabPNVEO7waQAXksTDyQHUY2wqyAfRzb44KOjG0poBVHSJ1fq5iJGt%2Fs2ROyG2r1yuKaZ4GSAmh5BaCjz8%3D%22%7D&prevSearchId=1765686709859674781&loginPromo=1
1107,Đồ ăn bình thường và ít. Hầu hết những món quá đơn giản và tầm 8h sáng đã không còn những món nước.,Arcadia Phu Quoc Resort,https://www.traveloka.com/en-vn/hotel/detail?spec=13-05-2023.14-05-2023.1.1.HOTEL.1000000425916.Arcadia%20Phu%20Quoc%20Resort.1&contexts=%7B%22inventoryRateKey%22%3A%22povEwB3ZzsU2C6pd%2B6MdUw6p4Oi4t9ianyz%2Fk%2Fcwm21M0tKsNUio4Rxug1zOzHJilcvZa8YdqqIySdppe7dolTIewZlxfjiOGz6oXLTucMvN0%2BgQ3yZPvZcoHwUFNN%2BZpcr%2F%2FNa8o9ElfN8zOYhzzZeg0X586laFpeUViPi9rxAXgtn2bKwejvBBZO%2BZAFZhmhLDdV0WLeT%2FFKfQ0QL8LH02Dvlx%2F8PjYogEE5yzx6g6yOKyKeIDf7jO3GM45O1o1hmSkmz3HiZNSbS8gXb3CDW9nmlhkqLKa4lLkAkZpAG5JCAR4KEzOF9HzUvNfgOnqr5Ov2QSm2AvCfOdBe9Oy%2Fvnzag3zLIuKsio2qc%2FE%2BKC0I%2B4MpT6AtjonGvWhSFYeOjRTl6ytxGba%2F42pjcyyVc4KxuembJV6Yiv2h%2FCVOHi42A4Bx%2BAVZlB2OJQoCeizHaEIke4gLKBu993M9y78%2FmzREQ0KgV1vvYuRfaKd1eNmO0SRV1ogUSH81Kgs05B6IoMhVKT4w7TwrTxbp%2FQ2iMn1qdaM1viWqCGwU1siX1ZIegdsZIo1sjlWnbsTcjefS6Pj3RtIU6lROCEB6QAgiS1WJabPNVEO7waQAXksTDyQHUY2wqyAfRzb44KOjG0poBVHSJ1fq5iJGt%2Fs2ROyG2r1yuKaZ4GSAmh5BaCjz8%3D%22%7D&prevSearchId=1765686709859674781&loginPromo=1
1108,"Chất lượng 3 sao, dịch vụ tệ",Arcadia Phu Quoc Resort,https://www.traveloka.com/en-vn/hotel/detail?spec=13-05-2023.14-05-2023.1.1.HOTEL.1000000425916.Arcadia%20Phu%20Quoc%20Resort.1&contexts=%7B%22inventoryRateKey%22%3A%22povEwB3ZzsU2C6pd%2B6MdUw6p4Oi4t9ianyz%2Fk%2Fcwm21M0tKsNUio4Rxug1zOzHJilcvZa8YdqqIySdppe7dolTIewZlxfjiOGz6oXLTucMvN0%2BgQ3yZPvZcoHwUFNN%2BZpcr%2F%2FNa8o9ElfN8zOYhzzZeg0X586laFpeUViPi9rxAXgtn2bKwejvBBZO%2BZAFZhmhLDdV0WLeT%2FFKfQ0QL8LH02Dvlx%2F8PjYogEE5yzx6g6yOKyKeIDf7jO3GM45O1o1hmSkmz3HiZNSbS8gXb3CDW9nmlhkqLKa4lLkAkZpAG5JCAR4KEzOF9HzUvNfgOnqr5Ov2QSm2AvCfOdBe9Oy%2Fvnzag3zLIuKsio2qc%2FE%2BKC0I%2B4MpT6AtjonGvWhSFYeOjRTl6ytxGba%2F42pjcyyVc4KxuembJV6Yiv2h%2FCVOHi42A4Bx%2BAVZlB2OJQoCeizHaEIke4gLKBu993M9y78%2FmzREQ0KgV1vvYuRfaKd1eNmO0SRV1ogUSH81Kgs05B6IoMhVKT4w7TwrTxbp%2FQ2iMn1qdaM1viWqCGwU1siX1ZIegdsZIo1sjlWnbsTcjefS6Pj3RtIU6lROCEB6QAgiS1WJabPNVEO7waQAXksTDyQHUY2wqyAfRzb44KOjG0poBVHSJ1fq5iJGt%2Fs2ROyG2r1yuKaZ4GSAmh5BaCjz8%3D%22%7D&prevSearchId=1765686709859674781&loginPromo=1
1109,Phù hợp nghỉ dưỡng cho gia đình 🤗🤗🤗,Arcadia Phu Quoc Resort,https://www.traveloka.com/en-vn/hotel/detail?spec=13-05-2023.14-05-2023.1.1.HOTEL.1000000425916.Arcadia%20Phu%20Quoc%20Resort.1&contexts=%7B%22inventoryRateKey%22%3A%22povEwB3ZzsU2C6pd%2B6MdUw6p4Oi4t9ianyz%2Fk%2Fcwm21M0tKsNUio4Rxug1zOzHJilcvZa8YdqqIySdppe7dolTIewZlxfjiOGz6oXLTucMvN0%2BgQ3yZPvZcoHwUFNN%2BZpcr%2F%2FNa8o9ElfN8zOYhzzZeg0X586laFpeUViPi9rxAXgtn2bKwejvBBZO%2BZAFZhmhLDdV0WLeT%2FFKfQ0QL8LH02Dvlx%2F8PjYogEE5yzx6g6yOKyKeIDf7jO3GM45O1o1hmSkmz3HiZNSbS8gXb3CDW9nmlhkqLKa4lLkAkZpAG5JCAR4KEzOF9HzUvNfgOnqr5Ov2QSm2AvCfOdBe9Oy%2Fvnzag3zLIuKsio2qc%2FE%2BKC0I%2B4MpT6AtjonGvWhSFYeOjRTl6ytxGba%2F42pjcyyVc4KxuembJV6Yiv2h%2FCVOHi42A4Bx%2BAVZlB2OJQoCeizHaEIke4gLKBu993M9y78%2FmzREQ0KgV1vvYuRfaKd1eNmO0SRV1ogUSH81Kgs05B6IoMhVKT4w7TwrTxbp%2FQ2iMn1qdaM1viWqCGwU1siX1ZIegdsZIo1sjlWnbsTcjefS6Pj3RtIU6lROCEB6QAgiS1WJabPNVEO7waQAXksTDyQHUY2wqyAfRzb44KOjG0poBVHSJ1fq5iJGt%2Fs2ROyG2r1yuKaZ4GSAmh5BaCjz8%3D%22%7D&prevSearchId=1765686709859674781&loginPromo=1
1110,"Nhân viên lễ tân chưa tốt, còn lại mọi thứ đều ổn",Arcadia Phu Quoc Resort,https://www.traveloka.com/en-vn/hotel/detail?spec=13-05-2023.14-05-2023.1.1.HOTEL.1000000425916.Arcadia%20Phu%20Quoc%20Resort.1&contexts=%7B%22inventoryRateKey%22%3A%22povEwB3ZzsU2C6pd%2B6MdUw6p4Oi4t9ianyz%2Fk%2Fcwm21M0tKsNUio4Rxug1zOzHJilcvZa8YdqqIySdppe7dolTIewZlxfjiOGz6oXLTucMvN0%2BgQ3yZPvZcoHwUFNN%2BZpcr%2F%2FNa8o9ElfN8zOYhzzZeg0X586laFpeUViPi9rxAXgtn2bKwejvBBZO%2BZAFZhmhLDdV0WLeT%2FFKfQ0QL8LH02Dvlx%2F8PjYogEE5yzx6g6yOKyKeIDf7jO3GM45O1o1hmSkmz3HiZNSbS8gXb3CDW9nmlhkqLKa4lLkAkZpAG5JCAR4KEzOF9HzUvNfgOnqr5Ov2QSm2AvCfOdBe9Oy%2Fvnzag3zLIuKsio2qc%2FE%2BKC0I%2B4MpT6AtjonGvWhSFYeOjRTl6ytxGba%2F42pjcyyVc4KxuembJV6Yiv2h%2FCVOHi42A4Bx%2BAVZlB2OJQoCeizHaEIke4gLKBu993M9y78%2FmzREQ0KgV1vvYuRfaKd1eNmO0SRV1ogUSH81Kgs05B6IoMhVKT4w7TwrTxbp%2FQ2iMn1qdaM1viWqCGwU1siX1ZIegdsZIo1sjlWnbsTcjefS6Pj3RtIU6lROCEB6QAgiS1WJabPNVEO7waQAXksTDyQHUY2wqyAfRzb44KOjG0poBVHSJ1fq5iJGt%2Fs2ROyG2r1yuKaZ4GSAmh5BaCjz8%3D%22%7D&prevSearchId=1765686709859674781&loginPromo=1
1111,"Một nơi nghỉ dưỡng khá ổn, phù hợp với giá tiền trung bình, với mình thì mọi thứ đều ổn, trừ 1 thứ ở đây là vẫn có muỗi.",Arcadia Phu Quoc Resort,https://www.traveloka.com/en-vn/hotel/detail?spec=13-05-2023.14-05-2023.1.1.HOTEL.1000000425916.Arcadia%20Phu%20Quoc%20Resort.1&contexts=%7B%22inventoryRateKey%22%3A%22povEwB3ZzsU2C6pd%2B6MdUw6p4Oi4t9ianyz%2Fk%2Fcwm21M0tKsNUio4Rxug1zOzHJilcvZa8YdqqIySdppe7dolTIewZlxfjiOGz6oXLTucMvN0%2BgQ3yZPvZcoHwUFNN%2BZpcr%2F%2FNa8o9ElfN8zOYhzzZeg0X586laFpeUViPi9rxAXgtn2bKwejvBBZO%2BZAFZhmhLDdV0WLeT%2FFKfQ0QL8LH02Dvlx%2F8PjYogEE5yzx6g6yOKyKeIDf7jO3GM45O1o1hmSkmz3HiZNSbS8gXb3CDW9nmlhkqLKa4lLkAkZpAG5JCAR4KEzOF9HzUvNfgOnqr5Ov2QSm2AvCfOdBe9Oy%2Fvnzag3zLIuKsio2qc%2FE%2BKC0I%2B4MpT6AtjonGvWhSFYeOjRTl6ytxGba%2F42pjcyyVc4KxuembJV6Yiv2h%2FCVOHi42A4Bx%2BAVZlB2OJQoCeizHaEIke4gLKBu993M9y78%2FmzREQ0KgV1vvYuRfaKd1eNmO0SRV1ogUSH81Kgs05B6IoMhVKT4w7TwrTxbp%2FQ2iMn1qdaM1viWqCGwU1siX1ZIegdsZIo1sjlWnbsTcjefS6Pj3RtIU6lROCEB6QAgiS1WJabPNVEO7waQAXksTDyQHUY2wqyAfRzb44KOjG0poBVHSJ1fq5iJGt%2Fs2ROyG2r1yuKaZ4GSAmh5BaCjz8%3D%22%7D&prevSearchId=1765686709859674781&loginPromo=1
1112,Bữa sáng ổn. View đẹp. Phòng khu A sạch và rộng hơn khu B. Hạn chế: Wifi hơi yếu và tìm vị trí hơi khó.,Arcadia Phu Quoc Resort,https://www.traveloka.com/en-vn/hotel/detail?spec=13-05-2023.14-05-2023.1.1.HOTEL.1000000425916.Arcadia%20Phu%20Quoc%20Resort.1&contexts=%7B%22inventoryRateKey%22%3A%22povEwB3ZzsU2C6pd%2B6MdUw6p4Oi4t9ianyz%2Fk%2Fcwm21M0tKsNUio4Rxug1zOzHJilcvZa8YdqqIySdppe7dolTIewZlxfjiOGz6oXLTucMvN0%2BgQ3yZPvZcoHwUFNN%2BZpcr%2F%2FNa8o9ElfN8zOYhzzZeg0X586laFpeUViPi9rxAXgtn2bKwejvBBZO%2BZAFZhmhLDdV0WLeT%2FFKfQ0QL8LH02Dvlx%2F8PjYogEE5yzx6g6yOKyKeIDf7jO3GM45O1o1hmSkmz3HiZNSbS8gXb3CDW9nmlhkqLKa4lLkAkZpAG5JCAR4KEzOF9HzUvNfgOnqr5Ov2QSm2AvCfOdBe9Oy%2Fvnzag3zLIuKsio2qc%2FE%2BKC0I%2B4MpT6AtjonGvWhSFYeOjRTl6ytxGba%2F42pjcyyVc4KxuembJV6Yiv2h%2FCVOHi42A4Bx%2BAVZlB2OJQoCeizHaEIke4gLKBu993M9y78%2FmzREQ0KgV1vvYuRfaKd1eNmO0SRV1ogUSH81Kgs05B6IoMhVKT4w7TwrTxbp%2FQ2iMn1qdaM1viWqCGwU1siX1ZIegdsZIo1sjlWnbsTcjefS6Pj3RtIU6lROCEB6QAgiS1WJabPNVEO7waQAXksTDyQHUY2wqyAfRzb44KOjG0poBVHSJ1fq5iJGt%2Fs2ROyG2r1yuKaZ4GSAmh5BaCjz8%3D%22%7D&prevSearchId=1765686709859674781&loginPromo=1
1113,Tôi hài lòng khi ở tại đây.,Arcadia Phu Quoc Resort,https://www.traveloka.com/en-vn/hotel/detail?spec=13-05-2023.14-05-2023.1.1.HOTEL.1000000425916.Arcadia%20Phu%20Quoc%20Resort.1&contexts=%7B%22inventoryRateKey%22%3A%22povEwB3ZzsU2C6pd%2B6MdUw6p4Oi4t9ianyz%2Fk%2Fcwm21M0tKsNUio4Rxug1zOzHJilcvZa8YdqqIySdppe7dolTIewZlxfjiOGz6oXLTucMvN0%2BgQ3yZPvZcoHwUFNN%2BZpcr%2F%2FNa8o9ElfN8zOYhzzZeg0X586laFpeUViPi9rxAXgtn2bKwejvBBZO%2BZAFZhmhLDdV0WLeT%2FFKfQ0QL8LH02Dvlx%2F8PjYogEE5yzx6g6yOKyKeIDf7jO3GM45O1o1hmSkmz3HiZNSbS8gXb3CDW9nmlhkqLKa4lLkAkZpAG5JCAR4KEzOF9HzUvNfgOnqr5Ov2QSm2AvCfOdBe9Oy%2Fvnzag3zLIuKsio2qc%2FE%2BKC0I%2B4MpT6AtjonGvWhSFYeOjRTl6ytxGba%2F42pjcyyVc4KxuembJV6Yiv2h%2FCVOHi42A4Bx%2BAVZlB2OJQoCeizHaEIke4gLKBu993M9y78%2FmzREQ0KgV1vvYuRfaKd1eNmO0SRV1ogUSH81Kgs05B6IoMhVKT4w7TwrTxbp%2FQ2iMn1qdaM1viWqCGwU1siX1ZIegdsZIo1sjlWnbsTcjefS6Pj3RtIU6lROCEB6QAgiS1WJabPNVEO7waQAXksTDyQHUY2wqyAfRzb44KOjG0poBVHSJ1fq5iJGt%2Fs2ROyG2r1yuKaZ4GSAmh5BaCjz8%3D%22%7D&prevSearchId=1765686709859674781&loginPromo=1
1114,"Không gian đẹp, xanh, sạch, yên tĩnh. Lối vào hơi xa và nhiều ổ gà nhỏ. Phòng Deluxe Ocean view mình ở có WC thoát nước chậm. Nhân viên nice. Bữa sáng ngon!",Arcadia Phu Quoc Resort,https://www.traveloka.com/en-vn/hotel/detail?spec=13-05-2023.14-05-2023.1.1.HOTEL.1000000425916.Arcadia%20Phu%20Quoc%20Resort.1&contexts=%7B%22inventoryRateKey%22%3A%22povEwB3ZzsU2C6pd%2B6MdUw6p4Oi4t9ianyz%2Fk%2Fcwm21M0tKsNUio4Rxug1zOzHJilcvZa8YdqqIySdppe7dolTIewZlxfjiOGz6oXLTucMvN0%2BgQ3yZPvZcoHwUFNN%2BZpcr%2F%2FNa8o9ElfN8zOYhzzZeg0X586laFpeUViPi9rxAXgtn2bKwejvBBZO%2BZAFZhmhLDdV0WLeT%2FFKfQ0QL8LH02Dvlx%2F8PjYogEE5yzx6g6yOKyKeIDf7jO3GM45O1o1hmSkmz3HiZNSbS8gXb3CDW9nmlhkqLKa4lLkAkZpAG5JCAR4KEzOF9HzUvNfgOnqr5Ov2QSm2AvCfOdBe9Oy%2Fvnzag3zLIuKsio2qc%2FE%2BKC0I%2B4MpT6AtjonGvWhSFYeOjRTl6ytxGba%2F42pjcyyVc4KxuembJV6Yiv2h%2FCVOHi42A4Bx%2BAVZlB2OJQoCeizHaEIke4gLKBu993M9y78%2FmzREQ0KgV1vvYuRfaKd1eNmO0SRV1ogUSH81Kgs05B6IoMhVKT4w7TwrTxbp%2FQ2iMn1qdaM1viWqCGwU1siX1ZIegdsZIo1sjlWnbsTcjefS6Pj3RtIU6lROCEB6QAgiS1WJabPNVEO7waQAXksTDyQHUY2wqyAfRzb44KOjG0poBVHSJ1fq5iJGt%2Fs2ROyG2r1yuKaZ4GSAmh5BaCjz8%3D%22%7D&prevSearchId=1765686709859674781&loginPromo=1
1115,Thú vị tuyệt vời quang cảnh đẹp,Arcadia Phu Quoc Resort,https://www.traveloka.com/en-vn/hotel/detail?spec=13-05-2023.14-05-2023.1.1.HOTEL.1000000425916.Arcadia%20Phu%20Quoc%20Resort.1&contexts=%7B%22inventoryRateKey%22%3A%22povEwB3ZzsU2C6pd%2B6MdUw6p4Oi4t9ianyz%2Fk%2Fcwm21M0tKsNUio4Rxug1zOzHJilcvZa8YdqqIySdppe7dolTIewZlxfjiOGz6oXLTucMvN0%2BgQ3yZPvZcoHwUFNN%2BZpcr%2F%2FNa8o9ElfN8zOYhzzZeg0X586laFpeUViPi9rxAXgtn2bKwejvBBZO%2BZAFZhmhLDdV0WLeT%2FFKfQ0QL8LH02Dvlx%2F8PjYogEE5yzx6g6yOKyKeIDf7jO3GM45O1o1hmSkmz3HiZNSbS8gXb3CDW9nmlhkqLKa4lLkAkZpAG5JCAR4KEzOF9HzUvNfgOnqr5Ov2QSm2AvCfOdBe9Oy%2Fvnzag3zLIuKsio2qc%2FE%2BKC0I%2B4MpT6AtjonGvWhSFYeOjRTl6ytxGba%2F42pjcyyVc4KxuembJV6Yiv2h%2FCVOHi42A4Bx%2BAVZlB2OJQoCeizHaEIke4gLKBu993M9y78%2FmzREQ0KgV1vvYuRfaKd1eNmO0SRV1ogUSH81Kgs05B6IoMhVKT4w7TwrTxbp%2FQ2iMn1qdaM1viWqCGwU1siX1ZIegdsZIo1sjlWnbsTcjefS6Pj3RtIU6lROCEB6QAgiS1WJabPNVEO7waQAXksTDyQHUY2wqyAfRzb44KOjG0poBVHSJ1fq5iJGt%2Fs2ROyG2r1yuKaZ4GSAmh5BaCjz8%3D%22%7D&prevSearchId=1765686709859674781&loginPromo=1
1116,"Resort có bãi biển đẹp, tiện nghi, nhân viên dễ thương",Arcadia Phu Quoc Resort,https://www.traveloka.com/en-vn/hotel/detail?spec=13-05-2023.14-05-2023.1.1.HOTEL.1000000425916.Arcadia%20Phu%20Quoc%20Resort.1&contexts=%7B%22inventoryRateKey%22%3A%22povEwB3ZzsU2C6pd%2B6MdUw6p4Oi4t9ianyz%2Fk%2Fcwm21M0tKsNUio4Rxug1zOzHJilcvZa8YdqqIySdppe7dolTIewZlxfjiOGz6oXLTucMvN0%2BgQ3yZPvZcoHwUFNN%2BZpcr%2F%2FNa8o9ElfN8zOYhzzZeg0X586laFpeUViPi9rxAXgtn2bKwejvBBZO%2BZAFZhmhLDdV0WLeT%2FFKfQ0QL8LH02Dvlx%2F8PjYogEE5yzx6g6yOKyKeIDf7jO3GM45O1o1hmSkmz3HiZNSbS8gXb3CDW9nmlhkqLKa4lLkAkZpAG5JCAR4KEzOF9HzUvNfgOnqr5Ov2QSm2AvCfOdBe9Oy%2Fvnzag3zLIuKsio2qc%2FE%2BKC0I%2B4MpT6AtjonGvWhSFYeOjRTl6ytxGba%2F42pjcyyVc4KxuembJV6Yiv2h%2FCVOHi42A4Bx%2BAVZlB2OJQoCeizHaEIke4gLKBu993M9y78%2FmzREQ0KgV1vvYuRfaKd1eNmO0SRV1ogUSH81Kgs05B6IoMhVKT4w7TwrTxbp%2FQ2iMn1qdaM1viWqCGwU1siX1ZIegdsZIo1sjlWnbsTcjefS6Pj3RtIU6lROCEB6QAgiS1WJabPNVEO7waQAXksTDyQHUY2wqyAfRzb44KOjG0poBVHSJ1fq5iJGt%2Fs2ROyG2r1yuKaZ4GSAmh5BaCjz8%3D%22%7D&prevSearchId=1765686709859674781&loginPromo=1
1117,"Khách sạn có vị trí đẹp, gần biển. Tuy nhiên, phòng không sạch, nhỏ, lối đi ban đêm tối, trang thiết bị hàng ngày trong phòng chưa phong phú. Cách quản lí đặt phòng của khách sạn chưa ổn. Bữa sáng ít món và không đổi món.",Arcadia Phu Quoc Resort,https://www.traveloka.com/en-vn/hotel/detail?spec=13-05-2023.14-05-2023.1.1.HOTEL.1000000425916.Arcadia%20Phu%20Quoc%20Resort.1&contexts=%7B%22inventoryRateKey%22%3A%22povEwB3ZzsU2C6pd%2B6MdUw6p4Oi4t9ianyz%2Fk%2Fcwm21M0tKsNUio4Rxug1zOzHJilcvZa8YdqqIySdppe7dolTIewZlxfjiOGz6oXLTucMvN0%2BgQ3yZPvZcoHwUFNN%2BZpcr%2F%2FNa8o9ElfN8zOYhzzZeg0X586laFpeUViPi9rxAXgtn2bKwejvBBZO%2BZAFZhmhLDdV0WLeT%2FFKfQ0QL8LH02Dvlx%2F8PjYogEE5yzx6g6yOKyKeIDf7jO3GM45O1o1hmSkmz3HiZNSbS8gXb3CDW9nmlhkqLKa4lLkAkZpAG5JCAR4KEzOF9HzUvNfgOnqr5Ov2QSm2AvCfOdBe9Oy%2Fvnzag3zLIuKsio2qc%2FE%2BKC0I%2B4MpT6AtjonGvWhSFYeOjRTl6ytxGba%2F42pjcyyVc4KxuembJV6Yiv2h%2FCVOHi42A4Bx%2BAVZlB2OJQoCeizHaEIke4gLKBu993M9y78%2FmzREQ0KgV1vvYuRfaKd1eNmO0SRV1ogUSH81Kgs05B6IoMhVKT4w7TwrTxbp%2FQ2iMn1qdaM1viWqCGwU1siX1ZIegdsZIo1sjlWnbsTcjefS6Pj3RtIU6lROCEB6QAgiS1WJabPNVEO7waQAXksTDyQHUY2wqyAfRzb44KOjG0poBVHSJ1fq5iJGt%2Fs2ROyG2r1yuKaZ4GSAmh5BaCjz8%3D%22%7D&prevSearchId=1765686709859674781&loginPromo=1
1118,"Thái độ nhân viên ở đây không tốt, tôi cảm giác nhân viên ở đây không được đào tạo, nhất là bạn quản lý. Bạn ấy cư xử với khách hàng không khác gì nhân viên của bạn ấy. Ăn nói lớn tiếng, dùng thái độ liếc.",Arcadia Phu Quoc Resort,https://www.traveloka.com/en-vn/hotel/detail?spec=13-05-2023.14-05-2023.1.1.HOTEL.1000000425916.Arcadia%20Phu%20Quoc%20Resort.1&contexts=%7B%22inventoryRateKey%22%3A%22povEwB3ZzsU2C6pd%2B6MdUw6p4Oi4t9ianyz%2Fk%2Fcwm21M0tKsNUio4Rxug1zOzHJilcvZa8YdqqIySdppe7dolTIewZlxfjiOGz6oXLTucMvN0%2BgQ3yZPvZcoHwUFNN%2BZpcr%2F%2FNa8o9ElfN8zOYhzzZeg0X586laFpeUViPi9rxAXgtn2bKwejvBBZO%2BZAFZhmhLDdV0WLeT%2FFKfQ0QL8LH02Dvlx%2F8PjYogEE5yzx6g6yOKyKeIDf7jO3GM45O1o1hmSkmz3HiZNSbS8gXb3CDW9nmlhkqLKa4lLkAkZpAG5JCAR4KEzOF9HzUvNfgOnqr5Ov2QSm2AvCfOdBe9Oy%2Fvnzag3zLIuKsio2qc%2FE%2BKC0I%2B4MpT6AtjonGvWhSFYeOjRTl6ytxGba%2F42pjcyyVc4KxuembJV6Yiv2h%2FCVOHi42A4Bx%2BAVZlB2OJQoCeizHaEIke4gLKBu993M9y78%2FmzREQ0KgV1vvYuRfaKd1eNmO0SRV1ogUSH81Kgs05B6IoMhVKT4w7TwrTxbp%2FQ2iMn1qdaM1viWqCGwU1siX1ZIegdsZIo1sjlWnbsTcjefS6Pj3RtIU6lROCEB6QAgiS1WJabPNVEO7waQAXksTDyQHUY2wqyAfRzb44KOjG0poBVHSJ1fq5iJGt%2Fs2ROyG2r1yuKaZ4GSAmh5BaCjz8%3D%22%7D&prevSearchId=1765686709859674781&loginPromo=1
1119,"Phuc vu ok, phong sach se, khong khi trong lanh, noi nghi duong day ly tuong",Arcadia Phu Quoc Resort,https://www.traveloka.com/en-vn/hotel/detail?spec=13-05-2023.14-05-2023.1.1.HOTEL.1000000425916.Arcadia%20Phu%20Quoc%20Resort.1&contexts=%7B%22inventoryRateKey%22%3A%22povEwB3ZzsU2C6pd%2B6MdUw6p4Oi4t9ianyz%2Fk%2Fcwm21M0tKsNUio4Rxug1zOzHJilcvZa8YdqqIySdppe7dolTIewZlxfjiOGz6oXLTucMvN0%2BgQ3yZPvZcoHwUFNN%2BZpcr%2F%2FNa8o9ElfN8zOYhzzZeg0X586laFpeUViPi9rxAXgtn2bKwejvBBZO%2BZAFZhmhLDdV0WLeT%2FFKfQ0QL8LH02Dvlx%2F8PjYogEE5yzx6g6yOKyKeIDf7jO3GM45O1o1hmSkmz3HiZNSbS8gXb3CDW9nmlhkqLKa4lLkAkZpAG5JCAR4KEzOF9HzUvNfgOnqr5Ov2QSm2AvCfOdBe9Oy%2Fvnzag3zLIuKsio2qc%2FE%2BKC0I%2B4MpT6AtjonGvWhSFYeOjRTl6ytxGba%2F42pjcyyVc4KxuembJV6Yiv2h%2FCVOHi42A4Bx%2BAVZlB2OJQoCeizHaEIke4gLKBu993M9y78%2FmzREQ0KgV1vvYuRfaKd1eNmO0SRV1ogUSH81Kgs05B6IoMhVKT4w7TwrTxbp%2FQ2iMn1qdaM1viWqCGwU1siX1ZIegdsZIo1sjlWnbsTcjefS6Pj3RtIU6lROCEB6QAgiS1WJabPNVEO7waQAXksTDyQHUY2wqyAfRzb44KOjG0poBVHSJ1fq5iJGt%2Fs2ROyG2r1yuKaZ4GSAmh5BaCjz8%3D%22%7D&prevSearchId=1765686709859674781&loginPromo=1
1120,Nhân viên nói chuyện chưa tôn trọng khách hàng,Arcadia Phu Quoc Resort,https://www.traveloka.com/en-vn/hotel/detail?spec=13-05-2023.14-05-2023.1.1.HOTEL.1000000425916.Arcadia%20Phu%20Quoc%20Resort.1&contexts=%7B%22inventoryRateKey%22%3A%22povEwB3ZzsU2C6pd%2B6MdUw6p4Oi4t9ianyz%2Fk%2Fcwm21M0tKsNUio4Rxug1zOzHJilcvZa8YdqqIySdppe7dolTIewZlxfjiOGz6oXLTucMvN0%2BgQ3yZPvZcoHwUFNN%2BZpcr%2F%2FNa8o9ElfN8zOYhzzZeg0X586laFpeUViPi9rxAXgtn2bKwejvBBZO%2BZAFZhmhLDdV0WLeT%2FFKfQ0QL8LH02Dvlx%2F8PjYogEE5yzx6g6yOKyKeIDf7jO3GM45O1o1hmSkmz3HiZNSbS8gXb3CDW9nmlhkqLKa4lLkAkZpAG5JCAR4KEzOF9HzUvNfgOnqr5Ov2QSm2AvCfOdBe9Oy%2Fvnzag3zLIuKsio2qc%2FE%2BKC0I%2B4MpT6AtjonGvWhSFYeOjRTl6ytxGba%2F42pjcyyVc4KxuembJV6Yiv2h%2FCVOHi42A4Bx%2BAVZlB2OJQoCeizHaEIke4gLKBu993M9y78%2FmzREQ0KgV1vvYuRfaKd1eNmO0SRV1ogUSH81Kgs05B6IoMhVKT4w7TwrTxbp%2FQ2iMn1qdaM1viWqCGwU1siX1ZIegdsZIo1sjlWnbsTcjefS6Pj3RtIU6lROCEB6QAgiS1WJabPNVEO7waQAXksTDyQHUY2wqyAfRzb44KOjG0poBVHSJ1fq5iJGt%2Fs2ROyG2r1yuKaZ4GSAmh5BaCjz8%3D%22%7D&prevSearchId=1765686709859674781&loginPromo=1
1121,"Nhân viên vui vẻ, phục vụ tốt.",Arcadia Phu Quoc Resort,https://www.traveloka.com/en-vn/hotel/detail?spec=13-05-2023.14-05-2023.1.1.HOTEL.1000000425916.Arcadia%20Phu%20Quoc%20Resort.1&contexts=%7B%22inventoryRateKey%22%3A%22povEwB3ZzsU2C6pd%2B6MdUw6p4Oi4t9ianyz%2Fk%2Fcwm21M0tKsNUio4Rxug1zOzHJilcvZa8YdqqIySdppe7dolTIewZlxfjiOGz6oXLTucMvN0%2BgQ3yZPvZcoHwUFNN%2BZpcr%2F%2FNa8o9ElfN8zOYhzzZeg0X586laFpeUViPi9rxAXgtn2bKwejvBBZO%2BZAFZhmhLDdV0WLeT%2FFKfQ0QL8LH02Dvlx%2F8PjYogEE5yzx6g6yOKyKeIDf7jO3GM45O1o1hmSkmz3HiZNSbS8gXb3CDW9nmlhkqLKa4lLkAkZpAG5JCAR4KEzOF9HzUvNfgOnqr5Ov2QSm2AvCfOdBe9Oy%2Fvnzag3zLIuKsio2qc%2FE%2BKC0I%2B4MpT6AtjonGvWhSFYeOjRTl6ytxGba%2F42pjcyyVc4KxuembJV6Yiv2h%2FCVOHi42A4Bx%2BAVZlB2OJQoCeizHaEIke4gLKBu993M9y78%2FmzREQ0KgV1vvYuRfaKd1eNmO0SRV1ogUSH81Kgs05B6IoMhVKT4w7TwrTxbp%2FQ2iMn1qdaM1viWqCGwU1siX1ZIegdsZIo1sjlWnbsTcjefS6Pj3RtIU6lROCEB6QAgiS1WJabPNVEO7waQAXksTDyQHUY2wqyAfRzb44KOjG0poBVHSJ1fq5iJGt%2Fs2ROyG2r1yuKaZ4GSAmh5BaCjz8%3D%22%7D&prevSearchId=1765686709859674781&loginPromo=1
1122,"Resort đẹp, mức giá vừa phải Nhân viên phục vụ cũng tương đối ổn Đồ buffet ăn sáng còn chưa nhiều món Việc liên lạc trực tiếp với lễ tân đôi khi còn trục trặc, không liên hệ được,",Arcadia Phu Quoc Resort,https://www.traveloka.com/en-vn/hotel/detail?spec=13-05-2023.14-05-2023.1.1.HOTEL.1000000425916.Arcadia%20Phu%20Quoc%20Resort.1&contexts=%7B%22inventoryRateKey%22%3A%22povEwB3ZzsU2C6pd%2B6MdUw6p4Oi4t9ianyz%2Fk%2Fcwm21M0tKsNUio4Rxug1zOzHJilcvZa8YdqqIySdppe7dolTIewZlxfjiOGz6oXLTucMvN0%2BgQ3yZPvZcoHwUFNN%2BZpcr%2F%2FNa8o9ElfN8zOYhzzZeg0X586laFpeUViPi9rxAXgtn2bKwejvBBZO%2BZAFZhmhLDdV0WLeT%2FFKfQ0QL8LH02Dvlx%2F8PjYogEE5yzx6g6yOKyKeIDf7jO3GM45O1o1hmSkmz3HiZNSbS8gXb3CDW9nmlhkqLKa4lLkAkZpAG5JCAR4KEzOF9HzUvNfgOnqr5Ov2QSm2AvCfOdBe9Oy%2Fvnzag3zLIuKsio2qc%2FE%2BKC0I%2B4MpT6AtjonGvWhSFYeOjRTl6ytxGba%2F42pjcyyVc4KxuembJV6Yiv2h%2FCVOHi42A4Bx%2BAVZlB2OJQoCeizHaEIke4gLKBu993M9y78%2FmzREQ0KgV1vvYuRfaKd1eNmO0SRV1ogUSH81Kgs05B6IoMhVKT4w7TwrTxbp%2FQ2iMn1qdaM1viWqCGwU1siX1ZIegdsZIo1sjlWnbsTcjefS6Pj3RtIU6lROCEB6QAgiS1WJabPNVEO7waQAXksTDyQHUY2wqyAfRzb44KOjG0poBVHSJ1fq5iJGt%2Fs2ROyG2r1yuKaZ4GSAmh5BaCjz8%3D%22%7D&prevSearchId=1765686709859674781&loginPromo=1
1123,"View ổn, gần trung tâm. Nên cải thiện bữa sáng và làm bể bơi riêng cho người không thích tắm biển. Tóm lại ok",Arcadia Phu Quoc Resort,https://www.traveloka.com/en-vn/hotel/detail?spec=13-05-2023.14-05-2023.1.1.HOTEL.1000000425916.Arcadia%20Phu%20Quoc%20Resort.1&contexts=%7B%22inventoryRateKey%22%3A%22povEwB3ZzsU2C6pd%2B6MdUw6p4Oi4t9ianyz%2Fk%2Fcwm21M0tKsNUio4Rxug1zOzHJilcvZa8YdqqIySdppe7dolTIewZlxfjiOGz6oXLTucMvN0%2BgQ3yZPvZcoHwUFNN%2BZpcr%2F%2FNa8o9ElfN8zOYhzzZeg0X586laFpeUViPi9rxAXgtn2bKwejvBBZO%2BZAFZhmhLDdV0WLeT%2FFKfQ0QL8LH02Dvlx%2F8PjYogEE5yzx6g6yOKyKeIDf7jO3GM45O1o1hmSkmz3HiZNSbS8gXb3CDW9nmlhkqLKa4lLkAkZpAG5JCAR4KEzOF9HzUvNfgOnqr5Ov2QSm2AvCfOdBe9Oy%2Fvnzag3zLIuKsio2qc%2FE%2BKC0I%2B4MpT6AtjonGvWhSFYeOjRTl6ytxGba%2F42pjcyyVc4KxuembJV6Yiv2h%2FCVOHi42A4Bx%2BAVZlB2OJQoCeizHaEIke4gLKBu993M9y78%2FmzREQ0KgV1vvYuRfaKd1eNmO0SRV1ogUSH81Kgs05B6IoMhVKT4w7TwrTxbp%2FQ2iMn1qdaM1viWqCGwU1siX1ZIegdsZIo1sjlWnbsTcjefS6Pj3RtIU6lROCEB6QAgiS1WJabPNVEO7waQAXksTDyQHUY2wqyAfRzb44KOjG0poBVHSJ1fq5iJGt%2Fs2ROyG2r1yuKaZ4GSAmh5BaCjz8%3D%22%7D&prevSearchId=1765686709859674781&loginPromo=1
1124,"Resort cảnh quan đẹp, gần biển. Điểm trừ về biển chỉ dẫn kém nên đi ra, vào bất tiện cho khách du lịch, món ăn sáng đơn điệu.",Arcadia Phu Quoc Resort,https://www.traveloka.com/en-vn/hotel/detail?spec=13-05-2023.14-05-2023.1.1.HOTEL.1000000425916.Arcadia%20Phu%20Quoc%20Resort.1&contexts=%7B%22inventoryRateKey%22%3A%22povEwB3ZzsU2C6pd%2B6MdUw6p4Oi4t9ianyz%2Fk%2Fcwm21M0tKsNUio4Rxug1zOzHJilcvZa8YdqqIySdppe7dolTIewZlxfjiOGz6oXLTucMvN0%2BgQ3yZPvZcoHwUFNN%2BZpcr%2F%2FNa8o9ElfN8zOYhzzZeg0X586laFpeUViPi9rxAXgtn2bKwejvBBZO%2BZAFZhmhLDdV0WLeT%2FFKfQ0QL8LH02Dvlx%2F8PjYogEE5yzx6g6yOKyKeIDf7jO3GM45O1o1hmSkmz3HiZNSbS8gXb3CDW9nmlhkqLKa4lLkAkZpAG5JCAR4KEzOF9HzUvNfgOnqr5Ov2QSm2AvCfOdBe9Oy%2Fvnzag3zLIuKsio2qc%2FE%2BKC0I%2B4MpT6AtjonGvWhSFYeOjRTl6ytxGba%2F42pjcyyVc4KxuembJV6Yiv2h%2FCVOHi42A4Bx%2BAVZlB2OJQoCeizHaEIke4gLKBu993M9y78%2FmzREQ0KgV1vvYuRfaKd1eNmO0SRV1ogUSH81Kgs05B6IoMhVKT4w7TwrTxbp%2FQ2iMn1qdaM1viWqCGwU1siX1ZIegdsZIo1sjlWnbsTcjefS6Pj3RtIU6lROCEB6QAgiS1WJabPNVEO7waQAXksTDyQHUY2wqyAfRzb44KOjG0poBVHSJ1fq5iJGt%2Fs2ROyG2r1yuKaZ4GSAmh5BaCjz8%3D%22%7D&prevSearchId=1765686709859674781&loginPromo=1
1125,Tôi đã ở 4 đêm ở resort tôi thấy rất tuyệt vời,Arcadia Phu Quoc Resort,https://www.traveloka.com/en-vn/hotel/detail?spec=13-05-2023.14-05-2023.1.1.HOTEL.1000000425916.Arcadia%20Phu%20Quoc%20Resort.1&contexts=%7B%22inventoryRateKey%22%3A%22povEwB3ZzsU2C6pd%2B6MdUw6p4Oi4t9ianyz%2Fk%2Fcwm21M0tKsNUio4Rxug1zOzHJilcvZa8YdqqIySdppe7dolTIewZlxfjiOGz6oXLTucMvN0%2BgQ3yZPvZcoHwUFNN%2BZpcr%2F%2FNa8o9ElfN8zOYhzzZeg0X586laFpeUViPi9rxAXgtn2bKwejvBBZO%2BZAFZhmhLDdV0WLeT%2FFKfQ0QL8LH02Dvlx%2F8PjYogEE5yzx6g6yOKyKeIDf7jO3GM45O1o1hmSkmz3HiZNSbS8gXb3CDW9nmlhkqLKa4lLkAkZpAG5JCAR4KEzOF9HzUvNfgOnqr5Ov2QSm2AvCfOdBe9Oy%2Fvnzag3zLIuKsio2qc%2FE%2BKC0I%2B4MpT6AtjonGvWhSFYeOjRTl6ytxGba%2F42pjcyyVc4KxuembJV6Yiv2h%2FCVOHi42A4Bx%2BAVZlB2OJQoCeizHaEIke4gLKBu993M9y78%2FmzREQ0KgV1vvYuRfaKd1eNmO0SRV1ogUSH81Kgs05B6IoMhVKT4w7TwrTxbp%2FQ2iMn1qdaM1viWqCGwU1siX1ZIegdsZIo1sjlWnbsTcjefS6Pj3RtIU6lROCEB6QAgiS1WJabPNVEO7waQAXksTDyQHUY2wqyAfRzb44KOjG0poBVHSJ1fq5iJGt%2Fs2ROyG2r1yuKaZ4GSAmh5BaCjz8%3D%22%7D&prevSearchId=1765686709859674781&loginPromo=1
1126,Cần đầu tư nầng cấp khuôn viên và xay dựng bể bơi,Arcadia Phu Quoc Resort,https://www.traveloka.com/en-vn/hotel/detail?spec=13-05-2023.14-05-2023.1.1.HOTEL.1000000425916.Arcadia%20Phu%20Quoc%20Resort.1&contexts=%7B%22inventoryRateKey%22%3A%22povEwB3ZzsU2C6pd%2B6MdUw6p4Oi4t9ianyz%2Fk%2Fcwm21M0tKsNUio4Rxug1zOzHJilcvZa8YdqqIySdppe7dolTIewZlxfjiOGz6oXLTucMvN0%2BgQ3yZPvZcoHwUFNN%2BZpcr%2F%2FNa8o9ElfN8zOYhzzZeg0X586laFpeUViPi9rxAXgtn2bKwejvBBZO%2BZAFZhmhLDdV0WLeT%2FFKfQ0QL8LH02Dvlx%2F8PjYogEE5yzx6g6yOKyKeIDf7jO3GM45O1o1hmSkmz3HiZNSbS8gXb3CDW9nmlhkqLKa4lLkAkZpAG5JCAR4KEzOF9HzUvNfgOnqr5Ov2QSm2AvCfOdBe9Oy%2Fvnzag3zLIuKsio2qc%2FE%2BKC0I%2B4MpT6AtjonGvWhSFYeOjRTl6ytxGba%2F42pjcyyVc4KxuembJV6Yiv2h%2FCVOHi42A4Bx%2BAVZlB2OJQoCeizHaEIke4gLKBu993M9y78%2FmzREQ0KgV1vvYuRfaKd1eNmO0SRV1ogUSH81Kgs05B6IoMhVKT4w7TwrTxbp%2FQ2iMn1qdaM1viWqCGwU1siX1ZIegdsZIo1sjlWnbsTcjefS6Pj3RtIU6lROCEB6QAgiS1WJabPNVEO7waQAXksTDyQHUY2wqyAfRzb44KOjG0poBVHSJ1fq5iJGt%2Fs2ROyG2r1yuKaZ4GSAmh5BaCjz8%3D%22%7D&prevSearchId=1765686709859674781&loginPromo=1
1127,Mọi thứ đều ok trừ nhiều muỗi.,Arcadia Phu Quoc Resort,https://www.traveloka.com/en-vn/hotel/detail?spec=13-05-2023.14-05-2023.1.1.HOTEL.1000000425916.Arcadia%20Phu%20Quoc%20Resort.1&contexts=%7B%22inventoryRateKey%22%3A%22povEwB3ZzsU2C6pd%2B6MdUw6p4Oi4t9ianyz%2Fk%2Fcwm21M0tKsNUio4Rxug1zOzHJilcvZa8YdqqIySdppe7dolTIewZlxfjiOGz6oXLTucMvN0%2BgQ3yZPvZcoHwUFNN%2BZpcr%2F%2FNa8o9ElfN8zOYhzzZeg0X586laFpeUViPi9rxAXgtn2bKwejvBBZO%2BZAFZhmhLDdV0WLeT%2FFKfQ0QL8LH02Dvlx%2F8PjYogEE5yzx6g6yOKyKeIDf7jO3GM45O1o1hmSkmz3HiZNSbS8gXb3CDW9nmlhkqLKa4lLkAkZpAG5JCAR4KEzOF9HzUvNfgOnqr5Ov2QSm2AvCfOdBe9Oy%2Fvnzag3zLIuKsio2qc%2FE%2BKC0I%2B4MpT6AtjonGvWhSFYeOjRTl6ytxGba%2F42pjcyyVc4KxuembJV6Yiv2h%2FCVOHi42A4Bx%2BAVZlB2OJQoCeizHaEIke4gLKBu993M9y78%2FmzREQ0KgV1vvYuRfaKd1eNmO0SRV1ogUSH81Kgs05B6IoMhVKT4w7TwrTxbp%2FQ2iMn1qdaM1viWqCGwU1siX1ZIegdsZIo1sjlWnbsTcjefS6Pj3RtIU6lROCEB6QAgiS1WJabPNVEO7waQAXksTDyQHUY2wqyAfRzb44KOjG0poBVHSJ1fq5iJGt%2Fs2ROyG2r1yuKaZ4GSAmh5BaCjz8%3D%22%7D&prevSearchId=1765686709859674781&loginPromo=1
1128,Tôi cảm thấy hài lòng. Nếu đến Phú Quốc tôi sẽ quay lại.,Arcadia Phu Quoc Resort,https://www.traveloka.com/en-vn/hotel/detail?spec=13-05-2023.14-05-2023.1.1.HOTEL.1000000425916.Arcadia%20Phu%20Quoc%20Resort.1&contexts=%7B%22inventoryRateKey%22%3A%22povEwB3ZzsU2C6pd%2B6MdUw6p4Oi4t9ianyz%2Fk%2Fcwm21M0tKsNUio4Rxug1zOzHJilcvZa8YdqqIySdppe7dolTIewZlxfjiOGz6oXLTucMvN0%2BgQ3yZPvZcoHwUFNN%2BZpcr%2F%2FNa8o9ElfN8zOYhzzZeg0X586laFpeUViPi9rxAXgtn2bKwejvBBZO%2BZAFZhmhLDdV0WLeT%2FFKfQ0QL8LH02Dvlx%2F8PjYogEE5yzx6g6yOKyKeIDf7jO3GM45O1o1hmSkmz3HiZNSbS8gXb3CDW9nmlhkqLKa4lLkAkZpAG5JCAR4KEzOF9HzUvNfgOnqr5Ov2QSm2AvCfOdBe9Oy%2Fvnzag3zLIuKsio2qc%2FE%2BKC0I%2B4MpT6AtjonGvWhSFYeOjRTl6ytxGba%2F42pjcyyVc4KxuembJV6Yiv2h%2FCVOHi42A4Bx%2BAVZlB2OJQoCeizHaEIke4gLKBu993M9y78%2FmzREQ0KgV1vvYuRfaKd1eNmO0SRV1ogUSH81Kgs05B6IoMhVKT4w7TwrTxbp%2FQ2iMn1qdaM1viWqCGwU1siX1ZIegdsZIo1sjlWnbsTcjefS6Pj3RtIU6lROCEB6QAgiS1WJabPNVEO7waQAXksTDyQHUY2wqyAfRzb44KOjG0poBVHSJ1fq5iJGt%2Fs2ROyG2r1yuKaZ4GSAmh5BaCjz8%3D%22%7D&prevSearchId=1765686709859674781&loginPromo=1
1129,Khách sạn vệ sinh chưa tốt. Nhân viên không chủ động trong giải quyết vấn đề.,Arcadia Phu Quoc Resort,https://www.traveloka.com/en-vn/hotel/detail?spec=13-05-2023.14-05-2023.1.1.HOTEL.1000000425916.Arcadia%20Phu%20Quoc%20Resort.1&contexts=%7B%22inventoryRateKey%22%3A%22povEwB3ZzsU2C6pd%2B6MdUw6p4Oi4t9ianyz%2Fk%2Fcwm21M0tKsNUio4Rxug1zOzHJilcvZa8YdqqIySdppe7dolTIewZlxfjiOGz6oXLTucMvN0%2BgQ3yZPvZcoHwUFNN%2BZpcr%2F%2FNa8o9ElfN8zOYhzzZeg0X586laFpeUViPi9rxAXgtn2bKwejvBBZO%2BZAFZhmhLDdV0WLeT%2FFKfQ0QL8LH02Dvlx%2F8PjYogEE5yzx6g6yOKyKeIDf7jO3GM45O1o1hmSkmz3HiZNSbS8gXb3CDW9nmlhkqLKa4lLkAkZpAG5JCAR4KEzOF9HzUvNfgOnqr5Ov2QSm2AvCfOdBe9Oy%2Fvnzag3zLIuKsio2qc%2FE%2BKC0I%2B4MpT6AtjonGvWhSFYeOjRTl6ytxGba%2F42pjcyyVc4KxuembJV6Yiv2h%2FCVOHi42A4Bx%2BAVZlB2OJQoCeizHaEIke4gLKBu993M9y78%2FmzREQ0KgV1vvYuRfaKd1eNmO0SRV1ogUSH81Kgs05B6IoMhVKT4w7TwrTxbp%2FQ2iMn1qdaM1viWqCGwU1siX1ZIegdsZIo1sjlWnbsTcjefS6Pj3RtIU6lROCEB6QAgiS1WJabPNVEO7waQAXksTDyQHUY2wqyAfRzb44KOjG0poBVHSJ1fq5iJGt%2Fs2ROyG2r1yuKaZ4GSAmh5BaCjz8%3D%22%7D&prevSearchId=1765686709859674781&loginPromo=1
1130,"Dịch vụ tốt, thoải mái, tuy nhiên bữa sáng còn sơ sài.",Arcadia Phu Quoc Resort,https://www.traveloka.com/en-vn/hotel/detail?spec=13-05-2023.14-05-2023.1.1.HOTEL.1000000425916.Arcadia%20Phu%20Quoc%20Resort.1&contexts=%7B%22inventoryRateKey%22%3A%22povEwB3ZzsU2C6pd%2B6MdUw6p4Oi4t9ianyz%2Fk%2Fcwm21M0tKsNUio4Rxug1zOzHJilcvZa8YdqqIySdppe7dolTIewZlxfjiOGz6oXLTucMvN0%2BgQ3yZPvZcoHwUFNN%2BZpcr%2F%2FNa8o9ElfN8zOYhzzZeg0X586laFpeUViPi9rxAXgtn2bKwejvBBZO%2BZAFZhmhLDdV0WLeT%2FFKfQ0QL8LH02Dvlx%2F8PjYogEE5yzx6g6yOKyKeIDf7jO3GM45O1o1hmSkmz3HiZNSbS8gXb3CDW9nmlhkqLKa4lLkAkZpAG5JCAR4KEzOF9HzUvNfgOnqr5Ov2QSm2AvCfOdBe9Oy%2Fvnzag3zLIuKsio2qc%2FE%2BKC0I%2B4MpT6AtjonGvWhSFYeOjRTl6ytxGba%2F42pjcyyVc4KxuembJV6Yiv2h%2FCVOHi42A4Bx%2BAVZlB2OJQoCeizHaEIke4gLKBu993M9y78%2FmzREQ0KgV1vvYuRfaKd1eNmO0SRV1ogUSH81Kgs05B6IoMhVKT4w7TwrTxbp%2FQ2iMn1qdaM1viWqCGwU1siX1ZIegdsZIo1sjlWnbsTcjefS6Pj3RtIU6lROCEB6QAgiS1WJabPNVEO7waQAXksTDyQHUY2wqyAfRzb44KOjG0poBVHSJ1fq5iJGt%2Fs2ROyG2r1yuKaZ4GSAmh5BaCjz8%3D%22%7D&prevSearchId=1765686709859674781&loginPromo=1
1131,"Phòng sạch sẽ, quag cảnh biển đẹp. Tuy nhiên biển hơi nhiều rác, mặc dù sáng có người thu gom.",Arcadia Phu Quoc Resort,https://www.traveloka.com/en-vn/hotel/detail?spec=13-05-2023.14-05-2023.1.1.HOTEL.1000000425916.Arcadia%20Phu%20Quoc%20Resort.1&contexts=%7B%22inventoryRateKey%22%3A%22povEwB3ZzsU2C6pd%2B6MdUw6p4Oi4t9ianyz%2Fk%2Fcwm21M0tKsNUio4Rxug1zOzHJilcvZa8YdqqIySdppe7dolTIewZlxfjiOGz6oXLTucMvN0%2BgQ3yZPvZcoHwUFNN%2BZpcr%2F%2FNa8o9ElfN8zOYhzzZeg0X586laFpeUViPi9rxAXgtn2bKwejvBBZO%2BZAFZhmhLDdV0WLeT%2FFKfQ0QL8LH02Dvlx%2F8PjYogEE5yzx6g6yOKyKeIDf7jO3GM45O1o1hmSkmz3HiZNSbS8gXb3CDW9nmlhkqLKa4lLkAkZpAG5JCAR4KEzOF9HzUvNfgOnqr5Ov2QSm2AvCfOdBe9Oy%2Fvnzag3zLIuKsio2qc%2FE%2BKC0I%2B4MpT6AtjonGvWhSFYeOjRTl6ytxGba%2F42pjcyyVc4KxuembJV6Yiv2h%2FCVOHi42A4Bx%2BAVZlB2OJQoCeizHaEIke4gLKBu993M9y78%2FmzREQ0KgV1vvYuRfaKd1eNmO0SRV1ogUSH81Kgs05B6IoMhVKT4w7TwrTxbp%2FQ2iMn1qdaM1viWqCGwU1siX1ZIegdsZIo1sjlWnbsTcjefS6Pj3RtIU6lROCEB6QAgiS1WJabPNVEO7waQAXksTDyQHUY2wqyAfRzb44KOjG0poBVHSJ1fq5iJGt%2Fs2ROyG2r1yuKaZ4GSAmh5BaCjz8%3D%22%7D&prevSearchId=1765686709859674781&loginPromo=1
1132,"Vị trí đẹp, Resort sạch sẽ, bãi tắm riêng sạch. Hơi buồn nếu đi nghỉ dưỡng thì ok. Bữa sáng không ngon",Arcadia Phu Quoc Resort,https://www.traveloka.com/en-vn/hotel/detail?spec=13-05-2023.14-05-2023.1.1.HOTEL.1000000425916.Arcadia%20Phu%20Quoc%20Resort.1&contexts=%7B%22inventoryRateKey%22%3A%22povEwB3ZzsU2C6pd%2B6MdUw6p4Oi4t9ianyz%2Fk%2Fcwm21M0tKsNUio4Rxug1zOzHJilcvZa8YdqqIySdppe7dolTIewZlxfjiOGz6oXLTucMvN0%2BgQ3yZPvZcoHwUFNN%2BZpcr%2F%2FNa8o9ElfN8zOYhzzZeg0X586laFpeUViPi9rxAXgtn2bKwejvBBZO%2BZAFZhmhLDdV0WLeT%2FFKfQ0QL8LH02Dvlx%2F8PjYogEE5yzx6g6yOKyKeIDf7jO3GM45O1o1hmSkmz3HiZNSbS8gXb3CDW9nmlhkqLKa4lLkAkZpAG5JCAR4KEzOF9HzUvNfgOnqr5Ov2QSm2AvCfOdBe9Oy%2Fvnzag3zLIuKsio2qc%2FE%2BKC0I%2B4MpT6AtjonGvWhSFYeOjRTl6ytxGba%2F42pjcyyVc4KxuembJV6Yiv2h%2FCVOHi42A4Bx%2BAVZlB2OJQoCeizHaEIke4gLKBu993M9y78%2FmzREQ0KgV1vvYuRfaKd1eNmO0SRV1ogUSH81Kgs05B6IoMhVKT4w7TwrTxbp%2FQ2iMn1qdaM1viWqCGwU1siX1ZIegdsZIo1sjlWnbsTcjefS6Pj3RtIU6lROCEB6QAgiS1WJabPNVEO7waQAXksTDyQHUY2wqyAfRzb44KOjG0poBVHSJ1fq5iJGt%2Fs2ROyG2r1yuKaZ4GSAmh5BaCjz8%3D%22%7D&prevSearchId=1765686709859674781&loginPromo=1
1133,"Khuôn viên đẹp, sát biển nên thuận tiện và thoải mái. Bữa sáng ok, nhân viên thân thiện. Cảnh đẹp, vừa ăn sáng vừa ngắm biển rất đẹp.",Arcadia Phu Quoc Resort,https://www.traveloka.com/en-vn/hotel/detail?spec=13-05-2023.14-05-2023.1.1.HOTEL.1000000425916.Arcadia%20Phu%20Quoc%20Resort.1&contexts=%7B%22inventoryRateKey%22%3A%22povEwB3ZzsU2C6pd%2B6MdUw6p4Oi4t9ianyz%2Fk%2Fcwm21M0tKsNUio4Rxug1zOzHJilcvZa8YdqqIySdppe7dolTIewZlxfjiOGz6oXLTucMvN0%2BgQ3yZPvZcoHwUFNN%2BZpcr%2F%2FNa8o9ElfN8zOYhzzZeg0X586laFpeUViPi9rxAXgtn2bKwejvBBZO%2BZAFZhmhLDdV0WLeT%2FFKfQ0QL8LH02Dvlx%2F8PjYogEE5yzx6g6yOKyKeIDf7jO3GM45O1o1hmSkmz3HiZNSbS8gXb3CDW9nmlhkqLKa4lLkAkZpAG5JCAR4KEzOF9HzUvNfgOnqr5Ov2QSm2AvCfOdBe9Oy%2Fvnzag3zLIuKsio2qc%2FE%2BKC0I%2B4MpT6AtjonGvWhSFYeOjRTl6ytxGba%2F42pjcyyVc4KxuembJV6Yiv2h%2FCVOHi42A4Bx%2BAVZlB2OJQoCeizHaEIke4gLKBu993M9y78%2FmzREQ0KgV1vvYuRfaKd1eNmO0SRV1ogUSH81Kgs05B6IoMhVKT4w7TwrTxbp%2FQ2iMn1qdaM1viWqCGwU1siX1ZIegdsZIo1sjlWnbsTcjefS6Pj3RtIU6lROCEB6QAgiS1WJabPNVEO7waQAXksTDyQHUY2wqyAfRzb44KOjG0poBVHSJ1fq5iJGt%2Fs2ROyG2r1yuKaZ4GSAmh5BaCjz8%3D%22%7D&prevSearchId=1765686709859674781&loginPromo=1
1134,"Mọi thứ đều rất tốt: phòng ốc, vị trí, dịch vụ... rất ok. Có thêm hồ bơi nữa thì tuyệt.",Arcadia Phu Quoc Resort,https://www.traveloka.com/en-vn/hotel/detail?spec=13-05-2023.14-05-2023.1.1.HOTEL.1000000425916.Arcadia%20Phu%20Quoc%20Resort.1&contexts=%7B%22inventoryRateKey%22%3A%22povEwB3ZzsU2C6pd%2B6MdUw6p4Oi4t9ianyz%2Fk%2Fcwm21M0tKsNUio4Rxug1zOzHJilcvZa8YdqqIySdppe7dolTIewZlxfjiOGz6oXLTucMvN0%2BgQ3yZPvZcoHwUFNN%2BZpcr%2F%2FNa8o9ElfN8zOYhzzZeg0X586laFpeUViPi9rxAXgtn2bKwejvBBZO%2BZAFZhmhLDdV0WLeT%2FFKfQ0QL8LH02Dvlx%2F8PjYogEE5yzx6g6yOKyKeIDf7jO3GM45O1o1hmSkmz3HiZNSbS8gXb3CDW9nmlhkqLKa4lLkAkZpAG5JCAR4KEzOF9HzUvNfgOnqr5Ov2QSm2AvCfOdBe9Oy%2Fvnzag3zLIuKsio2qc%2FE%2BKC0I%2B4MpT6AtjonGvWhSFYeOjRTl6ytxGba%2F42pjcyyVc4KxuembJV6Yiv2h%2FCVOHi42A4Bx%2BAVZlB2OJQoCeizHaEIke4gLKBu993M9y78%2FmzREQ0KgV1vvYuRfaKd1eNmO0SRV1ogUSH81Kgs05B6IoMhVKT4w7TwrTxbp%2FQ2iMn1qdaM1viWqCGwU1siX1ZIegdsZIo1sjlWnbsTcjefS6Pj3RtIU6lROCEB6QAgiS1WJabPNVEO7waQAXksTDyQHUY2wqyAfRzb44KOjG0poBVHSJ1fq5iJGt%2Fs2ROyG2r1yuKaZ4GSAmh5BaCjz8%3D%22%7D&prevSearchId=1765686709859674781&loginPromo=1
1135,Chỉ được mỗi địa điểm trung tâm thôi chứ mọi điểm khác đều tồi.,Arcadia Phu Quoc Resort,https://www.traveloka.com/en-vn/hotel/detail?spec=13-05-2023.14-05-2023.1.1.HOTEL.1000000425916.Arcadia%20Phu%20Quoc%20Resort.1&contexts=%7B%22inventoryRateKey%22%3A%22povEwB3ZzsU2C6pd%2B6MdUw6p4Oi4t9ianyz%2Fk%2Fcwm21M0tKsNUio4Rxug1zOzHJilcvZa8YdqqIySdppe7dolTIewZlxfjiOGz6oXLTucMvN0%2BgQ3yZPvZcoHwUFNN%2BZpcr%2F%2FNa8o9ElfN8zOYhzzZeg0X586laFpeUViPi9rxAXgtn2bKwejvBBZO%2BZAFZhmhLDdV0WLeT%2FFKfQ0QL8LH02Dvlx%2F8PjYogEE5yzx6g6yOKyKeIDf7jO3GM45O1o1hmSkmz3HiZNSbS8gXb3CDW9nmlhkqLKa4lLkAkZpAG5JCAR4KEzOF9HzUvNfgOnqr5Ov2QSm2AvCfOdBe9Oy%2Fvnzag3zLIuKsio2qc%2FE%2BKC0I%2B4MpT6AtjonGvWhSFYeOjRTl6ytxGba%2F42pjcyyVc4KxuembJV6Yiv2h%2FCVOHi42A4Bx%2BAVZlB2OJQoCeizHaEIke4gLKBu993M9y78%2FmzREQ0KgV1vvYuRfaKd1eNmO0SRV1ogUSH81Kgs05B6IoMhVKT4w7TwrTxbp%2FQ2iMn1qdaM1viWqCGwU1siX1ZIegdsZIo1sjlWnbsTcjefS6Pj3RtIU6lROCEB6QAgiS1WJabPNVEO7waQAXksTDyQHUY2wqyAfRzb44KOjG0poBVHSJ1fq5iJGt%2Fs2ROyG2r1yuKaZ4GSAmh5BaCjz8%3D%22%7D&prevSearchId=1765686709859674781&loginPromo=1
1136,"Mọi thứ đều tốt, nhân viên thân thiện, bãi biển sạch, yên tĩnh. Chỉ có điều có muỗi nếu không xịt thuốc. Phòng ven biển nên ẩm cao sẽ làm cho các phòng ẩm mốc. Nếu trở lại tôi vẫn sẽ ưu tiên chọn.",Arcadia Phu Quoc Resort,https://www.traveloka.com/en-vn/hotel/detail?spec=13-05-2023.14-05-2023.1.1.HOTEL.1000000425916.Arcadia%20Phu%20Quoc%20Resort.1&contexts=%7B%22inventoryRateKey%22%3A%22povEwB3ZzsU2C6pd%2B6MdUw6p4Oi4t9ianyz%2Fk%2Fcwm21M0tKsNUio4Rxug1zOzHJilcvZa8YdqqIySdppe7dolTIewZlxfjiOGz6oXLTucMvN0%2BgQ3yZPvZcoHwUFNN%2BZpcr%2F%2FNa8o9ElfN8zOYhzzZeg0X586laFpeUViPi9rxAXgtn2bKwejvBBZO%2BZAFZhmhLDdV0WLeT%2FFKfQ0QL8LH02Dvlx%2F8PjYogEE5yzx6g6yOKyKeIDf7jO3GM45O1o1hmSkmz3HiZNSbS8gXb3CDW9nmlhkqLKa4lLkAkZpAG5JCAR4KEzOF9HzUvNfgOnqr5Ov2QSm2AvCfOdBe9Oy%2Fvnzag3zLIuKsio2qc%2FE%2BKC0I%2B4MpT6AtjonGvWhSFYeOjRTl6ytxGba%2F42pjcyyVc4KxuembJV6Yiv2h%2FCVOHi42A4Bx%2BAVZlB2OJQoCeizHaEIke4gLKBu993M9y78%2FmzREQ0KgV1vvYuRfaKd1eNmO0SRV1ogUSH81Kgs05B6IoMhVKT4w7TwrTxbp%2FQ2iMn1qdaM1viWqCGwU1siX1ZIegdsZIo1sjlWnbsTcjefS6Pj3RtIU6lROCEB6QAgiS1WJabPNVEO7waQAXksTDyQHUY2wqyAfRzb44KOjG0poBVHSJ1fq5iJGt%2Fs2ROyG2r1yuKaZ4GSAmh5BaCjz8%3D%22%7D&prevSearchId=1765686709859674781&loginPromo=1
1137,"Tốt, ổn, vị trí đẹp.",Arcadia Phu Quoc Resort,https://www.traveloka.com/en-vn/hotel/detail?spec=13-05-2023.14-05-2023.1.1.HOTEL.1000000425916.Arcadia%20Phu%20Quoc%20Resort.1&contexts=%7B%22inventoryRateKey%22%3A%22povEwB3ZzsU2C6pd%2B6MdUw6p4Oi4t9ianyz%2Fk%2Fcwm21M0tKsNUio4Rxug1zOzHJilcvZa8YdqqIySdppe7dolTIewZlxfjiOGz6oXLTucMvN0%2BgQ3yZPvZcoHwUFNN%2BZpcr%2F%2FNa8o9ElfN8zOYhzzZeg0X586laFpeUViPi9rxAXgtn2bKwejvBBZO%2BZAFZhmhLDdV0WLeT%2FFKfQ0QL8LH02Dvlx%2F8PjYogEE5yzx6g6yOKyKeIDf7jO3GM45O1o1hmSkmz3HiZNSbS8gXb3CDW9nmlhkqLKa4lLkAkZpAG5JCAR4KEzOF9HzUvNfgOnqr5Ov2QSm2AvCfOdBe9Oy%2Fvnzag3zLIuKsio2qc%2FE%2BKC0I%2B4MpT6AtjonGvWhSFYeOjRTl6ytxGba%2F42pjcyyVc4KxuembJV6Yiv2h%2FCVOHi42A4Bx%2BAVZlB2OJQoCeizHaEIke4gLKBu993M9y78%2FmzREQ0KgV1vvYuRfaKd1eNmO0SRV1ogUSH81Kgs05B6IoMhVKT4w7TwrTxbp%2FQ2iMn1qdaM1viWqCGwU1siX1ZIegdsZIo1sjlWnbsTcjefS6Pj3RtIU6lROCEB6QAgiS1WJabPNVEO7waQAXksTDyQHUY2wqyAfRzb44KOjG0poBVHSJ1fq5iJGt%2Fs2ROyG2r1yuKaZ4GSAmh5BaCjz8%3D%22%7D&prevSearchId=1765686709859674781&loginPromo=1
1138,"View đẹp, bữa sáng không phong phú. ",Arcadia Phu Quoc Resort,https://www.traveloka.com/en-vn/hotel/detail?spec=13-05-2023.14-05-2023.1.1.HOTEL.1000000425916.Arcadia%20Phu%20Quoc%20Resort.1&contexts=%7B%22inventoryRateKey%22%3A%22povEwB3ZzsU2C6pd%2B6MdUw6p4Oi4t9ianyz%2Fk%2Fcwm21M0tKsNUio4Rxug1zOzHJilcvZa8YdqqIySdppe7dolTIewZlxfjiOGz6oXLTucMvN0%2BgQ3yZPvZcoHwUFNN%2BZpcr%2F%2FNa8o9ElfN8zOYhzzZeg0X586laFpeUViPi9rxAXgtn2bKwejvBBZO%2BZAFZhmhLDdV0WLeT%2FFKfQ0QL8LH02Dvlx%2F8PjYogEE5yzx6g6yOKyKeIDf7jO3GM45O1o1hmSkmz3HiZNSbS8gXb3CDW9nmlhkqLKa4lLkAkZpAG5JCAR4KEzOF9HzUvNfgOnqr5Ov2QSm2AvCfOdBe9Oy%2Fvnzag3zLIuKsio2qc%2FE%2BKC0I%2B4MpT6AtjonGvWhSFYeOjRTl6ytxGba%2F42pjcyyVc4KxuembJV6Yiv2h%2FCVOHi42A4Bx%2BAVZlB2OJQoCeizHaEIke4gLKBu993M9y78%2FmzREQ0KgV1vvYuRfaKd1eNmO0SRV1ogUSH81Kgs05B6IoMhVKT4w7TwrTxbp%2FQ2iMn1qdaM1viWqCGwU1siX1ZIegdsZIo1sjlWnbsTcjefS6Pj3RtIU6lROCEB6QAgiS1WJabPNVEO7waQAXksTDyQHUY2wqyAfRzb44KOjG0poBVHSJ1fq5iJGt%2Fs2ROyG2r1yuKaZ4GSAmh5BaCjz8%3D%22%7D&prevSearchId=1765686709859674781&loginPromo=1
1139,"chúng tôi có kỳ nghỉ tuyệt vời, chỉ có điều nhân viên ở đây không mấy thân thiện, không vui vẻ, nhiệt tình, điểm này đại diện cho cả ngành du lịch khách sạn tư nhân nhỏ lẻ của Phú QUốc, cách họ làm dịch vụ không giống như HCM. Lời Khuyên nếu ở Arcadia: nếu có điều kiện, nên ở Bungalow sẽ tốt hơn, phòng deluxe - phòng vệ sinh chật và sàn nhà cảm giác cũ kỹ không sạch sẽ (trong khi Bungalow là sàn gỗ). Do mình ở 2 đêm và 2 loại phòng nên mới biết 2 loại này",Arcadia Phu Quoc Resort,https://www.traveloka.com/en-vn/hotel/detail?spec=13-05-2023.14-05-2023.1.1.HOTEL.1000000425916.Arcadia%20Phu%20Quoc%20Resort.1&contexts=%7B%22inventoryRateKey%22%3A%22povEwB3ZzsU2C6pd%2B6MdUw6p4Oi4t9ianyz%2Fk%2Fcwm21M0tKsNUio4Rxug1zOzHJilcvZa8YdqqIySdppe7dolTIewZlxfjiOGz6oXLTucMvN0%2BgQ3yZPvZcoHwUFNN%2BZpcr%2F%2FNa8o9ElfN8zOYhzzZeg0X586laFpeUViPi9rxAXgtn2bKwejvBBZO%2BZAFZhmhLDdV0WLeT%2FFKfQ0QL8LH02Dvlx%2F8PjYogEE5yzx6g6yOKyKeIDf7jO3GM45O1o1hmSkmz3HiZNSbS8gXb3CDW9nmlhkqLKa4lLkAkZpAG5JCAR4KEzOF9HzUvNfgOnqr5Ov2QSm2AvCfOdBe9Oy%2Fvnzag3zLIuKsio2qc%2FE%2BKC0I%2B4MpT6AtjonGvWhSFYeOjRTl6ytxGba%2F42pjcyyVc4KxuembJV6Yiv2h%2FCVOHi42A4Bx%2BAVZlB2OJQoCeizHaEIke4gLKBu993M9y78%2FmzREQ0KgV1vvYuRfaKd1eNmO0SRV1ogUSH81Kgs05B6IoMhVKT4w7TwrTxbp%2FQ2iMn1qdaM1viWqCGwU1siX1ZIegdsZIo1sjlWnbsTcjefS6Pj3RtIU6lROCEB6QAgiS1WJabPNVEO7waQAXksTDyQHUY2wqyAfRzb44KOjG0poBVHSJ1fq5iJGt%2Fs2ROyG2r1yuKaZ4GSAmh5BaCjz8%3D%22%7D&prevSearchId=1765686709859674781&loginPromo=1
1140,Lối vào hơi sâu so với mặt đường. Phòng nhiều muỗi. Bữa ăn sáng binh thường.,Arcadia Phu Quoc Resort,https://www.traveloka.com/en-vn/hotel/detail?spec=13-05-2023.14-05-2023.1.1.HOTEL.1000000425916.Arcadia%20Phu%20Quoc%20Resort.1&contexts=%7B%22inventoryRateKey%22%3A%22povEwB3ZzsU2C6pd%2B6MdUw6p4Oi4t9ianyz%2Fk%2Fcwm21M0tKsNUio4Rxug1zOzHJilcvZa8YdqqIySdppe7dolTIewZlxfjiOGz6oXLTucMvN0%2BgQ3yZPvZcoHwUFNN%2BZpcr%2F%2FNa8o9ElfN8zOYhzzZeg0X586laFpeUViPi9rxAXgtn2bKwejvBBZO%2BZAFZhmhLDdV0WLeT%2FFKfQ0QL8LH02Dvlx%2F8PjYogEE5yzx6g6yOKyKeIDf7jO3GM45O1o1hmSkmz3HiZNSbS8gXb3CDW9nmlhkqLKa4lLkAkZpAG5JCAR4KEzOF9HzUvNfgOnqr5Ov2QSm2AvCfOdBe9Oy%2Fvnzag3zLIuKsio2qc%2FE%2BKC0I%2B4MpT6AtjonGvWhSFYeOjRTl6ytxGba%2F42pjcyyVc4KxuembJV6Yiv2h%2FCVOHi42A4Bx%2BAVZlB2OJQoCeizHaEIke4gLKBu993M9y78%2FmzREQ0KgV1vvYuRfaKd1eNmO0SRV1ogUSH81Kgs05B6IoMhVKT4w7TwrTxbp%2FQ2iMn1qdaM1viWqCGwU1siX1ZIegdsZIo1sjlWnbsTcjefS6Pj3RtIU6lROCEB6QAgiS1WJabPNVEO7waQAXksTDyQHUY2wqyAfRzb44KOjG0poBVHSJ1fq5iJGt%2Fs2ROyG2r1yuKaZ4GSAmh5BaCjz8%3D%22%7D&prevSearchId=1765686709859674781&loginPromo=1
1141,"Vị trí Resort trên bãi biển đẹp, không gian nghỉ ngơi thoải mái, lối vào Resort sâu, nhỏ, Bữa sáng đơn điệu, ít món, không thay đổi, Resort nhiều muỗi. Mình không thích mùi nước hoa xịt phòng ở đó.",Arcadia Phu Quoc Resort,https://www.traveloka.com/en-vn/hotel/detail?spec=13-05-2023.14-05-2023.1.1.HOTEL.1000000425916.Arcadia%20Phu%20Quoc%20Resort.1&contexts=%7B%22inventoryRateKey%22%3A%22povEwB3ZzsU2C6pd%2B6MdUw6p4Oi4t9ianyz%2Fk%2Fcwm21M0tKsNUio4Rxug1zOzHJilcvZa8YdqqIySdppe7dolTIewZlxfjiOGz6oXLTucMvN0%2BgQ3yZPvZcoHwUFNN%2BZpcr%2F%2FNa8o9ElfN8zOYhzzZeg0X586laFpeUViPi9rxAXgtn2bKwejvBBZO%2BZAFZhmhLDdV0WLeT%2FFKfQ0QL8LH02Dvlx%2F8PjYogEE5yzx6g6yOKyKeIDf7jO3GM45O1o1hmSkmz3HiZNSbS8gXb3CDW9nmlhkqLKa4lLkAkZpAG5JCAR4KEzOF9HzUvNfgOnqr5Ov2QSm2AvCfOdBe9Oy%2Fvnzag3zLIuKsio2qc%2FE%2BKC0I%2B4MpT6AtjonGvWhSFYeOjRTl6ytxGba%2F42pjcyyVc4KxuembJV6Yiv2h%2FCVOHi42A4Bx%2BAVZlB2OJQoCeizHaEIke4gLKBu993M9y78%2FmzREQ0KgV1vvYuRfaKd1eNmO0SRV1ogUSH81Kgs05B6IoMhVKT4w7TwrTxbp%2FQ2iMn1qdaM1viWqCGwU1siX1ZIegdsZIo1sjlWnbsTcjefS6Pj3RtIU6lROCEB6QAgiS1WJabPNVEO7waQAXksTDyQHUY2wqyAfRzb44KOjG0poBVHSJ1fq5iJGt%2Fs2ROyG2r1yuKaZ4GSAmh5BaCjz8%3D%22%7D&prevSearchId=1765686709859674781&loginPromo=1
1142,So good. Nằm sâu trong hẻm. Nhưng cuối con đường là đại dương xanh ngắt,Arcadia Phu Quoc Resort,https://www.traveloka.com/en-vn/hotel/detail?spec=13-05-2023.14-05-2023.1.1.HOTEL.1000000425916.Arcadia%20Phu%20Quoc%20Resort.1&contexts=%7B%22inventoryRateKey%22%3A%22povEwB3ZzsU2C6pd%2B6MdUw6p4Oi4t9ianyz%2Fk%2Fcwm21M0tKsNUio4Rxug1zOzHJilcvZa8YdqqIySdppe7dolTIewZlxfjiOGz6oXLTucMvN0%2BgQ3yZPvZcoHwUFNN%2BZpcr%2F%2FNa8o9ElfN8zOYhzzZeg0X586laFpeUViPi9rxAXgtn2bKwejvBBZO%2BZAFZhmhLDdV0WLeT%2FFKfQ0QL8LH02Dvlx%2F8PjYogEE5yzx6g6yOKyKeIDf7jO3GM45O1o1hmSkmz3HiZNSbS8gXb3CDW9nmlhkqLKa4lLkAkZpAG5JCAR4KEzOF9HzUvNfgOnqr5Ov2QSm2AvCfOdBe9Oy%2Fvnzag3zLIuKsio2qc%2FE%2BKC0I%2B4MpT6AtjonGvWhSFYeOjRTl6ytxGba%2F42pjcyyVc4KxuembJV6Yiv2h%2FCVOHi42A4Bx%2BAVZlB2OJQoCeizHaEIke4gLKBu993M9y78%2FmzREQ0KgV1vvYuRfaKd1eNmO0SRV1ogUSH81Kgs05B6IoMhVKT4w7TwrTxbp%2FQ2iMn1qdaM1viWqCGwU1siX1ZIegdsZIo1sjlWnbsTcjefS6Pj3RtIU6lROCEB6QAgiS1WJabPNVEO7waQAXksTDyQHUY2wqyAfRzb44KOjG0poBVHSJ1fq5iJGt%2Fs2ROyG2r1yuKaZ4GSAmh5BaCjz8%3D%22%7D&prevSearchId=1765686709859674781&loginPromo=1
1143,"Yên tĩnh, phòng đẹp sạch, ăn sáng rất ngon",Arcadia Phu Quoc Resort,https://www.traveloka.com/en-vn/hotel/detail?spec=13-05-2023.14-05-2023.1.1.HOTEL.1000000425916.Arcadia%20Phu%20Quoc%20Resort.1&contexts=%7B%22inventoryRateKey%22%3A%22povEwB3ZzsU2C6pd%2B6MdUw6p4Oi4t9ianyz%2Fk%2Fcwm21M0tKsNUio4Rxug1zOzHJilcvZa8YdqqIySdppe7dolTIewZlxfjiOGz6oXLTucMvN0%2BgQ3yZPvZcoHwUFNN%2BZpcr%2F%2FNa8o9ElfN8zOYhzzZeg0X586laFpeUViPi9rxAXgtn2bKwejvBBZO%2BZAFZhmhLDdV0WLeT%2FFKfQ0QL8LH02Dvlx%2F8PjYogEE5yzx6g6yOKyKeIDf7jO3GM45O1o1hmSkmz3HiZNSbS8gXb3CDW9nmlhkqLKa4lLkAkZpAG5JCAR4KEzOF9HzUvNfgOnqr5Ov2QSm2AvCfOdBe9Oy%2Fvnzag3zLIuKsio2qc%2FE%2BKC0I%2B4MpT6AtjonGvWhSFYeOjRTl6ytxGba%2F42pjcyyVc4KxuembJV6Yiv2h%2FCVOHi42A4Bx%2BAVZlB2OJQoCeizHaEIke4gLKBu993M9y78%2FmzREQ0KgV1vvYuRfaKd1eNmO0SRV1ogUSH81Kgs05B6IoMhVKT4w7TwrTxbp%2FQ2iMn1qdaM1viWqCGwU1siX1ZIegdsZIo1sjlWnbsTcjefS6Pj3RtIU6lROCEB6QAgiS1WJabPNVEO7waQAXksTDyQHUY2wqyAfRzb44KOjG0poBVHSJ1fq5iJGt%2Fs2ROyG2r1yuKaZ4GSAmh5BaCjz8%3D%22%7D&prevSearchId=1765686709859674781&loginPromo=1
1144,"Rất tốt cho việc nghỉ ngơi. Ăn sáng hơi kems , nhưng cũng tạm ổn",Arcadia Phu Quoc Resort,https://www.traveloka.com/en-vn/hotel/detail?spec=13-05-2023.14-05-2023.1.1.HOTEL.1000000425916.Arcadia%20Phu%20Quoc%20Resort.1&contexts=%7B%22inventoryRateKey%22%3A%22povEwB3ZzsU2C6pd%2B6MdUw6p4Oi4t9ianyz%2Fk%2Fcwm21M0tKsNUio4Rxug1zOzHJilcvZa8YdqqIySdppe7dolTIewZlxfjiOGz6oXLTucMvN0%2BgQ3yZPvZcoHwUFNN%2BZpcr%2F%2FNa8o9ElfN8zOYhzzZeg0X586laFpeUViPi9rxAXgtn2bKwejvBBZO%2BZAFZhmhLDdV0WLeT%2FFKfQ0QL8LH02Dvlx%2F8PjYogEE5yzx6g6yOKyKeIDf7jO3GM45O1o1hmSkmz3HiZNSbS8gXb3CDW9nmlhkqLKa4lLkAkZpAG5JCAR4KEzOF9HzUvNfgOnqr5Ov2QSm2AvCfOdBe9Oy%2Fvnzag3zLIuKsio2qc%2FE%2BKC0I%2B4MpT6AtjonGvWhSFYeOjRTl6ytxGba%2F42pjcyyVc4KxuembJV6Yiv2h%2FCVOHi42A4Bx%2BAVZlB2OJQoCeizHaEIke4gLKBu993M9y78%2FmzREQ0KgV1vvYuRfaKd1eNmO0SRV1ogUSH81Kgs05B6IoMhVKT4w7TwrTxbp%2FQ2iMn1qdaM1viWqCGwU1siX1ZIegdsZIo1sjlWnbsTcjefS6Pj3RtIU6lROCEB6QAgiS1WJabPNVEO7waQAXksTDyQHUY2wqyAfRzb44KOjG0poBVHSJ1fq5iJGt%2Fs2ROyG2r1yuKaZ4GSAmh5BaCjz8%3D%22%7D&prevSearchId=1765686709859674781&loginPromo=1
1145,"Arcadia Phu Quoc Resort sạch sẽ, mát mẻ, nhân viên thân thiện, nhiệt tình, không gian yên tĩnh, thích hợp cho việc nghỉ ngơi và thư giãn, bãi biển riêng của Resort nên tắm nắng và tắm biển rất thích. Mình ở Beachfront Bungalow gần sát biển rất ok",Arcadia Phu Quoc Resort,https://www.traveloka.com/en-vn/hotel/detail?spec=13-05-2023.14-05-2023.1.1.HOTEL.1000000425916.Arcadia%20Phu%20Quoc%20Resort.1&contexts=%7B%22inventoryRateKey%22%3A%22povEwB3ZzsU2C6pd%2B6MdUw6p4Oi4t9ianyz%2Fk%2Fcwm21M0tKsNUio4Rxug1zOzHJilcvZa8YdqqIySdppe7dolTIewZlxfjiOGz6oXLTucMvN0%2BgQ3yZPvZcoHwUFNN%2BZpcr%2F%2FNa8o9ElfN8zOYhzzZeg0X586laFpeUViPi9rxAXgtn2bKwejvBBZO%2BZAFZhmhLDdV0WLeT%2FFKfQ0QL8LH02Dvlx%2F8PjYogEE5yzx6g6yOKyKeIDf7jO3GM45O1o1hmSkmz3HiZNSbS8gXb3CDW9nmlhkqLKa4lLkAkZpAG5JCAR4KEzOF9HzUvNfgOnqr5Ov2QSm2AvCfOdBe9Oy%2Fvnzag3zLIuKsio2qc%2FE%2BKC0I%2B4MpT6AtjonGvWhSFYeOjRTl6ytxGba%2F42pjcyyVc4KxuembJV6Yiv2h%2FCVOHi42A4Bx%2BAVZlB2OJQoCeizHaEIke4gLKBu993M9y78%2FmzREQ0KgV1vvYuRfaKd1eNmO0SRV1ogUSH81Kgs05B6IoMhVKT4w7TwrTxbp%2FQ2iMn1qdaM1viWqCGwU1siX1ZIegdsZIo1sjlWnbsTcjefS6Pj3RtIU6lROCEB6QAgiS1WJabPNVEO7waQAXksTDyQHUY2wqyAfRzb44KOjG0poBVHSJ1fq5iJGt%2Fs2ROyG2r1yuKaZ4GSAmh5BaCjz8%3D%22%7D&prevSearchId=1765686709859674781&loginPromo=1
1146,Không gian rất tốt so với giá cả. Mọi thứ rất tốt. Bữa sáng không tốt lắm.,Arcadia Phu Quoc Resort,https://www.traveloka.com/en-vn/hotel/detail?spec=13-05-2023.14-05-2023.1.1.HOTEL.1000000425916.Arcadia%20Phu%20Quoc%20Resort.1&contexts=%7B%22inventoryRateKey%22%3A%22povEwB3ZzsU2C6pd%2B6MdUw6p4Oi4t9ianyz%2Fk%2Fcwm21M0tKsNUio4Rxug1zOzHJilcvZa8YdqqIySdppe7dolTIewZlxfjiOGz6oXLTucMvN0%2BgQ3yZPvZcoHwUFNN%2BZpcr%2F%2FNa8o9ElfN8zOYhzzZeg0X586laFpeUViPi9rxAXgtn2bKwejvBBZO%2BZAFZhmhLDdV0WLeT%2FFKfQ0QL8LH02Dvlx%2F8PjYogEE5yzx6g6yOKyKeIDf7jO3GM45O1o1hmSkmz3HiZNSbS8gXb3CDW9nmlhkqLKa4lLkAkZpAG5JCAR4KEzOF9HzUvNfgOnqr5Ov2QSm2AvCfOdBe9Oy%2Fvnzag3zLIuKsio2qc%2FE%2BKC0I%2B4MpT6AtjonGvWhSFYeOjRTl6ytxGba%2F42pjcyyVc4KxuembJV6Yiv2h%2FCVOHi42A4Bx%2BAVZlB2OJQoCeizHaEIke4gLKBu993M9y78%2FmzREQ0KgV1vvYuRfaKd1eNmO0SRV1ogUSH81Kgs05B6IoMhVKT4w7TwrTxbp%2FQ2iMn1qdaM1viWqCGwU1siX1ZIegdsZIo1sjlWnbsTcjefS6Pj3RtIU6lROCEB6QAgiS1WJabPNVEO7waQAXksTDyQHUY2wqyAfRzb44KOjG0poBVHSJ1fq5iJGt%2Fs2ROyG2r1yuKaZ4GSAmh5BaCjz8%3D%22%7D&prevSearchId=1765686709859674781&loginPromo=1
1147,Bãi biển sạch đẹp . Dịch vụ tốt phong cảnh đẹp . Tuyệt,Arcadia Phu Quoc Resort,https://www.traveloka.com/en-vn/hotel/detail?spec=13-05-2023.14-05-2023.1.1.HOTEL.1000000425916.Arcadia%20Phu%20Quoc%20Resort.1&contexts=%7B%22inventoryRateKey%22%3A%22povEwB3ZzsU2C6pd%2B6MdUw6p4Oi4t9ianyz%2Fk%2Fcwm21M0tKsNUio4Rxug1zOzHJilcvZa8YdqqIySdppe7dolTIewZlxfjiOGz6oXLTucMvN0%2BgQ3yZPvZcoHwUFNN%2BZpcr%2F%2FNa8o9ElfN8zOYhzzZeg0X586laFpeUViPi9rxAXgtn2bKwejvBBZO%2BZAFZhmhLDdV0WLeT%2FFKfQ0QL8LH02Dvlx%2F8PjYogEE5yzx6g6yOKyKeIDf7jO3GM45O1o1hmSkmz3HiZNSbS8gXb3CDW9nmlhkqLKa4lLkAkZpAG5JCAR4KEzOF9HzUvNfgOnqr5Ov2QSm2AvCfOdBe9Oy%2Fvnzag3zLIuKsio2qc%2FE%2BKC0I%2B4MpT6AtjonGvWhSFYeOjRTl6ytxGba%2F42pjcyyVc4KxuembJV6Yiv2h%2FCVOHi42A4Bx%2BAVZlB2OJQoCeizHaEIke4gLKBu993M9y78%2FmzREQ0KgV1vvYuRfaKd1eNmO0SRV1ogUSH81Kgs05B6IoMhVKT4w7TwrTxbp%2FQ2iMn1qdaM1viWqCGwU1siX1ZIegdsZIo1sjlWnbsTcjefS6Pj3RtIU6lROCEB6QAgiS1WJabPNVEO7waQAXksTDyQHUY2wqyAfRzb44KOjG0poBVHSJ1fq5iJGt%2Fs2ROyG2r1yuKaZ4GSAmh5BaCjz8%3D%22%7D&prevSearchId=1765686709859674781&loginPromo=1
1148,"phục vụ món ăn sáng rất tốt, không gian mát mẻ, thoải mái",Arcadia Phu Quoc Resort,https://www.traveloka.com/en-vn/hotel/detail?spec=13-05-2023.14-05-2023.1.1.HOTEL.1000000425916.Arcadia%20Phu%20Quoc%20Resort.1&contexts=%7B%22inventoryRateKey%22%3A%22povEwB3ZzsU2C6pd%2B6MdUw6p4Oi4t9ianyz%2Fk%2Fcwm21M0tKsNUio4Rxug1zOzHJilcvZa8YdqqIySdppe7dolTIewZlxfjiOGz6oXLTucMvN0%2BgQ3yZPvZcoHwUFNN%2BZpcr%2F%2FNa8o9ElfN8zOYhzzZeg0X586laFpeUViPi9rxAXgtn2bKwejvBBZO%2BZAFZhmhLDdV0WLeT%2FFKfQ0QL8LH02Dvlx%2F8PjYogEE5yzx6g6yOKyKeIDf7jO3GM45O1o1hmSkmz3HiZNSbS8gXb3CDW9nmlhkqLKa4lLkAkZpAG5JCAR4KEzOF9HzUvNfgOnqr5Ov2QSm2AvCfOdBe9Oy%2Fvnzag3zLIuKsio2qc%2FE%2BKC0I%2B4MpT6AtjonGvWhSFYeOjRTl6ytxGba%2F42pjcyyVc4KxuembJV6Yiv2h%2FCVOHi42A4Bx%2BAVZlB2OJQoCeizHaEIke4gLKBu993M9y78%2FmzREQ0KgV1vvYuRfaKd1eNmO0SRV1ogUSH81Kgs05B6IoMhVKT4w7TwrTxbp%2FQ2iMn1qdaM1viWqCGwU1siX1ZIegdsZIo1sjlWnbsTcjefS6Pj3RtIU6lROCEB6QAgiS1WJabPNVEO7waQAXksTDyQHUY2wqyAfRzb44KOjG0poBVHSJ1fq5iJGt%2Fs2ROyG2r1yuKaZ4GSAmh5BaCjz8%3D%22%7D&prevSearchId=1765686709859674781&loginPromo=1
1149,"Tôi nghỉ ở arcadia 3 đêm nhưng không được hài lòng lắm. view resort thì đẹp, biển cũng rất đẹp nhưng nhân viên thì chán vô cùng. gọi đến 3 lần cũng không vào dọn phòng. lễ tân thiếu chuyên nghiệp và nhất là tôi mua đồ cho con mang về khách sạn ăn và có nhờ nhà bếp cho sử dụng lò vi sóng và bị ghi hoá đơn 50k. 50k tôi không tiếc nhưng tiếc cho thái độ phục vụ của resort",Arcadia Phu Quoc Resort,https://www.traveloka.com/en-vn/hotel/detail?spec=13-05-2023.14-05-2023.1.1.HOTEL.1000000425916.Arcadia%20Phu%20Quoc%20Resort.1&contexts=%7B%22inventoryRateKey%22%3A%22povEwB3ZzsU2C6pd%2B6MdUw6p4Oi4t9ianyz%2Fk%2Fcwm21M0tKsNUio4Rxug1zOzHJilcvZa8YdqqIySdppe7dolTIewZlxfjiOGz6oXLTucMvN0%2BgQ3yZPvZcoHwUFNN%2BZpcr%2F%2FNa8o9ElfN8zOYhzzZeg0X586laFpeUViPi9rxAXgtn2bKwejvBBZO%2BZAFZhmhLDdV0WLeT%2FFKfQ0QL8LH02Dvlx%2F8PjYogEE5yzx6g6yOKyKeIDf7jO3GM45O1o1hmSkmz3HiZNSbS8gXb3CDW9nmlhkqLKa4lLkAkZpAG5JCAR4KEzOF9HzUvNfgOnqr5Ov2QSm2AvCfOdBe9Oy%2Fvnzag3zLIuKsio2qc%2FE%2BKC0I%2B4MpT6AtjonGvWhSFYeOjRTl6ytxGba%2F42pjcyyVc4KxuembJV6Yiv2h%2FCVOHi42A4Bx%2BAVZlB2OJQoCeizHaEIke4gLKBu993M9y78%2FmzREQ0KgV1vvYuRfaKd1eNmO0SRV1ogUSH81Kgs05B6IoMhVKT4w7TwrTxbp%2FQ2iMn1qdaM1viWqCGwU1siX1ZIegdsZIo1sjlWnbsTcjefS6Pj3RtIU6lROCEB6QAgiS1WJabPNVEO7waQAXksTDyQHUY2wqyAfRzb44KOjG0poBVHSJ1fq5iJGt%2Fs2ROyG2r1yuKaZ4GSAmh5BaCjz8%3D%22%7D&prevSearchId=1765686709859674781&loginPromo=1
1150,"Lần đầu tiên đi du lichh PQ. Mình chọn Arcadia Resort làm chỗ nghỉ ngơi cho gđ.Không gian resort thật thanh bình,lãng mạn. Phòng sạch sẽ,thoáng mát.Bãi biển đẹp. Nhưng điểm trừ duy nhất mình đưa ra là bữa sáng chán ngắt với vài món ăn. Ba bữa ăn sáng ở đây thì bữa nào cũng chỉ vài món như vậy. Nhân viên thân thiện, gần gũi. Nếu lần sau có ghé lại Phú Quốc, mình vẫn chọn Arcadia",Arcadia Phu Quoc Resort,https://www.traveloka.com/en-vn/hotel/detail?spec=13-05-2023.14-05-2023.1.1.HOTEL.1000000425916.Arcadia%20Phu%20Quoc%20Resort.1&contexts=%7B%22inventoryRateKey%22%3A%22povEwB3ZzsU2C6pd%2B6MdUw6p4Oi4t9ianyz%2Fk%2Fcwm21M0tKsNUio4Rxug1zOzHJilcvZa8YdqqIySdppe7dolTIewZlxfjiOGz6oXLTucMvN0%2BgQ3yZPvZcoHwUFNN%2BZpcr%2F%2FNa8o9ElfN8zOYhzzZeg0X586laFpeUViPi9rxAXgtn2bKwejvBBZO%2BZAFZhmhLDdV0WLeT%2FFKfQ0QL8LH02Dvlx%2F8PjYogEE5yzx6g6yOKyKeIDf7jO3GM45O1o1hmSkmz3HiZNSbS8gXb3CDW9nmlhkqLKa4lLkAkZpAG5JCAR4KEzOF9HzUvNfgOnqr5Ov2QSm2AvCfOdBe9Oy%2Fvnzag3zLIuKsio2qc%2FE%2BKC0I%2B4MpT6AtjonGvWhSFYeOjRTl6ytxGba%2F42pjcyyVc4KxuembJV6Yiv2h%2FCVOHi42A4Bx%2BAVZlB2OJQoCeizHaEIke4gLKBu993M9y78%2FmzREQ0KgV1vvYuRfaKd1eNmO0SRV1ogUSH81Kgs05B6IoMhVKT4w7TwrTxbp%2FQ2iMn1qdaM1viWqCGwU1siX1ZIegdsZIo1sjlWnbsTcjefS6Pj3RtIU6lROCEB6QAgiS1WJabPNVEO7waQAXksTDyQHUY2wqyAfRzb44KOjG0poBVHSJ1fq5iJGt%2Fs2ROyG2r1yuKaZ4GSAmh5BaCjz8%3D%22%7D&prevSearchId=1765686709859674781&loginPromo=1
1151,"đẹp, sạch sẽ. đồ ăn cũng được nhưng ko phong phú. mong khách sạn mỗi ngày thay đổi thực đơn mỗi ngày.",Arcadia Phu Quoc Resort,https://www.traveloka.com/en-vn/hotel/detail?spec=13-05-2023.14-05-2023.1.1.HOTEL.1000000425916.Arcadia%20Phu%20Quoc%20Resort.1&contexts=%7B%22inventoryRateKey%22%3A%22povEwB3ZzsU2C6pd%2B6MdUw6p4Oi4t9ianyz%2Fk%2Fcwm21M0tKsNUio4Rxug1zOzHJilcvZa8YdqqIySdppe7dolTIewZlxfjiOGz6oXLTucMvN0%2BgQ3yZPvZcoHwUFNN%2BZpcr%2F%2FNa8o9ElfN8zOYhzzZeg0X586laFpeUViPi9rxAXgtn2bKwejvBBZO%2BZAFZhmhLDdV0WLeT%2FFKfQ0QL8LH02Dvlx%2F8PjYogEE5yzx6g6yOKyKeIDf7jO3GM45O1o1hmSkmz3HiZNSbS8gXb3CDW9nmlhkqLKa4lLkAkZpAG5JCAR4KEzOF9HzUvNfgOnqr5Ov2QSm2AvCfOdBe9Oy%2Fvnzag3zLIuKsio2qc%2FE%2BKC0I%2B4MpT6AtjonGvWhSFYeOjRTl6ytxGba%2F42pjcyyVc4KxuembJV6Yiv2h%2FCVOHi42A4Bx%2BAVZlB2OJQoCeizHaEIke4gLKBu993M9y78%2FmzREQ0KgV1vvYuRfaKd1eNmO0SRV1ogUSH81Kgs05B6IoMhVKT4w7TwrTxbp%2FQ2iMn1qdaM1viWqCGwU1siX1ZIegdsZIo1sjlWnbsTcjefS6Pj3RtIU6lROCEB6QAgiS1WJabPNVEO7waQAXksTDyQHUY2wqyAfRzb44KOjG0poBVHSJ1fq5iJGt%2Fs2ROyG2r1yuKaZ4GSAmh5BaCjz8%3D%22%7D&prevSearchId=1765686709859674781&loginPromo=1
1152,"Thoải mái, mát mẻ, sạch sẽ và đẹp",Arcadia Phu Quoc Resort,https://www.traveloka.com/en-vn/hotel/detail?spec=13-05-2023.14-05-2023.1.1.HOTEL.1000000425916.Arcadia%20Phu%20Quoc%20Resort.1&contexts=%7B%22inventoryRateKey%22%3A%22povEwB3ZzsU2C6pd%2B6MdUw6p4Oi4t9ianyz%2Fk%2Fcwm21M0tKsNUio4Rxug1zOzHJilcvZa8YdqqIySdppe7dolTIewZlxfjiOGz6oXLTucMvN0%2BgQ3yZPvZcoHwUFNN%2BZpcr%2F%2FNa8o9ElfN8zOYhzzZeg0X586laFpeUViPi9rxAXgtn2bKwejvBBZO%2BZAFZhmhLDdV0WLeT%2FFKfQ0QL8LH02Dvlx%2F8PjYogEE5yzx6g6yOKyKeIDf7jO3GM45O1o1hmSkmz3HiZNSbS8gXb3CDW9nmlhkqLKa4lLkAkZpAG5JCAR4KEzOF9HzUvNfgOnqr5Ov2QSm2AvCfOdBe9Oy%2Fvnzag3zLIuKsio2qc%2FE%2BKC0I%2B4MpT6AtjonGvWhSFYeOjRTl6ytxGba%2F42pjcyyVc4KxuembJV6Yiv2h%2FCVOHi42A4Bx%2BAVZlB2OJQoCeizHaEIke4gLKBu993M9y78%2FmzREQ0KgV1vvYuRfaKd1eNmO0SRV1ogUSH81Kgs05B6IoMhVKT4w7TwrTxbp%2FQ2iMn1qdaM1viWqCGwU1siX1ZIegdsZIo1sjlWnbsTcjefS6Pj3RtIU6lROCEB6QAgiS1WJabPNVEO7waQAXksTDyQHUY2wqyAfRzb44KOjG0poBVHSJ1fq5iJGt%2Fs2ROyG2r1yuKaZ4GSAmh5BaCjz8%3D%22%7D&prevSearchId=1765686709859674781&loginPromo=1
1153,Chac se ko quay lai resort nay,Arcadia Phu Quoc Resort,https://www.traveloka.com/en-vn/hotel/detail?spec=13-05-2023.14-05-2023.1.1.HOTEL.1000000425916.Arcadia%20Phu%20Quoc%20Resort.1&contexts=%7B%22inventoryRateKey%22%3A%22povEwB3ZzsU2C6pd%2B6MdUw6p4Oi4t9ianyz%2Fk%2Fcwm21M0tKsNUio4Rxug1zOzHJilcvZa8YdqqIySdppe7dolTIewZlxfjiOGz6oXLTucMvN0%2BgQ3yZPvZcoHwUFNN%2BZpcr%2F%2FNa8o9ElfN8zOYhzzZeg0X586laFpeUViPi9rxAXgtn2bKwejvBBZO%2BZAFZhmhLDdV0WLeT%2FFKfQ0QL8LH02Dvlx%2F8PjYogEE5yzx6g6yOKyKeIDf7jO3GM45O1o1hmSkmz3HiZNSbS8gXb3CDW9nmlhkqLKa4lLkAkZpAG5JCAR4KEzOF9HzUvNfgOnqr5Ov2QSm2AvCfOdBe9Oy%2Fvnzag3zLIuKsio2qc%2FE%2BKC0I%2B4MpT6AtjonGvWhSFYeOjRTl6ytxGba%2F42pjcyyVc4KxuembJV6Yiv2h%2FCVOHi42A4Bx%2BAVZlB2OJQoCeizHaEIke4gLKBu993M9y78%2FmzREQ0KgV1vvYuRfaKd1eNmO0SRV1ogUSH81Kgs05B6IoMhVKT4w7TwrTxbp%2FQ2iMn1qdaM1viWqCGwU1siX1ZIegdsZIo1sjlWnbsTcjefS6Pj3RtIU6lROCEB6QAgiS1WJabPNVEO7waQAXksTDyQHUY2wqyAfRzb44KOjG0poBVHSJ1fq5iJGt%2Fs2ROyG2r1yuKaZ4GSAmh5BaCjz8%3D%22%7D&prevSearchId=1765686709859674781&loginPromo=1
1154,Resort có location tốt nhưng phòng cũ ; staff hiền lành nhưng làm việc thiếu chuyên nghiệp.,Arcadia Phu Quoc Resort,https://www.traveloka.com/en-vn/hotel/detail?spec=13-05-2023.14-05-2023.1.1.HOTEL.1000000425916.Arcadia%20Phu%20Quoc%20Resort.1&contexts=%7B%22inventoryRateKey%22%3A%22povEwB3ZzsU2C6pd%2B6MdUw6p4Oi4t9ianyz%2Fk%2Fcwm21M0tKsNUio4Rxug1zOzHJilcvZa8YdqqIySdppe7dolTIewZlxfjiOGz6oXLTucMvN0%2BgQ3yZPvZcoHwUFNN%2BZpcr%2F%2FNa8o9ElfN8zOYhzzZeg0X586laFpeUViPi9rxAXgtn2bKwejvBBZO%2BZAFZhmhLDdV0WLeT%2FFKfQ0QL8LH02Dvlx%2F8PjYogEE5yzx6g6yOKyKeIDf7jO3GM45O1o1hmSkmz3HiZNSbS8gXb3CDW9nmlhkqLKa4lLkAkZpAG5JCAR4KEzOF9HzUvNfgOnqr5Ov2QSm2AvCfOdBe9Oy%2Fvnzag3zLIuKsio2qc%2FE%2BKC0I%2B4MpT6AtjonGvWhSFYeOjRTl6ytxGba%2F42pjcyyVc4KxuembJV6Yiv2h%2FCVOHi42A4Bx%2BAVZlB2OJQoCeizHaEIke4gLKBu993M9y78%2FmzREQ0KgV1vvYuRfaKd1eNmO0SRV1ogUSH81Kgs05B6IoMhVKT4w7TwrTxbp%2FQ2iMn1qdaM1viWqCGwU1siX1ZIegdsZIo1sjlWnbsTcjefS6Pj3RtIU6lROCEB6QAgiS1WJabPNVEO7waQAXksTDyQHUY2wqyAfRzb44KOjG0poBVHSJ1fq5iJGt%2Fs2ROyG2r1yuKaZ4GSAmh5BaCjz8%3D%22%7D&prevSearchId=1765686709859674781&loginPromo=1
1155,"Arcadia nằm ở vị trí tuyệt vời. Sát biển lại rất gần trung tâm. Đi taxi 33k là tới chợ đêm. Bãi biển đẹp như tranh vẽ. Nhân viên khá thân thiện, nhiệt tình. Mình đã ở Arcadia 2 lần và đều rất hài lòng",Arcadia Phu Quoc Resort,https://www.traveloka.com/en-vn/hotel/detail?spec=13-05-2023.14-05-2023.1.1.HOTEL.1000000425916.Arcadia%20Phu%20Quoc%20Resort.1&contexts=%7B%22inventoryRateKey%22%3A%22povEwB3ZzsU2C6pd%2B6MdUw6p4Oi4t9ianyz%2Fk%2Fcwm21M0tKsNUio4Rxug1zOzHJilcvZa8YdqqIySdppe7dolTIewZlxfjiOGz6oXLTucMvN0%2BgQ3yZPvZcoHwUFNN%2BZpcr%2F%2FNa8o9ElfN8zOYhzzZeg0X586laFpeUViPi9rxAXgtn2bKwejvBBZO%2BZAFZhmhLDdV0WLeT%2FFKfQ0QL8LH02Dvlx%2F8PjYogEE5yzx6g6yOKyKeIDf7jO3GM45O1o1hmSkmz3HiZNSbS8gXb3CDW9nmlhkqLKa4lLkAkZpAG5JCAR4KEzOF9HzUvNfgOnqr5Ov2QSm2AvCfOdBe9Oy%2Fvnzag3zLIuKsio2qc%2FE%2BKC0I%2B4MpT6AtjonGvWhSFYeOjRTl6ytxGba%2F42pjcyyVc4KxuembJV6Yiv2h%2FCVOHi42A4Bx%2BAVZlB2OJQoCeizHaEIke4gLKBu993M9y78%2FmzREQ0KgV1vvYuRfaKd1eNmO0SRV1ogUSH81Kgs05B6IoMhVKT4w7TwrTxbp%2FQ2iMn1qdaM1viWqCGwU1siX1ZIegdsZIo1sjlWnbsTcjefS6Pj3RtIU6lROCEB6QAgiS1WJabPNVEO7waQAXksTDyQHUY2wqyAfRzb44KOjG0poBVHSJ1fq5iJGt%2Fs2ROyG2r1yuKaZ4GSAmh5BaCjz8%3D%22%7D&prevSearchId=1765686709859674781&loginPromo=1
1156,"Khách sạn ở vị trí khá thuận tiện để đi chơi các điểm ở đảo, thích ko gian nhiều cây xanh và bố trí sắp xếp của các bungalow trong resort. Mình ở bungalow ngắm nhìn dc ra biển, phòng toàn là kính nên nằm trên giường cũng đã thấy yêu vì nhìn được biển ngay gần. Wifi mạnh là 1 điểm cộng, đồ ăn sáng chưa phong phú nhưng tạm chấp nhận. Giá cả mình thấy là vừa túi tiền cho 1 bungalow như thế tại 1 hòn đảo xinh đẹp. Mình đã có một kỳ nghỉ nhân kỷ niệm 1 năm yêu nhau tại đây rất lãng mạn. Nếu lần sau quay lại Phú Quốc mình vẫn muốn chọn khách sạn này.",Arcadia Phu Quoc Resort,https://www.traveloka.com/en-vn/hotel/detail?spec=13-05-2023.14-05-2023.1.1.HOTEL.1000000425916.Arcadia%20Phu%20Quoc%20Resort.1&contexts=%7B%22inventoryRateKey%22%3A%22povEwB3ZzsU2C6pd%2B6MdUw6p4Oi4t9ianyz%2Fk%2Fcwm21M0tKsNUio4Rxug1zOzHJilcvZa8YdqqIySdppe7dolTIewZlxfjiOGz6oXLTucMvN0%2BgQ3yZPvZcoHwUFNN%2BZpcr%2F%2FNa8o9ElfN8zOYhzzZeg0X586laFpeUViPi9rxAXgtn2bKwejvBBZO%2BZAFZhmhLDdV0WLeT%2FFKfQ0QL8LH02Dvlx%2F8PjYogEE5yzx6g6yOKyKeIDf7jO3GM45O1o1hmSkmz3HiZNSbS8gXb3CDW9nmlhkqLKa4lLkAkZpAG5JCAR4KEzOF9HzUvNfgOnqr5Ov2QSm2AvCfOdBe9Oy%2Fvnzag3zLIuKsio2qc%2FE%2BKC0I%2B4MpT6AtjonGvWhSFYeOjRTl6ytxGba%2F42pjcyyVc4KxuembJV6Yiv2h%2FCVOHi42A4Bx%2BAVZlB2OJQoCeizHaEIke4gLKBu993M9y78%2FmzREQ0KgV1vvYuRfaKd1eNmO0SRV1ogUSH81Kgs05B6IoMhVKT4w7TwrTxbp%2FQ2iMn1qdaM1viWqCGwU1siX1ZIegdsZIo1sjlWnbsTcjefS6Pj3RtIU6lROCEB6QAgiS1WJabPNVEO7waQAXksTDyQHUY2wqyAfRzb44KOjG0poBVHSJ1fq5iJGt%2Fs2ROyG2r1yuKaZ4GSAmh5BaCjz8%3D%22%7D&prevSearchId=1765686709859674781&loginPromo=1
1157,Phòng Bulgalow hướng biển view đẹp. Phòng ốc sạch sẽ. Tuy nhiên giá đồ ăn tại khách sạn thì mắc hơn nhiều so với bên ngoài.,Arcadia Phu Quoc Resort,https://www.traveloka.com/en-vn/hotel/detail?spec=13-05-2023.14-05-2023.1.1.HOTEL.1000000425916.Arcadia%20Phu%20Quoc%20Resort.1&contexts=%7B%22inventoryRateKey%22%3A%22povEwB3ZzsU2C6pd%2B6MdUw6p4Oi4t9ianyz%2Fk%2Fcwm21M0tKsNUio4Rxug1zOzHJilcvZa8YdqqIySdppe7dolTIewZlxfjiOGz6oXLTucMvN0%2BgQ3yZPvZcoHwUFNN%2BZpcr%2F%2FNa8o9ElfN8zOYhzzZeg0X586laFpeUViPi9rxAXgtn2bKwejvBBZO%2BZAFZhmhLDdV0WLeT%2FFKfQ0QL8LH02Dvlx%2F8PjYogEE5yzx6g6yOKyKeIDf7jO3GM45O1o1hmSkmz3HiZNSbS8gXb3CDW9nmlhkqLKa4lLkAkZpAG5JCAR4KEzOF9HzUvNfgOnqr5Ov2QSm2AvCfOdBe9Oy%2Fvnzag3zLIuKsio2qc%2FE%2BKC0I%2B4MpT6AtjonGvWhSFYeOjRTl6ytxGba%2F42pjcyyVc4KxuembJV6Yiv2h%2FCVOHi42A4Bx%2BAVZlB2OJQoCeizHaEIke4gLKBu993M9y78%2FmzREQ0KgV1vvYuRfaKd1eNmO0SRV1ogUSH81Kgs05B6IoMhVKT4w7TwrTxbp%2FQ2iMn1qdaM1viWqCGwU1siX1ZIegdsZIo1sjlWnbsTcjefS6Pj3RtIU6lROCEB6QAgiS1WJabPNVEO7waQAXksTDyQHUY2wqyAfRzb44KOjG0poBVHSJ1fq5iJGt%2Fs2ROyG2r1yuKaZ4GSAmh5BaCjz8%3D%22%7D&prevSearchId=1765686709859674781&loginPromo=1
1158,Khá hài lòng cho một kì nghỉ gia đình,Arcadia Phu Quoc Resort,https://www.traveloka.com/en-vn/hotel/detail?spec=13-05-2023.14-05-2023.1.1.HOTEL.1000000425916.Arcadia%20Phu%20Quoc%20Resort.1&contexts=%7B%22inventoryRateKey%22%3A%22povEwB3ZzsU2C6pd%2B6MdUw6p4Oi4t9ianyz%2Fk%2Fcwm21M0tKsNUio4Rxug1zOzHJilcvZa8YdqqIySdppe7dolTIewZlxfjiOGz6oXLTucMvN0%2BgQ3yZPvZcoHwUFNN%2BZpcr%2F%2FNa8o9ElfN8zOYhzzZeg0X586laFpeUViPi9rxAXgtn2bKwejvBBZO%2BZAFZhmhLDdV0WLeT%2FFKfQ0QL8LH02Dvlx%2F8PjYogEE5yzx6g6yOKyKeIDf7jO3GM45O1o1hmSkmz3HiZNSbS8gXb3CDW9nmlhkqLKa4lLkAkZpAG5JCAR4KEzOF9HzUvNfgOnqr5Ov2QSm2AvCfOdBe9Oy%2Fvnzag3zLIuKsio2qc%2FE%2BKC0I%2B4MpT6AtjonGvWhSFYeOjRTl6ytxGba%2F42pjcyyVc4KxuembJV6Yiv2h%2FCVOHi42A4Bx%2BAVZlB2OJQoCeizHaEIke4gLKBu993M9y78%2FmzREQ0KgV1vvYuRfaKd1eNmO0SRV1ogUSH81Kgs05B6IoMhVKT4w7TwrTxbp%2FQ2iMn1qdaM1viWqCGwU1siX1ZIegdsZIo1sjlWnbsTcjefS6Pj3RtIU6lROCEB6QAgiS1WJabPNVEO7waQAXksTDyQHUY2wqyAfRzb44KOjG0poBVHSJ1fq5iJGt%2Fs2ROyG2r1yuKaZ4GSAmh5BaCjz8%3D%22%7D&prevSearchId=1765686709859674781&loginPromo=1
1159,Phòng Deluxe Partial Sea view: nhiều muỗi => không thể ngủ được.,Arcadia Phu Quoc Resort,https://www.traveloka.com/en-vn/hotel/detail?spec=13-05-2023.14-05-2023.1.1.HOTEL.1000000425916.Arcadia%20Phu%20Quoc%20Resort.1&contexts=%7B%22inventoryRateKey%22%3A%22povEwB3ZzsU2C6pd%2B6MdUw6p4Oi4t9ianyz%2Fk%2Fcwm21M0tKsNUio4Rxug1zOzHJilcvZa8YdqqIySdppe7dolTIewZlxfjiOGz6oXLTucMvN0%2BgQ3yZPvZcoHwUFNN%2BZpcr%2F%2FNa8o9ElfN8zOYhzzZeg0X586laFpeUViPi9rxAXgtn2bKwejvBBZO%2BZAFZhmhLDdV0WLeT%2FFKfQ0QL8LH02Dvlx%2F8PjYogEE5yzx6g6yOKyKeIDf7jO3GM45O1o1hmSkmz3HiZNSbS8gXb3CDW9nmlhkqLKa4lLkAkZpAG5JCAR4KEzOF9HzUvNfgOnqr5Ov2QSm2AvCfOdBe9Oy%2Fvnzag3zLIuKsio2qc%2FE%2BKC0I%2B4MpT6AtjonGvWhSFYeOjRTl6ytxGba%2F42pjcyyVc4KxuembJV6Yiv2h%2FCVOHi42A4Bx%2BAVZlB2OJQoCeizHaEIke4gLKBu993M9y78%2FmzREQ0KgV1vvYuRfaKd1eNmO0SRV1ogUSH81Kgs05B6IoMhVKT4w7TwrTxbp%2FQ2iMn1qdaM1viWqCGwU1siX1ZIegdsZIo1sjlWnbsTcjefS6Pj3RtIU6lROCEB6QAgiS1WJabPNVEO7waQAXksTDyQHUY2wqyAfRzb44KOjG0poBVHSJ1fq5iJGt%2Fs2ROyG2r1yuKaZ4GSAmh5BaCjz8%3D%22%7D&prevSearchId=1765686709859674781&loginPromo=1
1160,Rất hài lòng. Nhân viên lịch sự. Chỗ nghỉ sạch sẽ. Có bãi tắm riêng ở biển.,Arcadia Phu Quoc Resort,https://www.traveloka.com/en-vn/hotel/detail?spec=13-05-2023.14-05-2023.1.1.HOTEL.1000000425916.Arcadia%20Phu%20Quoc%20Resort.1&contexts=%7B%22inventoryRateKey%22%3A%22povEwB3ZzsU2C6pd%2B6MdUw6p4Oi4t9ianyz%2Fk%2Fcwm21M0tKsNUio4Rxug1zOzHJilcvZa8YdqqIySdppe7dolTIewZlxfjiOGz6oXLTucMvN0%2BgQ3yZPvZcoHwUFNN%2BZpcr%2F%2FNa8o9ElfN8zOYhzzZeg0X586laFpeUViPi9rxAXgtn2bKwejvBBZO%2BZAFZhmhLDdV0WLeT%2FFKfQ0QL8LH02Dvlx%2F8PjYogEE5yzx6g6yOKyKeIDf7jO3GM45O1o1hmSkmz3HiZNSbS8gXb3CDW9nmlhkqLKa4lLkAkZpAG5JCAR4KEzOF9HzUvNfgOnqr5Ov2QSm2AvCfOdBe9Oy%2Fvnzag3zLIuKsio2qc%2FE%2BKC0I%2B4MpT6AtjonGvWhSFYeOjRTl6ytxGba%2F42pjcyyVc4KxuembJV6Yiv2h%2FCVOHi42A4Bx%2BAVZlB2OJQoCeizHaEIke4gLKBu993M9y78%2FmzREQ0KgV1vvYuRfaKd1eNmO0SRV1ogUSH81Kgs05B6IoMhVKT4w7TwrTxbp%2FQ2iMn1qdaM1viWqCGwU1siX1ZIegdsZIo1sjlWnbsTcjefS6Pj3RtIU6lROCEB6QAgiS1WJabPNVEO7waQAXksTDyQHUY2wqyAfRzb44KOjG0poBVHSJ1fq5iJGt%2Fs2ROyG2r1yuKaZ4GSAmh5BaCjz8%3D%22%7D&prevSearchId=1765686709859674781&loginPromo=1
1161,"Khách sạn tuyệt vời luôn, vị trí đẹp, view đẹp. Mình đã từng đi phú quốc mấy lần rồi, nhưng lần này mình đặc biệt ưng ý, giá cả hơi cao tuy nhiên xứng đáng đồng tiền. Đặc biệt chiều ra ngắm hoàng hôn nữa là đỉnh luôn. Khách tây ở rất nhiều nên rất sạch sẽ, không phải mình kỳ thị đâu, nhưng cứ để ý chỗ nào người Việt nhiều là chỗ đó toàn rác là rác. Nói chung cho 10 điểm luôn. Ah thêm nữa là bữa sáng rất ngon miệng nữa, mình thấy cũng nhiều món để lựa chọn, ngồi ăn mà ngắm biển thì tuyệt vời thôi rồi.",Arcadia Phu Quoc Resort,https://www.traveloka.com/en-vn/hotel/detail?spec=13-05-2023.14-05-2023.1.1.HOTEL.1000000425916.Arcadia%20Phu%20Quoc%20Resort.1&contexts=%7B%22inventoryRateKey%22%3A%22povEwB3ZzsU2C6pd%2B6MdUw6p4Oi4t9ianyz%2Fk%2Fcwm21M0tKsNUio4Rxug1zOzHJilcvZa8YdqqIySdppe7dolTIewZlxfjiOGz6oXLTucMvN0%2BgQ3yZPvZcoHwUFNN%2BZpcr%2F%2FNa8o9ElfN8zOYhzzZeg0X586laFpeUViPi9rxAXgtn2bKwejvBBZO%2BZAFZhmhLDdV0WLeT%2FFKfQ0QL8LH02Dvlx%2F8PjYogEE5yzx6g6yOKyKeIDf7jO3GM45O1o1hmSkmz3HiZNSbS8gXb3CDW9nmlhkqLKa4lLkAkZpAG5JCAR4KEzOF9HzUvNfgOnqr5Ov2QSm2AvCfOdBe9Oy%2Fvnzag3zLIuKsio2qc%2FE%2BKC0I%2B4MpT6AtjonGvWhSFYeOjRTl6ytxGba%2F42pjcyyVc4KxuembJV6Yiv2h%2FCVOHi42A4Bx%2BAVZlB2OJQoCeizHaEIke4gLKBu993M9y78%2FmzREQ0KgV1vvYuRfaKd1eNmO0SRV1ogUSH81Kgs05B6IoMhVKT4w7TwrTxbp%2FQ2iMn1qdaM1viWqCGwU1siX1ZIegdsZIo1sjlWnbsTcjefS6Pj3RtIU6lROCEB6QAgiS1WJabPNVEO7waQAXksTDyQHUY2wqyAfRzb44KOjG0poBVHSJ1fq5iJGt%2Fs2ROyG2r1yuKaZ4GSAmh5BaCjz8%3D%22%7D&prevSearchId=1765686709859674781&loginPromo=1
1162,"phòng ốc cũ, rĩ sét nhiều, phòng nhỏ, chỉ được cảnh đẹp",Arcadia Phu Quoc Resort,https://www.traveloka.com/en-vn/hotel/detail?spec=13-05-2023.14-05-2023.1.1.HOTEL.1000000425916.Arcadia%20Phu%20Quoc%20Resort.1&contexts=%7B%22inventoryRateKey%22%3A%22povEwB3ZzsU2C6pd%2B6MdUw6p4Oi4t9ianyz%2Fk%2Fcwm21M0tKsNUio4Rxug1zOzHJilcvZa8YdqqIySdppe7dolTIewZlxfjiOGz6oXLTucMvN0%2BgQ3yZPvZcoHwUFNN%2BZpcr%2F%2FNa8o9ElfN8zOYhzzZeg0X586laFpeUViPi9rxAXgtn2bKwejvBBZO%2BZAFZhmhLDdV0WLeT%2FFKfQ0QL8LH02Dvlx%2F8PjYogEE5yzx6g6yOKyKeIDf7jO3GM45O1o1hmSkmz3HiZNSbS8gXb3CDW9nmlhkqLKa4lLkAkZpAG5JCAR4KEzOF9HzUvNfgOnqr5Ov2QSm2AvCfOdBe9Oy%2Fvnzag3zLIuKsio2qc%2FE%2BKC0I%2B4MpT6AtjonGvWhSFYeOjRTl6ytxGba%2F42pjcyyVc4KxuembJV6Yiv2h%2FCVOHi42A4Bx%2BAVZlB2OJQoCeizHaEIke4gLKBu993M9y78%2FmzREQ0KgV1vvYuRfaKd1eNmO0SRV1ogUSH81Kgs05B6IoMhVKT4w7TwrTxbp%2FQ2iMn1qdaM1viWqCGwU1siX1ZIegdsZIo1sjlWnbsTcjefS6Pj3RtIU6lROCEB6QAgiS1WJabPNVEO7waQAXksTDyQHUY2wqyAfRzb44KOjG0poBVHSJ1fq5iJGt%2Fs2ROyG2r1yuKaZ4GSAmh5BaCjz8%3D%22%7D&prevSearchId=1765686709859674781&loginPromo=1
1163,"phòng đẹp, view đẹp, nhân viên thân thiện.",Arcadia Phu Quoc Resort,https://www.traveloka.com/en-vn/hotel/detail?spec=13-05-2023.14-05-2023.1.1.HOTEL.1000000425916.Arcadia%20Phu%20Quoc%20Resort.1&contexts=%7B%22inventoryRateKey%22%3A%22povEwB3ZzsU2C6pd%2B6MdUw6p4Oi4t9ianyz%2Fk%2Fcwm21M0tKsNUio4Rxug1zOzHJilcvZa8YdqqIySdppe7dolTIewZlxfjiOGz6oXLTucMvN0%2BgQ3yZPvZcoHwUFNN%2BZpcr%2F%2FNa8o9ElfN8zOYhzzZeg0X586laFpeUViPi9rxAXgtn2bKwejvBBZO%2BZAFZhmhLDdV0WLeT%2FFKfQ0QL8LH02Dvlx%2F8PjYogEE5yzx6g6yOKyKeIDf7jO3GM45O1o1hmSkmz3HiZNSbS8gXb3CDW9nmlhkqLKa4lLkAkZpAG5JCAR4KEzOF9HzUvNfgOnqr5Ov2QSm2AvCfOdBe9Oy%2Fvnzag3zLIuKsio2qc%2FE%2BKC0I%2B4MpT6AtjonGvWhSFYeOjRTl6ytxGba%2F42pjcyyVc4KxuembJV6Yiv2h%2FCVOHi42A4Bx%2BAVZlB2OJQoCeizHaEIke4gLKBu993M9y78%2FmzREQ0KgV1vvYuRfaKd1eNmO0SRV1ogUSH81Kgs05B6IoMhVKT4w7TwrTxbp%2FQ2iMn1qdaM1viWqCGwU1siX1ZIegdsZIo1sjlWnbsTcjefS6Pj3RtIU6lROCEB6QAgiS1WJabPNVEO7waQAXksTDyQHUY2wqyAfRzb44KOjG0poBVHSJ1fq5iJGt%2Fs2ROyG2r1yuKaZ4GSAmh5BaCjz8%3D%22%7D&prevSearchId=1765686709859674781&loginPromo=1
1164,"- Wifi khá kém, ăn sáng hơi ít món, ko có món đặc trưng của Phú Quốc. Trang thiết bị khá cũ và sơ sài. - Không gian thoáng đãng, yên tĩnh, nhân viên nhiệt tình, lịch sự....",Arcadia Phu Quoc Resort,https://www.traveloka.com/en-vn/hotel/detail?spec=13-05-2023.14-05-2023.1.1.HOTEL.1000000425916.Arcadia%20Phu%20Quoc%20Resort.1&contexts=%7B%22inventoryRateKey%22%3A%22povEwB3ZzsU2C6pd%2B6MdUw6p4Oi4t9ianyz%2Fk%2Fcwm21M0tKsNUio4Rxug1zOzHJilcvZa8YdqqIySdppe7dolTIewZlxfjiOGz6oXLTucMvN0%2BgQ3yZPvZcoHwUFNN%2BZpcr%2F%2FNa8o9ElfN8zOYhzzZeg0X586laFpeUViPi9rxAXgtn2bKwejvBBZO%2BZAFZhmhLDdV0WLeT%2FFKfQ0QL8LH02Dvlx%2F8PjYogEE5yzx6g6yOKyKeIDf7jO3GM45O1o1hmSkmz3HiZNSbS8gXb3CDW9nmlhkqLKa4lLkAkZpAG5JCAR4KEzOF9HzUvNfgOnqr5Ov2QSm2AvCfOdBe9Oy%2Fvnzag3zLIuKsio2qc%2FE%2BKC0I%2B4MpT6AtjonGvWhSFYeOjRTl6ytxGba%2F42pjcyyVc4KxuembJV6Yiv2h%2FCVOHi42A4Bx%2BAVZlB2OJQoCeizHaEIke4gLKBu993M9y78%2FmzREQ0KgV1vvYuRfaKd1eNmO0SRV1ogUSH81Kgs05B6IoMhVKT4w7TwrTxbp%2FQ2iMn1qdaM1viWqCGwU1siX1ZIegdsZIo1sjlWnbsTcjefS6Pj3RtIU6lROCEB6QAgiS1WJabPNVEO7waQAXksTDyQHUY2wqyAfRzb44KOjG0poBVHSJ1fq5iJGt%2Fs2ROyG2r1yuKaZ4GSAmh5BaCjz8%3D%22%7D&prevSearchId=1765686709859674781&loginPromo=1
1165,"Tôi ở 2 loại phòng, Bungalow beach front thì thấy tương đối sạch sẽ. Loại bungalow garden, phòng số 33 thì tệ nếu để mở cửa nhà vệ sinh sẽ bị mùi hôi xộc vào phòng, đêm riêng dãy phòng này bị mất điện, nóng không ngủ được. Phòng 33 buổi đêm hay có tiếng lạch cạch không rõ từ đâu ra, cửa tủ tự dưng mở nên hơi ghê. Điểm cộng là không gian khá là đẹp, có bãi biển riêng.",Arcadia Phu Quoc Resort,https://www.traveloka.com/en-vn/hotel/detail?spec=13-05-2023.14-05-2023.1.1.HOTEL.1000000425916.Arcadia%20Phu%20Quoc%20Resort.1&contexts=%7B%22inventoryRateKey%22%3A%22povEwB3ZzsU2C6pd%2B6MdUw6p4Oi4t9ianyz%2Fk%2Fcwm21M0tKsNUio4Rxug1zOzHJilcvZa8YdqqIySdppe7dolTIewZlxfjiOGz6oXLTucMvN0%2BgQ3yZPvZcoHwUFNN%2BZpcr%2F%2FNa8o9ElfN8zOYhzzZeg0X586laFpeUViPi9rxAXgtn2bKwejvBBZO%2BZAFZhmhLDdV0WLeT%2FFKfQ0QL8LH02Dvlx%2F8PjYogEE5yzx6g6yOKyKeIDf7jO3GM45O1o1hmSkmz3HiZNSbS8gXb3CDW9nmlhkqLKa4lLkAkZpAG5JCAR4KEzOF9HzUvNfgOnqr5Ov2QSm2AvCfOdBe9Oy%2Fvnzag3zLIuKsio2qc%2FE%2BKC0I%2B4MpT6AtjonGvWhSFYeOjRTl6ytxGba%2F42pjcyyVc4KxuembJV6Yiv2h%2FCVOHi42A4Bx%2BAVZlB2OJQoCeizHaEIke4gLKBu993M9y78%2FmzREQ0KgV1vvYuRfaKd1eNmO0SRV1ogUSH81Kgs05B6IoMhVKT4w7TwrTxbp%2FQ2iMn1qdaM1viWqCGwU1siX1ZIegdsZIo1sjlWnbsTcjefS6Pj3RtIU6lROCEB6QAgiS1WJabPNVEO7waQAXksTDyQHUY2wqyAfRzb44KOjG0poBVHSJ1fq5iJGt%2Fs2ROyG2r1yuKaZ4GSAmh5BaCjz8%3D%22%7D&prevSearchId=1765686709859674781&loginPromo=1
1166,"View khách sạn đẹp, thích hợp nghỉ dưỡng, thư giãn. Nhân viên thân thiện. Nhà hàng cần cải thiện thêm về độ phong phú và chất lượng của món ăn.",Arcadia Phu Quoc Resort,https://www.traveloka.com/en-vn/hotel/detail?spec=13-05-2023.14-05-2023.1.1.HOTEL.1000000425916.Arcadia%20Phu%20Quoc%20Resort.1&contexts=%7B%22inventoryRateKey%22%3A%22povEwB3ZzsU2C6pd%2B6MdUw6p4Oi4t9ianyz%2Fk%2Fcwm21M0tKsNUio4Rxug1zOzHJilcvZa8YdqqIySdppe7dolTIewZlxfjiOGz6oXLTucMvN0%2BgQ3yZPvZcoHwUFNN%2BZpcr%2F%2FNa8o9ElfN8zOYhzzZeg0X586laFpeUViPi9rxAXgtn2bKwejvBBZO%2BZAFZhmhLDdV0WLeT%2FFKfQ0QL8LH02Dvlx%2F8PjYogEE5yzx6g6yOKyKeIDf7jO3GM45O1o1hmSkmz3HiZNSbS8gXb3CDW9nmlhkqLKa4lLkAkZpAG5JCAR4KEzOF9HzUvNfgOnqr5Ov2QSm2AvCfOdBe9Oy%2Fvnzag3zLIuKsio2qc%2FE%2BKC0I%2B4MpT6AtjonGvWhSFYeOjRTl6ytxGba%2F42pjcyyVc4KxuembJV6Yiv2h%2FCVOHi42A4Bx%2BAVZlB2OJQoCeizHaEIke4gLKBu993M9y78%2FmzREQ0KgV1vvYuRfaKd1eNmO0SRV1ogUSH81Kgs05B6IoMhVKT4w7TwrTxbp%2FQ2iMn1qdaM1viWqCGwU1siX1ZIegdsZIo1sjlWnbsTcjefS6Pj3RtIU6lROCEB6QAgiS1WJabPNVEO7waQAXksTDyQHUY2wqyAfRzb44KOjG0poBVHSJ1fq5iJGt%2Fs2ROyG2r1yuKaZ4GSAmh5BaCjz8%3D%22%7D&prevSearchId=1765686709859674781&loginPromo=1
1167,"Khách ở vị trí cạnh biển đẹp, phòng ốc sạch sẽ, nhân viên chưa nhiệt tình rất thiếu chuyên nghiệp, ăn sáng không ngon miệng.",Arcadia Phu Quoc Resort,https://www.traveloka.com/en-vn/hotel/detail?spec=13-05-2023.14-05-2023.1.1.HOTEL.1000000425916.Arcadia%20Phu%20Quoc%20Resort.1&contexts=%7B%22inventoryRateKey%22%3A%22povEwB3ZzsU2C6pd%2B6MdUw6p4Oi4t9ianyz%2Fk%2Fcwm21M0tKsNUio4Rxug1zOzHJilcvZa8YdqqIySdppe7dolTIewZlxfjiOGz6oXLTucMvN0%2BgQ3yZPvZcoHwUFNN%2BZpcr%2F%2FNa8o9ElfN8zOYhzzZeg0X586laFpeUViPi9rxAXgtn2bKwejvBBZO%2BZAFZhmhLDdV0WLeT%2FFKfQ0QL8LH02Dvlx%2F8PjYogEE5yzx6g6yOKyKeIDf7jO3GM45O1o1hmSkmz3HiZNSbS8gXb3CDW9nmlhkqLKa4lLkAkZpAG5JCAR4KEzOF9HzUvNfgOnqr5Ov2QSm2AvCfOdBe9Oy%2Fvnzag3zLIuKsio2qc%2FE%2BKC0I%2B4MpT6AtjonGvWhSFYeOjRTl6ytxGba%2F42pjcyyVc4KxuembJV6Yiv2h%2FCVOHi42A4Bx%2BAVZlB2OJQoCeizHaEIke4gLKBu993M9y78%2FmzREQ0KgV1vvYuRfaKd1eNmO0SRV1ogUSH81Kgs05B6IoMhVKT4w7TwrTxbp%2FQ2iMn1qdaM1viWqCGwU1siX1ZIegdsZIo1sjlWnbsTcjefS6Pj3RtIU6lROCEB6QAgiS1WJabPNVEO7waQAXksTDyQHUY2wqyAfRzb44KOjG0poBVHSJ1fq5iJGt%2Fs2ROyG2r1yuKaZ4GSAmh5BaCjz8%3D%22%7D&prevSearchId=1765686709859674781&loginPromo=1
1168,"Khách sạn khá lãng mạn, bờ biển đẹp. Tuy nhiên đã khá cũ và đường vào khó khăn",Arcadia Phu Quoc Resort,https://www.traveloka.com/en-vn/hotel/detail?spec=13-05-2023.14-05-2023.1.1.HOTEL.1000000425916.Arcadia%20Phu%20Quoc%20Resort.1&contexts=%7B%22inventoryRateKey%22%3A%22povEwB3ZzsU2C6pd%2B6MdUw6p4Oi4t9ianyz%2Fk%2Fcwm21M0tKsNUio4Rxug1zOzHJilcvZa8YdqqIySdppe7dolTIewZlxfjiOGz6oXLTucMvN0%2BgQ3yZPvZcoHwUFNN%2BZpcr%2F%2FNa8o9ElfN8zOYhzzZeg0X586laFpeUViPi9rxAXgtn2bKwejvBBZO%2BZAFZhmhLDdV0WLeT%2FFKfQ0QL8LH02Dvlx%2F8PjYogEE5yzx6g6yOKyKeIDf7jO3GM45O1o1hmSkmz3HiZNSbS8gXb3CDW9nmlhkqLKa4lLkAkZpAG5JCAR4KEzOF9HzUvNfgOnqr5Ov2QSm2AvCfOdBe9Oy%2Fvnzag3zLIuKsio2qc%2FE%2BKC0I%2B4MpT6AtjonGvWhSFYeOjRTl6ytxGba%2F42pjcyyVc4KxuembJV6Yiv2h%2FCVOHi42A4Bx%2BAVZlB2OJQoCeizHaEIke4gLKBu993M9y78%2FmzREQ0KgV1vvYuRfaKd1eNmO0SRV1ogUSH81Kgs05B6IoMhVKT4w7TwrTxbp%2FQ2iMn1qdaM1viWqCGwU1siX1ZIegdsZIo1sjlWnbsTcjefS6Pj3RtIU6lROCEB6QAgiS1WJabPNVEO7waQAXksTDyQHUY2wqyAfRzb44KOjG0poBVHSJ1fq5iJGt%2Fs2ROyG2r1yuKaZ4GSAmh5BaCjz8%3D%22%7D&prevSearchId=1765686709859674781&loginPromo=1
1169,"Khi tới check in khách sạn lúc hơn 2h, tiếp tân báo chưa có phòng và đề nghị khách hàng bỏ thêm tiền để upgrade phòng.",Arcadia Phu Quoc Resort,https://www.traveloka.com/en-vn/hotel/detail?spec=13-05-2023.14-05-2023.1.1.HOTEL.1000000425916.Arcadia%20Phu%20Quoc%20Resort.1&contexts=%7B%22inventoryRateKey%22%3A%22povEwB3ZzsU2C6pd%2B6MdUw6p4Oi4t9ianyz%2Fk%2Fcwm21M0tKsNUio4Rxug1zOzHJilcvZa8YdqqIySdppe7dolTIewZlxfjiOGz6oXLTucMvN0%2BgQ3yZPvZcoHwUFNN%2BZpcr%2F%2FNa8o9ElfN8zOYhzzZeg0X586laFpeUViPi9rxAXgtn2bKwejvBBZO%2BZAFZhmhLDdV0WLeT%2FFKfQ0QL8LH02Dvlx%2F8PjYogEE5yzx6g6yOKyKeIDf7jO3GM45O1o1hmSkmz3HiZNSbS8gXb3CDW9nmlhkqLKa4lLkAkZpAG5JCAR4KEzOF9HzUvNfgOnqr5Ov2QSm2AvCfOdBe9Oy%2Fvnzag3zLIuKsio2qc%2FE%2BKC0I%2B4MpT6AtjonGvWhSFYeOjRTl6ytxGba%2F42pjcyyVc4KxuembJV6Yiv2h%2FCVOHi42A4Bx%2BAVZlB2OJQoCeizHaEIke4gLKBu993M9y78%2FmzREQ0KgV1vvYuRfaKd1eNmO0SRV1ogUSH81Kgs05B6IoMhVKT4w7TwrTxbp%2FQ2iMn1qdaM1viWqCGwU1siX1ZIegdsZIo1sjlWnbsTcjefS6Pj3RtIU6lROCEB6QAgiS1WJabPNVEO7waQAXksTDyQHUY2wqyAfRzb44KOjG0poBVHSJ1fq5iJGt%2Fs2ROyG2r1yuKaZ4GSAmh5BaCjz8%3D%22%7D&prevSearchId=1765686709859674781&loginPromo=1
1170,"rất ưng phong cách phục vụ, khuôn viên đẹp, sạch sẽ...",Arcadia Phu Quoc Resort,https://www.traveloka.com/en-vn/hotel/detail?spec=13-05-2023.14-05-2023.1.1.HOTEL.1000000425916.Arcadia%20Phu%20Quoc%20Resort.1&contexts=%7B%22inventoryRateKey%22%3A%22povEwB3ZzsU2C6pd%2B6MdUw6p4Oi4t9ianyz%2Fk%2Fcwm21M0tKsNUio4Rxug1zOzHJilcvZa8YdqqIySdppe7dolTIewZlxfjiOGz6oXLTucMvN0%2BgQ3yZPvZcoHwUFNN%2BZpcr%2F%2FNa8o9ElfN8zOYhzzZeg0X586laFpeUViPi9rxAXgtn2bKwejvBBZO%2BZAFZhmhLDdV0WLeT%2FFKfQ0QL8LH02Dvlx%2F8PjYogEE5yzx6g6yOKyKeIDf7jO3GM45O1o1hmSkmz3HiZNSbS8gXb3CDW9nmlhkqLKa4lLkAkZpAG5JCAR4KEzOF9HzUvNfgOnqr5Ov2QSm2AvCfOdBe9Oy%2Fvnzag3zLIuKsio2qc%2FE%2BKC0I%2B4MpT6AtjonGvWhSFYeOjRTl6ytxGba%2F42pjcyyVc4KxuembJV6Yiv2h%2FCVOHi42A4Bx%2BAVZlB2OJQoCeizHaEIke4gLKBu993M9y78%2FmzREQ0KgV1vvYuRfaKd1eNmO0SRV1ogUSH81Kgs05B6IoMhVKT4w7TwrTxbp%2FQ2iMn1qdaM1viWqCGwU1siX1ZIegdsZIo1sjlWnbsTcjefS6Pj3RtIU6lROCEB6QAgiS1WJabPNVEO7waQAXksTDyQHUY2wqyAfRzb44KOjG0poBVHSJ1fq5iJGt%2Fs2ROyG2r1yuKaZ4GSAmh5BaCjz8%3D%22%7D&prevSearchId=1765686709859674781&loginPromo=1
1171,"Khuôn viên đẹp, sát bờ biển, tuy nhiên resort cũng đã cũ nhug ko đc bảo dưỡng và quản lý sát sao. Nước nóng không đủ dùng. Giá đồ ăn khá đắt tại resort.",Arcadia Phu Quoc Resort,https://www.traveloka.com/en-vn/hotel/detail?spec=13-05-2023.14-05-2023.1.1.HOTEL.1000000425916.Arcadia%20Phu%20Quoc%20Resort.1&contexts=%7B%22inventoryRateKey%22%3A%22povEwB3ZzsU2C6pd%2B6MdUw6p4Oi4t9ianyz%2Fk%2Fcwm21M0tKsNUio4Rxug1zOzHJilcvZa8YdqqIySdppe7dolTIewZlxfjiOGz6oXLTucMvN0%2BgQ3yZPvZcoHwUFNN%2BZpcr%2F%2FNa8o9ElfN8zOYhzzZeg0X586laFpeUViPi9rxAXgtn2bKwejvBBZO%2BZAFZhmhLDdV0WLeT%2FFKfQ0QL8LH02Dvlx%2F8PjYogEE5yzx6g6yOKyKeIDf7jO3GM45O1o1hmSkmz3HiZNSbS8gXb3CDW9nmlhkqLKa4lLkAkZpAG5JCAR4KEzOF9HzUvNfgOnqr5Ov2QSm2AvCfOdBe9Oy%2Fvnzag3zLIuKsio2qc%2FE%2BKC0I%2B4MpT6AtjonGvWhSFYeOjRTl6ytxGba%2F42pjcyyVc4KxuembJV6Yiv2h%2FCVOHi42A4Bx%2BAVZlB2OJQoCeizHaEIke4gLKBu993M9y78%2FmzREQ0KgV1vvYuRfaKd1eNmO0SRV1ogUSH81Kgs05B6IoMhVKT4w7TwrTxbp%2FQ2iMn1qdaM1viWqCGwU1siX1ZIegdsZIo1sjlWnbsTcjefS6Pj3RtIU6lROCEB6QAgiS1WJabPNVEO7waQAXksTDyQHUY2wqyAfRzb44KOjG0poBVHSJ1fq5iJGt%2Fs2ROyG2r1yuKaZ4GSAmh5BaCjz8%3D%22%7D&prevSearchId=1765686709859674781&loginPromo=1
1172,"Khách sạn sạch sẽ, phòng rất xinh,vị trí khá gần trung tâm, có bãi biển riêng. Tuy nhiên wifi kém và thức ăn sáng không phong phú. Ở 3 ngày nhưng không thấy món ăn mới",Arcadia Phu Quoc Resort,https://www.traveloka.com/en-vn/hotel/detail?spec=13-05-2023.14-05-2023.1.1.HOTEL.1000000425916.Arcadia%20Phu%20Quoc%20Resort.1&contexts=%7B%22inventoryRateKey%22%3A%22povEwB3ZzsU2C6pd%2B6MdUw6p4Oi4t9ianyz%2Fk%2Fcwm21M0tKsNUio4Rxug1zOzHJilcvZa8YdqqIySdppe7dolTIewZlxfjiOGz6oXLTucMvN0%2BgQ3yZPvZcoHwUFNN%2BZpcr%2F%2FNa8o9ElfN8zOYhzzZeg0X586laFpeUViPi9rxAXgtn2bKwejvBBZO%2BZAFZhmhLDdV0WLeT%2FFKfQ0QL8LH02Dvlx%2F8PjYogEE5yzx6g6yOKyKeIDf7jO3GM45O1o1hmSkmz3HiZNSbS8gXb3CDW9nmlhkqLKa4lLkAkZpAG5JCAR4KEzOF9HzUvNfgOnqr5Ov2QSm2AvCfOdBe9Oy%2Fvnzag3zLIuKsio2qc%2FE%2BKC0I%2B4MpT6AtjonGvWhSFYeOjRTl6ytxGba%2F42pjcyyVc4KxuembJV6Yiv2h%2FCVOHi42A4Bx%2BAVZlB2OJQoCeizHaEIke4gLKBu993M9y78%2FmzREQ0KgV1vvYuRfaKd1eNmO0SRV1ogUSH81Kgs05B6IoMhVKT4w7TwrTxbp%2FQ2iMn1qdaM1viWqCGwU1siX1ZIegdsZIo1sjlWnbsTcjefS6Pj3RtIU6lROCEB6QAgiS1WJabPNVEO7waQAXksTDyQHUY2wqyAfRzb44KOjG0poBVHSJ1fq5iJGt%2Fs2ROyG2r1yuKaZ4GSAmh5BaCjz8%3D%22%7D&prevSearchId=1765686709859674781&loginPromo=1
1173,"Khách sạn đẹp, buffet sáng rất ngon.",Arcadia Phu Quoc Resort,https://www.traveloka.com/en-vn/hotel/detail?spec=13-05-2023.14-05-2023.1.1.HOTEL.1000000425916.Arcadia%20Phu%20Quoc%20Resort.1&contexts=%7B%22inventoryRateKey%22%3A%22povEwB3ZzsU2C6pd%2B6MdUw6p4Oi4t9ianyz%2Fk%2Fcwm21M0tKsNUio4Rxug1zOzHJilcvZa8YdqqIySdppe7dolTIewZlxfjiOGz6oXLTucMvN0%2BgQ3yZPvZcoHwUFNN%2BZpcr%2F%2FNa8o9ElfN8zOYhzzZeg0X586laFpeUViPi9rxAXgtn2bKwejvBBZO%2BZAFZhmhLDdV0WLeT%2FFKfQ0QL8LH02Dvlx%2F8PjYogEE5yzx6g6yOKyKeIDf7jO3GM45O1o1hmSkmz3HiZNSbS8gXb3CDW9nmlhkqLKa4lLkAkZpAG5JCAR4KEzOF9HzUvNfgOnqr5Ov2QSm2AvCfOdBe9Oy%2Fvnzag3zLIuKsio2qc%2FE%2BKC0I%2B4MpT6AtjonGvWhSFYeOjRTl6ytxGba%2F42pjcyyVc4KxuembJV6Yiv2h%2FCVOHi42A4Bx%2BAVZlB2OJQoCeizHaEIke4gLKBu993M9y78%2FmzREQ0KgV1vvYuRfaKd1eNmO0SRV1ogUSH81Kgs05B6IoMhVKT4w7TwrTxbp%2FQ2iMn1qdaM1viWqCGwU1siX1ZIegdsZIo1sjlWnbsTcjefS6Pj3RtIU6lROCEB6QAgiS1WJabPNVEO7waQAXksTDyQHUY2wqyAfRzb44KOjG0poBVHSJ1fq5iJGt%2Fs2ROyG2r1yuKaZ4GSAmh5BaCjz8%3D%22%7D&prevSearchId=1765686709859674781&loginPromo=1
1174,"Arcadia có vị trí tuyệt đẹp nằm sát bên bãi biển, phòng view biển, đẹp và tiện nghi, thái độ nhan viên nhiệt tình.",Arcadia Phu Quoc Resort,https://www.traveloka.com/en-vn/hotel/detail?spec=13-05-2023.14-05-2023.1.1.HOTEL.1000000425916.Arcadia%20Phu%20Quoc%20Resort.1&contexts=%7B%22inventoryRateKey%22%3A%22povEwB3ZzsU2C6pd%2B6MdUw6p4Oi4t9ianyz%2Fk%2Fcwm21M0tKsNUio4Rxug1zOzHJilcvZa8YdqqIySdppe7dolTIewZlxfjiOGz6oXLTucMvN0%2BgQ3yZPvZcoHwUFNN%2BZpcr%2F%2FNa8o9ElfN8zOYhzzZeg0X586laFpeUViPi9rxAXgtn2bKwejvBBZO%2BZAFZhmhLDdV0WLeT%2FFKfQ0QL8LH02Dvlx%2F8PjYogEE5yzx6g6yOKyKeIDf7jO3GM45O1o1hmSkmz3HiZNSbS8gXb3CDW9nmlhkqLKa4lLkAkZpAG5JCAR4KEzOF9HzUvNfgOnqr5Ov2QSm2AvCfOdBe9Oy%2Fvnzag3zLIuKsio2qc%2FE%2BKC0I%2B4MpT6AtjonGvWhSFYeOjRTl6ytxGba%2F42pjcyyVc4KxuembJV6Yiv2h%2FCVOHi42A4Bx%2BAVZlB2OJQoCeizHaEIke4gLKBu993M9y78%2FmzREQ0KgV1vvYuRfaKd1eNmO0SRV1ogUSH81Kgs05B6IoMhVKT4w7TwrTxbp%2FQ2iMn1qdaM1viWqCGwU1siX1ZIegdsZIo1sjlWnbsTcjefS6Pj3RtIU6lROCEB6QAgiS1WJabPNVEO7waQAXksTDyQHUY2wqyAfRzb44KOjG0poBVHSJ1fq5iJGt%2Fs2ROyG2r1yuKaZ4GSAmh5BaCjz8%3D%22%7D&prevSearchId=1765686709859674781&loginPromo=1
1175,"Gia đình tôi đã có 1 kỳ nghỉ tuyệt vời. Resort rất sạch, đẹp, nhân viên thân thiện.",Arcadia Phu Quoc Resort,https://www.traveloka.com/en-vn/hotel/detail?spec=13-05-2023.14-05-2023.1.1.HOTEL.1000000425916.Arcadia%20Phu%20Quoc%20Resort.1&contexts=%7B%22inventoryRateKey%22%3A%22povEwB3ZzsU2C6pd%2B6MdUw6p4Oi4t9ianyz%2Fk%2Fcwm21M0tKsNUio4Rxug1zOzHJilcvZa8YdqqIySdppe7dolTIewZlxfjiOGz6oXLTucMvN0%2BgQ3yZPvZcoHwUFNN%2BZpcr%2F%2FNa8o9ElfN8zOYhzzZeg0X586laFpeUViPi9rxAXgtn2bKwejvBBZO%2BZAFZhmhLDdV0WLeT%2FFKfQ0QL8LH02Dvlx%2F8PjYogEE5yzx6g6yOKyKeIDf7jO3GM45O1o1hmSkmz3HiZNSbS8gXb3CDW9nmlhkqLKa4lLkAkZpAG5JCAR4KEzOF9HzUvNfgOnqr5Ov2QSm2AvCfOdBe9Oy%2Fvnzag3zLIuKsio2qc%2FE%2BKC0I%2B4MpT6AtjonGvWhSFYeOjRTl6ytxGba%2F42pjcyyVc4KxuembJV6Yiv2h%2FCVOHi42A4Bx%2BAVZlB2OJQoCeizHaEIke4gLKBu993M9y78%2FmzREQ0KgV1vvYuRfaKd1eNmO0SRV1ogUSH81Kgs05B6IoMhVKT4w7TwrTxbp%2FQ2iMn1qdaM1viWqCGwU1siX1ZIegdsZIo1sjlWnbsTcjefS6Pj3RtIU6lROCEB6QAgiS1WJabPNVEO7waQAXksTDyQHUY2wqyAfRzb44KOjG0poBVHSJ1fq5iJGt%2Fs2ROyG2r1yuKaZ4GSAmh5BaCjz8%3D%22%7D&prevSearchId=1765686709859674781&loginPromo=1
1176,Gia đình tôi đã có một kỳ nghỉ rất tuyệt tại đây!,Arcadia Phu Quoc Resort,https://www.traveloka.com/en-vn/hotel/detail?spec=13-05-2023.14-05-2023.1.1.HOTEL.1000000425916.Arcadia%20Phu%20Quoc%20Resort.1&contexts=%7B%22inventoryRateKey%22%3A%22povEwB3ZzsU2C6pd%2B6MdUw6p4Oi4t9ianyz%2Fk%2Fcwm21M0tKsNUio4Rxug1zOzHJilcvZa8YdqqIySdppe7dolTIewZlxfjiOGz6oXLTucMvN0%2BgQ3yZPvZcoHwUFNN%2BZpcr%2F%2FNa8o9ElfN8zOYhzzZeg0X586laFpeUViPi9rxAXgtn2bKwejvBBZO%2BZAFZhmhLDdV0WLeT%2FFKfQ0QL8LH02Dvlx%2F8PjYogEE5yzx6g6yOKyKeIDf7jO3GM45O1o1hmSkmz3HiZNSbS8gXb3CDW9nmlhkqLKa4lLkAkZpAG5JCAR4KEzOF9HzUvNfgOnqr5Ov2QSm2AvCfOdBe9Oy%2Fvnzag3zLIuKsio2qc%2FE%2BKC0I%2B4MpT6AtjonGvWhSFYeOjRTl6ytxGba%2F42pjcyyVc4KxuembJV6Yiv2h%2FCVOHi42A4Bx%2BAVZlB2OJQoCeizHaEIke4gLKBu993M9y78%2FmzREQ0KgV1vvYuRfaKd1eNmO0SRV1ogUSH81Kgs05B6IoMhVKT4w7TwrTxbp%2FQ2iMn1qdaM1viWqCGwU1siX1ZIegdsZIo1sjlWnbsTcjefS6Pj3RtIU6lROCEB6QAgiS1WJabPNVEO7waQAXksTDyQHUY2wqyAfRzb44KOjG0poBVHSJ1fq5iJGt%2Fs2ROyG2r1yuKaZ4GSAmh5BaCjz8%3D%22%7D&prevSearchId=1765686709859674781&loginPromo=1
1177,"khách sạn có biển đẹp, khung cảnh sân vườn mát mẻ, dễ chịu. đồ ăn sáng ngon và đa dạng. nhưng đường vào khách sạn hơi khó tìm vì sâu trong hẻm.",Arcadia Phu Quoc Resort,https://www.traveloka.com/en-vn/hotel/detail?spec=13-05-2023.14-05-2023.1.1.HOTEL.1000000425916.Arcadia%20Phu%20Quoc%20Resort.1&contexts=%7B%22inventoryRateKey%22%3A%22povEwB3ZzsU2C6pd%2B6MdUw6p4Oi4t9ianyz%2Fk%2Fcwm21M0tKsNUio4Rxug1zOzHJilcvZa8YdqqIySdppe7dolTIewZlxfjiOGz6oXLTucMvN0%2BgQ3yZPvZcoHwUFNN%2BZpcr%2F%2FNa8o9ElfN8zOYhzzZeg0X586laFpeUViPi9rxAXgtn2bKwejvBBZO%2BZAFZhmhLDdV0WLeT%2FFKfQ0QL8LH02Dvlx%2F8PjYogEE5yzx6g6yOKyKeIDf7jO3GM45O1o1hmSkmz3HiZNSbS8gXb3CDW9nmlhkqLKa4lLkAkZpAG5JCAR4KEzOF9HzUvNfgOnqr5Ov2QSm2AvCfOdBe9Oy%2Fvnzag3zLIuKsio2qc%2FE%2BKC0I%2B4MpT6AtjonGvWhSFYeOjRTl6ytxGba%2F42pjcyyVc4KxuembJV6Yiv2h%2FCVOHi42A4Bx%2BAVZlB2OJQoCeizHaEIke4gLKBu993M9y78%2FmzREQ0KgV1vvYuRfaKd1eNmO0SRV1ogUSH81Kgs05B6IoMhVKT4w7TwrTxbp%2FQ2iMn1qdaM1viWqCGwU1siX1ZIegdsZIo1sjlWnbsTcjefS6Pj3RtIU6lROCEB6QAgiS1WJabPNVEO7waQAXksTDyQHUY2wqyAfRzb44KOjG0poBVHSJ1fq5iJGt%2Fs2ROyG2r1yuKaZ4GSAmh5BaCjz8%3D%22%7D&prevSearchId=1765686709859674781&loginPromo=1
1178,"Vị trí tốt tuy nhiên đường vào còn nhỏ, taxi vào cũng đến được khách sạn. Có một điểm mình đánh giá ko tốt cho khách sạn này là khâu nhà hàng bếp ăn ở đây nấu ăn chưa ngon.",Arcadia Phu Quoc Resort,https://www.traveloka.com/en-vn/hotel/detail?spec=13-05-2023.14-05-2023.1.1.HOTEL.1000000425916.Arcadia%20Phu%20Quoc%20Resort.1&contexts=%7B%22inventoryRateKey%22%3A%22povEwB3ZzsU2C6pd%2B6MdUw6p4Oi4t9ianyz%2Fk%2Fcwm21M0tKsNUio4Rxug1zOzHJilcvZa8YdqqIySdppe7dolTIewZlxfjiOGz6oXLTucMvN0%2BgQ3yZPvZcoHwUFNN%2BZpcr%2F%2FNa8o9ElfN8zOYhzzZeg0X586laFpeUViPi9rxAXgtn2bKwejvBBZO%2BZAFZhmhLDdV0WLeT%2FFKfQ0QL8LH02Dvlx%2F8PjYogEE5yzx6g6yOKyKeIDf7jO3GM45O1o1hmSkmz3HiZNSbS8gXb3CDW9nmlhkqLKa4lLkAkZpAG5JCAR4KEzOF9HzUvNfgOnqr5Ov2QSm2AvCfOdBe9Oy%2Fvnzag3zLIuKsio2qc%2FE%2BKC0I%2B4MpT6AtjonGvWhSFYeOjRTl6ytxGba%2F42pjcyyVc4KxuembJV6Yiv2h%2FCVOHi42A4Bx%2BAVZlB2OJQoCeizHaEIke4gLKBu993M9y78%2FmzREQ0KgV1vvYuRfaKd1eNmO0SRV1ogUSH81Kgs05B6IoMhVKT4w7TwrTxbp%2FQ2iMn1qdaM1viWqCGwU1siX1ZIegdsZIo1sjlWnbsTcjefS6Pj3RtIU6lROCEB6QAgiS1WJabPNVEO7waQAXksTDyQHUY2wqyAfRzb44KOjG0poBVHSJ1fq5iJGt%2Fs2ROyG2r1yuKaZ4GSAmh5BaCjz8%3D%22%7D&prevSearchId=1765686709859674781&loginPromo=1
1179,"rất hài lòng về dịch vụ, phòng, lễ tân của resort. Bãi biển đẹp.",Arcadia Phu Quoc Resort,https://www.traveloka.com/en-vn/hotel/detail?spec=13-05-2023.14-05-2023.1.1.HOTEL.1000000425916.Arcadia%20Phu%20Quoc%20Resort.1&contexts=%7B%22inventoryRateKey%22%3A%22povEwB3ZzsU2C6pd%2B6MdUw6p4Oi4t9ianyz%2Fk%2Fcwm21M0tKsNUio4Rxug1zOzHJilcvZa8YdqqIySdppe7dolTIewZlxfjiOGz6oXLTucMvN0%2BgQ3yZPvZcoHwUFNN%2BZpcr%2F%2FNa8o9ElfN8zOYhzzZeg0X586laFpeUViPi9rxAXgtn2bKwejvBBZO%2BZAFZhmhLDdV0WLeT%2FFKfQ0QL8LH02Dvlx%2F8PjYogEE5yzx6g6yOKyKeIDf7jO3GM45O1o1hmSkmz3HiZNSbS8gXb3CDW9nmlhkqLKa4lLkAkZpAG5JCAR4KEzOF9HzUvNfgOnqr5Ov2QSm2AvCfOdBe9Oy%2Fvnzag3zLIuKsio2qc%2FE%2BKC0I%2B4MpT6AtjonGvWhSFYeOjRTl6ytxGba%2F42pjcyyVc4KxuembJV6Yiv2h%2FCVOHi42A4Bx%2BAVZlB2OJQoCeizHaEIke4gLKBu993M9y78%2FmzREQ0KgV1vvYuRfaKd1eNmO0SRV1ogUSH81Kgs05B6IoMhVKT4w7TwrTxbp%2FQ2iMn1qdaM1viWqCGwU1siX1ZIegdsZIo1sjlWnbsTcjefS6Pj3RtIU6lROCEB6QAgiS1WJabPNVEO7waQAXksTDyQHUY2wqyAfRzb44KOjG0poBVHSJ1fq5iJGt%2Fs2ROyG2r1yuKaZ4GSAmh5BaCjz8%3D%22%7D&prevSearchId=1765686709859674781&loginPromo=1
1180,"Khách sạn đẹp, có bãi biển riêng rất tiện, ko phải đi xa. Buffet sáng khá ngon. Sẽ quay lại lần sau",Arcadia Phu Quoc Resort,https://www.traveloka.com/en-vn/hotel/detail?spec=13-05-2023.14-05-2023.1.1.HOTEL.1000000425916.Arcadia%20Phu%20Quoc%20Resort.1&contexts=%7B%22inventoryRateKey%22%3A%22povEwB3ZzsU2C6pd%2B6MdUw6p4Oi4t9ianyz%2Fk%2Fcwm21M0tKsNUio4Rxug1zOzHJilcvZa8YdqqIySdppe7dolTIewZlxfjiOGz6oXLTucMvN0%2BgQ3yZPvZcoHwUFNN%2BZpcr%2F%2FNa8o9ElfN8zOYhzzZeg0X586laFpeUViPi9rxAXgtn2bKwejvBBZO%2BZAFZhmhLDdV0WLeT%2FFKfQ0QL8LH02Dvlx%2F8PjYogEE5yzx6g6yOKyKeIDf7jO3GM45O1o1hmSkmz3HiZNSbS8gXb3CDW9nmlhkqLKa4lLkAkZpAG5JCAR4KEzOF9HzUvNfgOnqr5Ov2QSm2AvCfOdBe9Oy%2Fvnzag3zLIuKsio2qc%2FE%2BKC0I%2B4MpT6AtjonGvWhSFYeOjRTl6ytxGba%2F42pjcyyVc4KxuembJV6Yiv2h%2FCVOHi42A4Bx%2BAVZlB2OJQoCeizHaEIke4gLKBu993M9y78%2FmzREQ0KgV1vvYuRfaKd1eNmO0SRV1ogUSH81Kgs05B6IoMhVKT4w7TwrTxbp%2FQ2iMn1qdaM1viWqCGwU1siX1ZIegdsZIo1sjlWnbsTcjefS6Pj3RtIU6lROCEB6QAgiS1WJabPNVEO7waQAXksTDyQHUY2wqyAfRzb44KOjG0poBVHSJ1fq5iJGt%2Fs2ROyG2r1yuKaZ4GSAmh5BaCjz8%3D%22%7D&prevSearchId=1765686709859674781&loginPromo=1
1181,Vị trí hơi xa trung tâm còn lại mọi thứ đều OK,Arcadia Phu Quoc Resort,https://www.traveloka.com/en-vn/hotel/detail?spec=13-05-2023.14-05-2023.1.1.HOTEL.1000000425916.Arcadia%20Phu%20Quoc%20Resort.1&contexts=%7B%22inventoryRateKey%22%3A%22povEwB3ZzsU2C6pd%2B6MdUw6p4Oi4t9ianyz%2Fk%2Fcwm21M0tKsNUio4Rxug1zOzHJilcvZa8YdqqIySdppe7dolTIewZlxfjiOGz6oXLTucMvN0%2BgQ3yZPvZcoHwUFNN%2BZpcr%2F%2FNa8o9ElfN8zOYhzzZeg0X586laFpeUViPi9rxAXgtn2bKwejvBBZO%2BZAFZhmhLDdV0WLeT%2FFKfQ0QL8LH02Dvlx%2F8PjYogEE5yzx6g6yOKyKeIDf7jO3GM45O1o1hmSkmz3HiZNSbS8gXb3CDW9nmlhkqLKa4lLkAkZpAG5JCAR4KEzOF9HzUvNfgOnqr5Ov2QSm2AvCfOdBe9Oy%2Fvnzag3zLIuKsio2qc%2FE%2BKC0I%2B4MpT6AtjonGvWhSFYeOjRTl6ytxGba%2F42pjcyyVc4KxuembJV6Yiv2h%2FCVOHi42A4Bx%2BAVZlB2OJQoCeizHaEIke4gLKBu993M9y78%2FmzREQ0KgV1vvYuRfaKd1eNmO0SRV1ogUSH81Kgs05B6IoMhVKT4w7TwrTxbp%2FQ2iMn1qdaM1viWqCGwU1siX1ZIegdsZIo1sjlWnbsTcjefS6Pj3RtIU6lROCEB6QAgiS1WJabPNVEO7waQAXksTDyQHUY2wqyAfRzb44KOjG0poBVHSJ1fq5iJGt%2Fs2ROyG2r1yuKaZ4GSAmh5BaCjz8%3D%22%7D&prevSearchId=1765686709859674781&loginPromo=1
1182,"Vi tri khach san dep, thoai mai, hai long ve khach san nay.",Arcadia Phu Quoc Resort,https://www.traveloka.com/en-vn/hotel/detail?spec=13-05-2023.14-05-2023.1.1.HOTEL.1000000425916.Arcadia%20Phu%20Quoc%20Resort.1&contexts=%7B%22inventoryRateKey%22%3A%22povEwB3ZzsU2C6pd%2B6MdUw6p4Oi4t9ianyz%2Fk%2Fcwm21M0tKsNUio4Rxug1zOzHJilcvZa8YdqqIySdppe7dolTIewZlxfjiOGz6oXLTucMvN0%2BgQ3yZPvZcoHwUFNN%2BZpcr%2F%2FNa8o9ElfN8zOYhzzZeg0X586laFpeUViPi9rxAXgtn2bKwejvBBZO%2BZAFZhmhLDdV0WLeT%2FFKfQ0QL8LH02Dvlx%2F8PjYogEE5yzx6g6yOKyKeIDf7jO3GM45O1o1hmSkmz3HiZNSbS8gXb3CDW9nmlhkqLKa4lLkAkZpAG5JCAR4KEzOF9HzUvNfgOnqr5Ov2QSm2AvCfOdBe9Oy%2Fvnzag3zLIuKsio2qc%2FE%2BKC0I%2B4MpT6AtjonGvWhSFYeOjRTl6ytxGba%2F42pjcyyVc4KxuembJV6Yiv2h%2FCVOHi42A4Bx%2BAVZlB2OJQoCeizHaEIke4gLKBu993M9y78%2FmzREQ0KgV1vvYuRfaKd1eNmO0SRV1ogUSH81Kgs05B6IoMhVKT4w7TwrTxbp%2FQ2iMn1qdaM1viWqCGwU1siX1ZIegdsZIo1sjlWnbsTcjefS6Pj3RtIU6lROCEB6QAgiS1WJabPNVEO7waQAXksTDyQHUY2wqyAfRzb44KOjG0poBVHSJ1fq5iJGt%2Fs2ROyG2r1yuKaZ4GSAmh5BaCjz8%3D%22%7D&prevSearchId=1765686709859674781&loginPromo=1
1183,"Mot chuyen di thu vi va hai long ve dich vu, gia ca cua khach san.",Arcadia Phu Quoc Resort,https://www.traveloka.com/en-vn/hotel/detail?spec=13-05-2023.14-05-2023.1.1.HOTEL.1000000425916.Arcadia%20Phu%20Quoc%20Resort.1&contexts=%7B%22inventoryRateKey%22%3A%22povEwB3ZzsU2C6pd%2B6MdUw6p4Oi4t9ianyz%2Fk%2Fcwm21M0tKsNUio4Rxug1zOzHJilcvZa8YdqqIySdppe7dolTIewZlxfjiOGz6oXLTucMvN0%2BgQ3yZPvZcoHwUFNN%2BZpcr%2F%2FNa8o9ElfN8zOYhzzZeg0X586laFpeUViPi9rxAXgtn2bKwejvBBZO%2BZAFZhmhLDdV0WLeT%2FFKfQ0QL8LH02Dvlx%2F8PjYogEE5yzx6g6yOKyKeIDf7jO3GM45O1o1hmSkmz3HiZNSbS8gXb3CDW9nmlhkqLKa4lLkAkZpAG5JCAR4KEzOF9HzUvNfgOnqr5Ov2QSm2AvCfOdBe9Oy%2Fvnzag3zLIuKsio2qc%2FE%2BKC0I%2B4MpT6AtjonGvWhSFYeOjRTl6ytxGba%2F42pjcyyVc4KxuembJV6Yiv2h%2FCVOHi42A4Bx%2BAVZlB2OJQoCeizHaEIke4gLKBu993M9y78%2FmzREQ0KgV1vvYuRfaKd1eNmO0SRV1ogUSH81Kgs05B6IoMhVKT4w7TwrTxbp%2FQ2iMn1qdaM1viWqCGwU1siX1ZIegdsZIo1sjlWnbsTcjefS6Pj3RtIU6lROCEB6QAgiS1WJabPNVEO7waQAXksTDyQHUY2wqyAfRzb44KOjG0poBVHSJ1fq5iJGt%2Fs2ROyG2r1yuKaZ4GSAmh5BaCjz8%3D%22%7D&prevSearchId=1765686709859674781&loginPromo=1
1184,"Vị trí thuận lợi, gần biển, yên tĩnh",Arcadia Phu Quoc Resort,https://www.traveloka.com/en-vn/hotel/detail?spec=13-05-2023.14-05-2023.1.1.HOTEL.1000000425916.Arcadia%20Phu%20Quoc%20Resort.1&contexts=%7B%22inventoryRateKey%22%3A%22povEwB3ZzsU2C6pd%2B6MdUw6p4Oi4t9ianyz%2Fk%2Fcwm21M0tKsNUio4Rxug1zOzHJilcvZa8YdqqIySdppe7dolTIewZlxfjiOGz6oXLTucMvN0%2BgQ3yZPvZcoHwUFNN%2BZpcr%2F%2FNa8o9ElfN8zOYhzzZeg0X586laFpeUViPi9rxAXgtn2bKwejvBBZO%2BZAFZhmhLDdV0WLeT%2FFKfQ0QL8LH02Dvlx%2F8PjYogEE5yzx6g6yOKyKeIDf7jO3GM45O1o1hmSkmz3HiZNSbS8gXb3CDW9nmlhkqLKa4lLkAkZpAG5JCAR4KEzOF9HzUvNfgOnqr5Ov2QSm2AvCfOdBe9Oy%2Fvnzag3zLIuKsio2qc%2FE%2BKC0I%2B4MpT6AtjonGvWhSFYeOjRTl6ytxGba%2F42pjcyyVc4KxuembJV6Yiv2h%2FCVOHi42A4Bx%2BAVZlB2OJQoCeizHaEIke4gLKBu993M9y78%2FmzREQ0KgV1vvYuRfaKd1eNmO0SRV1ogUSH81Kgs05B6IoMhVKT4w7TwrTxbp%2FQ2iMn1qdaM1viWqCGwU1siX1ZIegdsZIo1sjlWnbsTcjefS6Pj3RtIU6lROCEB6QAgiS1WJabPNVEO7waQAXksTDyQHUY2wqyAfRzb44KOjG0poBVHSJ1fq5iJGt%2Fs2ROyG2r1yuKaZ4GSAmh5BaCjz8%3D%22%7D&prevSearchId=1765686709859674781&loginPromo=1
1185,Khách sạn này tuyệt vời,Arcadia Phu Quoc Resort,https://www.traveloka.com/en-vn/hotel/detail?spec=13-05-2023.14-05-2023.1.1.HOTEL.1000000425916.Arcadia%20Phu%20Quoc%20Resort.1&contexts=%7B%22inventoryRateKey%22%3A%22povEwB3ZzsU2C6pd%2B6MdUw6p4Oi4t9ianyz%2Fk%2Fcwm21M0tKsNUio4Rxug1zOzHJilcvZa8YdqqIySdppe7dolTIewZlxfjiOGz6oXLTucMvN0%2BgQ3yZPvZcoHwUFNN%2BZpcr%2F%2FNa8o9ElfN8zOYhzzZeg0X586laFpeUViPi9rxAXgtn2bKwejvBBZO%2BZAFZhmhLDdV0WLeT%2FFKfQ0QL8LH02Dvlx%2F8PjYogEE5yzx6g6yOKyKeIDf7jO3GM45O1o1hmSkmz3HiZNSbS8gXb3CDW9nmlhkqLKa4lLkAkZpAG5JCAR4KEzOF9HzUvNfgOnqr5Ov2QSm2AvCfOdBe9Oy%2Fvnzag3zLIuKsio2qc%2FE%2BKC0I%2B4MpT6AtjonGvWhSFYeOjRTl6ytxGba%2F42pjcyyVc4KxuembJV6Yiv2h%2FCVOHi42A4Bx%2BAVZlB2OJQoCeizHaEIke4gLKBu993M9y78%2FmzREQ0KgV1vvYuRfaKd1eNmO0SRV1ogUSH81Kgs05B6IoMhVKT4w7TwrTxbp%2FQ2iMn1qdaM1viWqCGwU1siX1ZIegdsZIo1sjlWnbsTcjefS6Pj3RtIU6lROCEB6QAgiS1WJabPNVEO7waQAXksTDyQHUY2wqyAfRzb44KOjG0poBVHSJ1fq5iJGt%2Fs2ROyG2r1yuKaZ4GSAmh5BaCjz8%3D%22%7D&prevSearchId=1765686709859674781&loginPromo=1
1186,"Bãi biển riêng rất sạch và đẹp. Phòng ốc sạch sẽ. Tuy nhiên ngày mình ở có thực hiện việc sơn phòng ngay bên ngoài phòng của mình, nên có mùi sơn hơi khó chịu và ảnh hưởng đến riêng tư, vì các anh thợ sơn đứng ngay bên ngoài tường phòng tắm. Mong khách sạn lưu ý điểm này. Xin cảm ơn!",Arcadia Phu Quoc Resort,https://www.traveloka.com/en-vn/hotel/detail?spec=13-05-2023.14-05-2023.1.1.HOTEL.1000000425916.Arcadia%20Phu%20Quoc%20Resort.1&contexts=%7B%22inventoryRateKey%22%3A%22povEwB3ZzsU2C6pd%2B6MdUw6p4Oi4t9ianyz%2Fk%2Fcwm21M0tKsNUio4Rxug1zOzHJilcvZa8YdqqIySdppe7dolTIewZlxfjiOGz6oXLTucMvN0%2BgQ3yZPvZcoHwUFNN%2BZpcr%2F%2FNa8o9ElfN8zOYhzzZeg0X586laFpeUViPi9rxAXgtn2bKwejvBBZO%2BZAFZhmhLDdV0WLeT%2FFKfQ0QL8LH02Dvlx%2F8PjYogEE5yzx6g6yOKyKeIDf7jO3GM45O1o1hmSkmz3HiZNSbS8gXb3CDW9nmlhkqLKa4lLkAkZpAG5JCAR4KEzOF9HzUvNfgOnqr5Ov2QSm2AvCfOdBe9Oy%2Fvnzag3zLIuKsio2qc%2FE%2BKC0I%2B4MpT6AtjonGvWhSFYeOjRTl6ytxGba%2F42pjcyyVc4KxuembJV6Yiv2h%2FCVOHi42A4Bx%2BAVZlB2OJQoCeizHaEIke4gLKBu993M9y78%2FmzREQ0KgV1vvYuRfaKd1eNmO0SRV1ogUSH81Kgs05B6IoMhVKT4w7TwrTxbp%2FQ2iMn1qdaM1viWqCGwU1siX1ZIegdsZIo1sjlWnbsTcjefS6Pj3RtIU6lROCEB6QAgiS1WJabPNVEO7waQAXksTDyQHUY2wqyAfRzb44KOjG0poBVHSJ1fq5iJGt%2Fs2ROyG2r1yuKaZ4GSAmh5BaCjz8%3D%22%7D&prevSearchId=1765686709859674781&loginPromo=1
1187,"resort đẹp, gần biển, bữa sáng phong phú",Arcadia Phu Quoc Resort,https://www.traveloka.com/en-vn/hotel/detail?spec=13-05-2023.14-05-2023.1.1.HOTEL.1000000425916.Arcadia%20Phu%20Quoc%20Resort.1&contexts=%7B%22inventoryRateKey%22%3A%22povEwB3ZzsU2C6pd%2B6MdUw6p4Oi4t9ianyz%2Fk%2Fcwm21M0tKsNUio4Rxug1zOzHJilcvZa8YdqqIySdppe7dolTIewZlxfjiOGz6oXLTucMvN0%2BgQ3yZPvZcoHwUFNN%2BZpcr%2F%2FNa8o9ElfN8zOYhzzZeg0X586laFpeUViPi9rxAXgtn2bKwejvBBZO%2BZAFZhmhLDdV0WLeT%2FFKfQ0QL8LH02Dvlx%2F8PjYogEE5yzx6g6yOKyKeIDf7jO3GM45O1o1hmSkmz3HiZNSbS8gXb3CDW9nmlhkqLKa4lLkAkZpAG5JCAR4KEzOF9HzUvNfgOnqr5Ov2QSm2AvCfOdBe9Oy%2Fvnzag3zLIuKsio2qc%2FE%2BKC0I%2B4MpT6AtjonGvWhSFYeOjRTl6ytxGba%2F42pjcyyVc4KxuembJV6Yiv2h%2FCVOHi42A4Bx%2BAVZlB2OJQoCeizHaEIke4gLKBu993M9y78%2FmzREQ0KgV1vvYuRfaKd1eNmO0SRV1ogUSH81Kgs05B6IoMhVKT4w7TwrTxbp%2FQ2iMn1qdaM1viWqCGwU1siX1ZIegdsZIo1sjlWnbsTcjefS6Pj3RtIU6lROCEB6QAgiS1WJabPNVEO7waQAXksTDyQHUY2wqyAfRzb44KOjG0poBVHSJ1fq5iJGt%2Fs2ROyG2r1yuKaZ4GSAmh5BaCjz8%3D%22%7D&prevSearchId=1765686709859674781&loginPromo=1
1188,"Khách sạn nhìn chung là ổn. Vị trí hơi sâu trong ngõ hơi khó tìm 1 chút nhưng sát biển, Quang cảnh chung đẹp, phòng ốc sạch sẽ, thái độ nhân viên thân thiện. Bufet sáng hơi ít món, nếu xuống muộn tầm 8h là hết đồ ăn",Arcadia Phu Quoc Resort,https://www.traveloka.com/en-vn/hotel/detail?spec=13-05-2023.14-05-2023.1.1.HOTEL.1000000425916.Arcadia%20Phu%20Quoc%20Resort.1&contexts=%7B%22inventoryRateKey%22%3A%22povEwB3ZzsU2C6pd%2B6MdUw6p4Oi4t9ianyz%2Fk%2Fcwm21M0tKsNUio4Rxug1zOzHJilcvZa8YdqqIySdppe7dolTIewZlxfjiOGz6oXLTucMvN0%2BgQ3yZPvZcoHwUFNN%2BZpcr%2F%2FNa8o9ElfN8zOYhzzZeg0X586laFpeUViPi9rxAXgtn2bKwejvBBZO%2BZAFZhmhLDdV0WLeT%2FFKfQ0QL8LH02Dvlx%2F8PjYogEE5yzx6g6yOKyKeIDf7jO3GM45O1o1hmSkmz3HiZNSbS8gXb3CDW9nmlhkqLKa4lLkAkZpAG5JCAR4KEzOF9HzUvNfgOnqr5Ov2QSm2AvCfOdBe9Oy%2Fvnzag3zLIuKsio2qc%2FE%2BKC0I%2B4MpT6AtjonGvWhSFYeOjRTl6ytxGba%2F42pjcyyVc4KxuembJV6Yiv2h%2FCVOHi42A4Bx%2BAVZlB2OJQoCeizHaEIke4gLKBu993M9y78%2FmzREQ0KgV1vvYuRfaKd1eNmO0SRV1ogUSH81Kgs05B6IoMhVKT4w7TwrTxbp%2FQ2iMn1qdaM1viWqCGwU1siX1ZIegdsZIo1sjlWnbsTcjefS6Pj3RtIU6lROCEB6QAgiS1WJabPNVEO7waQAXksTDyQHUY2wqyAfRzb44KOjG0poBVHSJ1fq5iJGt%2Fs2ROyG2r1yuKaZ4GSAmh5BaCjz8%3D%22%7D&prevSearchId=1765686709859674781&loginPromo=1
1189,"Phòng quá ẩm, mùi ẩm mốc.",Arcadia Phu Quoc Resort,https://www.traveloka.com/en-vn/hotel/detail?spec=13-05-2023.14-05-2023.1.1.HOTEL.1000000425916.Arcadia%20Phu%20Quoc%20Resort.1&contexts=%7B%22inventoryRateKey%22%3A%22povEwB3ZzsU2C6pd%2B6MdUw6p4Oi4t9ianyz%2Fk%2Fcwm21M0tKsNUio4Rxug1zOzHJilcvZa8YdqqIySdppe7dolTIewZlxfjiOGz6oXLTucMvN0%2BgQ3yZPvZcoHwUFNN%2BZpcr%2F%2FNa8o9ElfN8zOYhzzZeg0X586laFpeUViPi9rxAXgtn2bKwejvBBZO%2BZAFZhmhLDdV0WLeT%2FFKfQ0QL8LH02Dvlx%2F8PjYogEE5yzx6g6yOKyKeIDf7jO3GM45O1o1hmSkmz3HiZNSbS8gXb3CDW9nmlhkqLKa4lLkAkZpAG5JCAR4KEzOF9HzUvNfgOnqr5Ov2QSm2AvCfOdBe9Oy%2Fvnzag3zLIuKsio2qc%2FE%2BKC0I%2B4MpT6AtjonGvWhSFYeOjRTl6ytxGba%2F42pjcyyVc4KxuembJV6Yiv2h%2FCVOHi42A4Bx%2BAVZlB2OJQoCeizHaEIke4gLKBu993M9y78%2FmzREQ0KgV1vvYuRfaKd1eNmO0SRV1ogUSH81Kgs05B6IoMhVKT4w7TwrTxbp%2FQ2iMn1qdaM1viWqCGwU1siX1ZIegdsZIo1sjlWnbsTcjefS6Pj3RtIU6lROCEB6QAgiS1WJabPNVEO7waQAXksTDyQHUY2wqyAfRzb44KOjG0poBVHSJ1fq5iJGt%2Fs2ROyG2r1yuKaZ4GSAmh5BaCjz8%3D%22%7D&prevSearchId=1765686709859674781&loginPromo=1
1190,"Moi thu deu tot, nhan vien than thien.",Arcadia Phu Quoc Resort,https://www.traveloka.com/en-vn/hotel/detail?spec=13-05-2023.14-05-2023.1.1.HOTEL.1000000425916.Arcadia%20Phu%20Quoc%20Resort.1&contexts=%7B%22inventoryRateKey%22%3A%22povEwB3ZzsU2C6pd%2B6MdUw6p4Oi4t9ianyz%2Fk%2Fcwm21M0tKsNUio4Rxug1zOzHJilcvZa8YdqqIySdppe7dolTIewZlxfjiOGz6oXLTucMvN0%2BgQ3yZPvZcoHwUFNN%2BZpcr%2F%2FNa8o9ElfN8zOYhzzZeg0X586laFpeUViPi9rxAXgtn2bKwejvBBZO%2BZAFZhmhLDdV0WLeT%2FFKfQ0QL8LH02Dvlx%2F8PjYogEE5yzx6g6yOKyKeIDf7jO3GM45O1o1hmSkmz3HiZNSbS8gXb3CDW9nmlhkqLKa4lLkAkZpAG5JCAR4KEzOF9HzUvNfgOnqr5Ov2QSm2AvCfOdBe9Oy%2Fvnzag3zLIuKsio2qc%2FE%2BKC0I%2B4MpT6AtjonGvWhSFYeOjRTl6ytxGba%2F42pjcyyVc4KxuembJV6Yiv2h%2FCVOHi42A4Bx%2BAVZlB2OJQoCeizHaEIke4gLKBu993M9y78%2FmzREQ0KgV1vvYuRfaKd1eNmO0SRV1ogUSH81Kgs05B6IoMhVKT4w7TwrTxbp%2FQ2iMn1qdaM1viWqCGwU1siX1ZIegdsZIo1sjlWnbsTcjefS6Pj3RtIU6lROCEB6QAgiS1WJabPNVEO7waQAXksTDyQHUY2wqyAfRzb44KOjG0poBVHSJ1fq5iJGt%2Fs2ROyG2r1yuKaZ4GSAmh5BaCjz8%3D%22%7D&prevSearchId=1765686709859674781&loginPromo=1
1191,"Khach san tot, tuong xung voi gia tien. Phu vu tot.",Arcadia Phu Quoc Resort,https://www.traveloka.com/en-vn/hotel/detail?spec=13-05-2023.14-05-2023.1.1.HOTEL.1000000425916.Arcadia%20Phu%20Quoc%20Resort.1&contexts=%7B%22inventoryRateKey%22%3A%22povEwB3ZzsU2C6pd%2B6MdUw6p4Oi4t9ianyz%2Fk%2Fcwm21M0tKsNUio4Rxug1zOzHJilcvZa8YdqqIySdppe7dolTIewZlxfjiOGz6oXLTucMvN0%2BgQ3yZPvZcoHwUFNN%2BZpcr%2F%2FNa8o9ElfN8zOYhzzZeg0X586laFpeUViPi9rxAXgtn2bKwejvBBZO%2BZAFZhmhLDdV0WLeT%2FFKfQ0QL8LH02Dvlx%2F8PjYogEE5yzx6g6yOKyKeIDf7jO3GM45O1o1hmSkmz3HiZNSbS8gXb3CDW9nmlhkqLKa4lLkAkZpAG5JCAR4KEzOF9HzUvNfgOnqr5Ov2QSm2AvCfOdBe9Oy%2Fvnzag3zLIuKsio2qc%2FE%2BKC0I%2B4MpT6AtjonGvWhSFYeOjRTl6ytxGba%2F42pjcyyVc4KxuembJV6Yiv2h%2FCVOHi42A4Bx%2BAVZlB2OJQoCeizHaEIke4gLKBu993M9y78%2FmzREQ0KgV1vvYuRfaKd1eNmO0SRV1ogUSH81Kgs05B6IoMhVKT4w7TwrTxbp%2FQ2iMn1qdaM1viWqCGwU1siX1ZIegdsZIo1sjlWnbsTcjefS6Pj3RtIU6lROCEB6QAgiS1WJabPNVEO7waQAXksTDyQHUY2wqyAfRzb44KOjG0poBVHSJ1fq5iJGt%2Fs2ROyG2r1yuKaZ4GSAmh5BaCjz8%3D%22%7D&prevSearchId=1765686709859674781&loginPromo=1
1192,"Khach san ho tro khach tot, dich vu dang voi gia thanh.",Arcadia Phu Quoc Resort,https://www.traveloka.com/en-vn/hotel/detail?spec=13-05-2023.14-05-2023.1.1.HOTEL.1000000425916.Arcadia%20Phu%20Quoc%20Resort.1&contexts=%7B%22inventoryRateKey%22%3A%22povEwB3ZzsU2C6pd%2B6MdUw6p4Oi4t9ianyz%2Fk%2Fcwm21M0tKsNUio4Rxug1zOzHJilcvZa8YdqqIySdppe7dolTIewZlxfjiOGz6oXLTucMvN0%2BgQ3yZPvZcoHwUFNN%2BZpcr%2F%2FNa8o9ElfN8zOYhzzZeg0X586laFpeUViPi9rxAXgtn2bKwejvBBZO%2BZAFZhmhLDdV0WLeT%2FFKfQ0QL8LH02Dvlx%2F8PjYogEE5yzx6g6yOKyKeIDf7jO3GM45O1o1hmSkmz3HiZNSbS8gXb3CDW9nmlhkqLKa4lLkAkZpAG5JCAR4KEzOF9HzUvNfgOnqr5Ov2QSm2AvCfOdBe9Oy%2Fvnzag3zLIuKsio2qc%2FE%2BKC0I%2B4MpT6AtjonGvWhSFYeOjRTl6ytxGba%2F42pjcyyVc4KxuembJV6Yiv2h%2FCVOHi42A4Bx%2BAVZlB2OJQoCeizHaEIke4gLKBu993M9y78%2FmzREQ0KgV1vvYuRfaKd1eNmO0SRV1ogUSH81Kgs05B6IoMhVKT4w7TwrTxbp%2FQ2iMn1qdaM1viWqCGwU1siX1ZIegdsZIo1sjlWnbsTcjefS6Pj3RtIU6lROCEB6QAgiS1WJabPNVEO7waQAXksTDyQHUY2wqyAfRzb44KOjG0poBVHSJ1fq5iJGt%2Fs2ROyG2r1yuKaZ4GSAmh5BaCjz8%3D%22%7D&prevSearchId=1765686709859674781&loginPromo=1
1193,"Dung voi gia tien, phuc vu ho tro kha tot.",Arcadia Phu Quoc Resort,https://www.traveloka.com/en-vn/hotel/detail?spec=13-05-2023.14-05-2023.1.1.HOTEL.1000000425916.Arcadia%20Phu%20Quoc%20Resort.1&contexts=%7B%22inventoryRateKey%22%3A%22povEwB3ZzsU2C6pd%2B6MdUw6p4Oi4t9ianyz%2Fk%2Fcwm21M0tKsNUio4Rxug1zOzHJilcvZa8YdqqIySdppe7dolTIewZlxfjiOGz6oXLTucMvN0%2BgQ3yZPvZcoHwUFNN%2BZpcr%2F%2FNa8o9ElfN8zOYhzzZeg0X586laFpeUViPi9rxAXgtn2bKwejvBBZO%2BZAFZhmhLDdV0WLeT%2FFKfQ0QL8LH02Dvlx%2F8PjYogEE5yzx6g6yOKyKeIDf7jO3GM45O1o1hmSkmz3HiZNSbS8gXb3CDW9nmlhkqLKa4lLkAkZpAG5JCAR4KEzOF9HzUvNfgOnqr5Ov2QSm2AvCfOdBe9Oy%2Fvnzag3zLIuKsio2qc%2FE%2BKC0I%2B4MpT6AtjonGvWhSFYeOjRTl6ytxGba%2F42pjcyyVc4KxuembJV6Yiv2h%2FCVOHi42A4Bx%2BAVZlB2OJQoCeizHaEIke4gLKBu993M9y78%2FmzREQ0KgV1vvYuRfaKd1eNmO0SRV1ogUSH81Kgs05B6IoMhVKT4w7TwrTxbp%2FQ2iMn1qdaM1viWqCGwU1siX1ZIegdsZIo1sjlWnbsTcjefS6Pj3RtIU6lROCEB6QAgiS1WJabPNVEO7waQAXksTDyQHUY2wqyAfRzb44KOjG0poBVHSJ1fq5iJGt%2Fs2ROyG2r1yuKaZ4GSAmh5BaCjz8%3D%22%7D&prevSearchId=1765686709859674781&loginPromo=1
1194,"Nhân viên thân thiện, nhiệt tình",Arcadia Phu Quoc Resort,https://www.traveloka.com/en-vn/hotel/detail?spec=13-05-2023.14-05-2023.1.1.HOTEL.1000000425916.Arcadia%20Phu%20Quoc%20Resort.1&contexts=%7B%22inventoryRateKey%22%3A%22povEwB3ZzsU2C6pd%2B6MdUw6p4Oi4t9ianyz%2Fk%2Fcwm21M0tKsNUio4Rxug1zOzHJilcvZa8YdqqIySdppe7dolTIewZlxfjiOGz6oXLTucMvN0%2BgQ3yZPvZcoHwUFNN%2BZpcr%2F%2FNa8o9ElfN8zOYhzzZeg0X586laFpeUViPi9rxAXgtn2bKwejvBBZO%2BZAFZhmhLDdV0WLeT%2FFKfQ0QL8LH02Dvlx%2F8PjYogEE5yzx6g6yOKyKeIDf7jO3GM45O1o1hmSkmz3HiZNSbS8gXb3CDW9nmlhkqLKa4lLkAkZpAG5JCAR4KEzOF9HzUvNfgOnqr5Ov2QSm2AvCfOdBe9Oy%2Fvnzag3zLIuKsio2qc%2FE%2BKC0I%2B4MpT6AtjonGvWhSFYeOjRTl6ytxGba%2F42pjcyyVc4KxuembJV6Yiv2h%2FCVOHi42A4Bx%2BAVZlB2OJQoCeizHaEIke4gLKBu993M9y78%2FmzREQ0KgV1vvYuRfaKd1eNmO0SRV1ogUSH81Kgs05B6IoMhVKT4w7TwrTxbp%2FQ2iMn1qdaM1viWqCGwU1siX1ZIegdsZIo1sjlWnbsTcjefS6Pj3RtIU6lROCEB6QAgiS1WJabPNVEO7waQAXksTDyQHUY2wqyAfRzb44KOjG0poBVHSJ1fq5iJGt%2Fs2ROyG2r1yuKaZ4GSAmh5BaCjz8%3D%22%7D&prevSearchId=1765686709859674781&loginPromo=1
1195,Phuc vu dich vu tot. Cam on !!!,Arcadia Phu Quoc Resort,https://www.traveloka.com/en-vn/hotel/detail?spec=13-05-2023.14-05-2023.1.1.HOTEL.1000000425916.Arcadia%20Phu%20Quoc%20Resort.1&contexts=%7B%22inventoryRateKey%22%3A%22povEwB3ZzsU2C6pd%2B6MdUw6p4Oi4t9ianyz%2Fk%2Fcwm21M0tKsNUio4Rxug1zOzHJilcvZa8YdqqIySdppe7dolTIewZlxfjiOGz6oXLTucMvN0%2BgQ3yZPvZcoHwUFNN%2BZpcr%2F%2FNa8o9ElfN8zOYhzzZeg0X586laFpeUViPi9rxAXgtn2bKwejvBBZO%2BZAFZhmhLDdV0WLeT%2FFKfQ0QL8LH02Dvlx%2F8PjYogEE5yzx6g6yOKyKeIDf7jO3GM45O1o1hmSkmz3HiZNSbS8gXb3CDW9nmlhkqLKa4lLkAkZpAG5JCAR4KEzOF9HzUvNfgOnqr5Ov2QSm2AvCfOdBe9Oy%2Fvnzag3zLIuKsio2qc%2FE%2BKC0I%2B4MpT6AtjonGvWhSFYeOjRTl6ytxGba%2F42pjcyyVc4KxuembJV6Yiv2h%2FCVOHi42A4Bx%2BAVZlB2OJQoCeizHaEIke4gLKBu993M9y78%2FmzREQ0KgV1vvYuRfaKd1eNmO0SRV1ogUSH81Kgs05B6IoMhVKT4w7TwrTxbp%2FQ2iMn1qdaM1viWqCGwU1siX1ZIegdsZIo1sjlWnbsTcjefS6Pj3RtIU6lROCEB6QAgiS1WJabPNVEO7waQAXksTDyQHUY2wqyAfRzb44KOjG0poBVHSJ1fq5iJGt%2Fs2ROyG2r1yuKaZ4GSAmh5BaCjz8%3D%22%7D&prevSearchId=1765686709859674781&loginPromo=1
1196,"Mọi thứ ổn, phòng nghỉ đẹp, nhân viên phục vụ tốt",Arcadia Phu Quoc Resort,https://www.traveloka.com/en-vn/hotel/detail?spec=13-05-2023.14-05-2023.1.1.HOTEL.1000000425916.Arcadia%20Phu%20Quoc%20Resort.1&contexts=%7B%22inventoryRateKey%22%3A%22povEwB3ZzsU2C6pd%2B6MdUw6p4Oi4t9ianyz%2Fk%2Fcwm21M0tKsNUio4Rxug1zOzHJilcvZa8YdqqIySdppe7dolTIewZlxfjiOGz6oXLTucMvN0%2BgQ3yZPvZcoHwUFNN%2BZpcr%2F%2FNa8o9ElfN8zOYhzzZeg0X586laFpeUViPi9rxAXgtn2bKwejvBBZO%2BZAFZhmhLDdV0WLeT%2FFKfQ0QL8LH02Dvlx%2F8PjYogEE5yzx6g6yOKyKeIDf7jO3GM45O1o1hmSkmz3HiZNSbS8gXb3CDW9nmlhkqLKa4lLkAkZpAG5JCAR4KEzOF9HzUvNfgOnqr5Ov2QSm2AvCfOdBe9Oy%2Fvnzag3zLIuKsio2qc%2FE%2BKC0I%2B4MpT6AtjonGvWhSFYeOjRTl6ytxGba%2F42pjcyyVc4KxuembJV6Yiv2h%2FCVOHi42A4Bx%2BAVZlB2OJQoCeizHaEIke4gLKBu993M9y78%2FmzREQ0KgV1vvYuRfaKd1eNmO0SRV1ogUSH81Kgs05B6IoMhVKT4w7TwrTxbp%2FQ2iMn1qdaM1viWqCGwU1siX1ZIegdsZIo1sjlWnbsTcjefS6Pj3RtIU6lROCEB6QAgiS1WJabPNVEO7waQAXksTDyQHUY2wqyAfRzb44KOjG0poBVHSJ1fq5iJGt%2Fs2ROyG2r1yuKaZ4GSAmh5BaCjz8%3D%22%7D&prevSearchId=1765686709859674781&loginPromo=1
1197,"Nghe nhiều review ko tốt về khách sạn nhưng tự mình trải nghiệm thấy không tệ. Cơ sở vật chất khá ok vì mình cũng ko quá khó tính, được cái bãi biển đẹp, lễ tân cũng thân thiện và nhiệt tình. Đồ ăn sáng thì ngày nào cũng như ngày nào nhưng mình cũng ko care vì cả gia đình khá dễ tính. Nói chung nếu lần sau quay lại mình sẽ vẫn ở lại đây. Ngày cuối ko có nước nóng, có phản hồi với khách sạn thì cũng có người sửa ngay. Mình cũng thông cảm thôi vì thấy mấy anh thợ sửa tận tuỵ leo trèo lên tận nóc bungalow để sửa. Bố mẹ mình rất hài lòng về khách sạn. Mình khó tính hơn nhưng thấy vẫn ok. Ko tệ như nhiều review trên mạng. Mình ở 2 bungalow 31 và 36. Phòng ok.",Arcadia Phu Quoc Resort,https://www.traveloka.com/en-vn/hotel/detail?spec=13-05-2023.14-05-2023.1.1.HOTEL.1000000425916.Arcadia%20Phu%20Quoc%20Resort.1&contexts=%7B%22inventoryRateKey%22%3A%22povEwB3ZzsU2C6pd%2B6MdUw6p4Oi4t9ianyz%2Fk%2Fcwm21M0tKsNUio4Rxug1zOzHJilcvZa8YdqqIySdppe7dolTIewZlxfjiOGz6oXLTucMvN0%2BgQ3yZPvZcoHwUFNN%2BZpcr%2F%2FNa8o9ElfN8zOYhzzZeg0X586laFpeUViPi9rxAXgtn2bKwejvBBZO%2BZAFZhmhLDdV0WLeT%2FFKfQ0QL8LH02Dvlx%2F8PjYogEE5yzx6g6yOKyKeIDf7jO3GM45O1o1hmSkmz3HiZNSbS8gXb3CDW9nmlhkqLKa4lLkAkZpAG5JCAR4KEzOF9HzUvNfgOnqr5Ov2QSm2AvCfOdBe9Oy%2Fvnzag3zLIuKsio2qc%2FE%2BKC0I%2B4MpT6AtjonGvWhSFYeOjRTl6ytxGba%2F42pjcyyVc4KxuembJV6Yiv2h%2FCVOHi42A4Bx%2BAVZlB2OJQoCeizHaEIke4gLKBu993M9y78%2FmzREQ0KgV1vvYuRfaKd1eNmO0SRV1ogUSH81Kgs05B6IoMhVKT4w7TwrTxbp%2FQ2iMn1qdaM1viWqCGwU1siX1ZIegdsZIo1sjlWnbsTcjefS6Pj3RtIU6lROCEB6QAgiS1WJabPNVEO7waQAXksTDyQHUY2wqyAfRzb44KOjG0poBVHSJ1fq5iJGt%2Fs2ROyG2r1yuKaZ4GSAmh5BaCjz8%3D%22%7D&prevSearchId=1765686709859674781&loginPromo=1
1198,"Khách sạn view đẹp, sạch sẽ thoáng mát, nhân viên khá nhiệt tình. Ăn bufet sáng hơi ít món, nếu xuống muộn còn ít đồ ăn. Các bạn tư vấn viên của Travelloka rất nhiệt tình, chu đáo",Arcadia Phu Quoc Resort,https://www.traveloka.com/en-vn/hotel/detail?spec=13-05-2023.14-05-2023.1.1.HOTEL.1000000425916.Arcadia%20Phu%20Quoc%20Resort.1&contexts=%7B%22inventoryRateKey%22%3A%22povEwB3ZzsU2C6pd%2B6MdUw6p4Oi4t9ianyz%2Fk%2Fcwm21M0tKsNUio4Rxug1zOzHJilcvZa8YdqqIySdppe7dolTIewZlxfjiOGz6oXLTucMvN0%2BgQ3yZPvZcoHwUFNN%2BZpcr%2F%2FNa8o9ElfN8zOYhzzZeg0X586laFpeUViPi9rxAXgtn2bKwejvBBZO%2BZAFZhmhLDdV0WLeT%2FFKfQ0QL8LH02Dvlx%2F8PjYogEE5yzx6g6yOKyKeIDf7jO3GM45O1o1hmSkmz3HiZNSbS8gXb3CDW9nmlhkqLKa4lLkAkZpAG5JCAR4KEzOF9HzUvNfgOnqr5Ov2QSm2AvCfOdBe9Oy%2Fvnzag3zLIuKsio2qc%2FE%2BKC0I%2B4MpT6AtjonGvWhSFYeOjRTl6ytxGba%2F42pjcyyVc4KxuembJV6Yiv2h%2FCVOHi42A4Bx%2BAVZlB2OJQoCeizHaEIke4gLKBu993M9y78%2FmzREQ0KgV1vvYuRfaKd1eNmO0SRV1ogUSH81Kgs05B6IoMhVKT4w7TwrTxbp%2FQ2iMn1qdaM1viWqCGwU1siX1ZIegdsZIo1sjlWnbsTcjefS6Pj3RtIU6lROCEB6QAgiS1WJabPNVEO7waQAXksTDyQHUY2wqyAfRzb44KOjG0poBVHSJ1fq5iJGt%2Fs2ROyG2r1yuKaZ4GSAmh5BaCjz8%3D%22%7D&prevSearchId=1765686709859674781&loginPromo=1
1199,"canh quang tuyet dep, phong oc duoc, vi tri tot chi co thuc an la binh thuong so voi dang cap 3 sao",Arcadia Phu Quoc Resort,https://www.traveloka.com/en-vn/hotel/detail?spec=13-05-2023.14-05-2023.1.1.HOTEL.1000000425916.Arcadia%20Phu%20Quoc%20Resort.1&contexts=%7B%22inventoryRateKey%22%3A%22povEwB3ZzsU2C6pd%2B6MdUw6p4Oi4t9ianyz%2Fk%2Fcwm21M0tKsNUio4Rxug1zOzHJilcvZa8YdqqIySdppe7dolTIewZlxfjiOGz6oXLTucMvN0%2BgQ3yZPvZcoHwUFNN%2BZpcr%2F%2FNa8o9ElfN8zOYhzzZeg0X586laFpeUViPi9rxAXgtn2bKwejvBBZO%2BZAFZhmhLDdV0WLeT%2FFKfQ0QL8LH02Dvlx%2F8PjYogEE5yzx6g6yOKyKeIDf7jO3GM45O1o1hmSkmz3HiZNSbS8gXb3CDW9nmlhkqLKa4lLkAkZpAG5JCAR4KEzOF9HzUvNfgOnqr5Ov2QSm2AvCfOdBe9Oy%2Fvnzag3zLIuKsio2qc%2FE%2BKC0I%2B4MpT6AtjonGvWhSFYeOjRTl6ytxGba%2F42pjcyyVc4KxuembJV6Yiv2h%2FCVOHi42A4Bx%2BAVZlB2OJQoCeizHaEIke4gLKBu993M9y78%2FmzREQ0KgV1vvYuRfaKd1eNmO0SRV1ogUSH81Kgs05B6IoMhVKT4w7TwrTxbp%2FQ2iMn1qdaM1viWqCGwU1siX1ZIegdsZIo1sjlWnbsTcjefS6Pj3RtIU6lROCEB6QAgiS1WJabPNVEO7waQAXksTDyQHUY2wqyAfRzb44KOjG0poBVHSJ1fq5iJGt%2Fs2ROyG2r1yuKaZ4GSAmh5BaCjz8%3D%22%7D&prevSearchId=1765686709859674781&loginPromo=1
1200,"Bữa sáng chưa phong phú, đa dạng.",Arcadia Phu Quoc Resort,https://www.traveloka.com/en-vn/hotel/detail?spec=13-05-2023.14-05-2023.1.1.HOTEL.1000000425916.Arcadia%20Phu%20Quoc%20Resort.1&contexts=%7B%22inventoryRateKey%22%3A%22povEwB3ZzsU2C6pd%2B6MdUw6p4Oi4t9ianyz%2Fk%2Fcwm21M0tKsNUio4Rxug1zOzHJilcvZa8YdqqIySdppe7dolTIewZlxfjiOGz6oXLTucMvN0%2BgQ3yZPvZcoHwUFNN%2BZpcr%2F%2FNa8o9ElfN8zOYhzzZeg0X586laFpeUViPi9rxAXgtn2bKwejvBBZO%2BZAFZhmhLDdV0WLeT%2FFKfQ0QL8LH02Dvlx%2F8PjYogEE5yzx6g6yOKyKeIDf7jO3GM45O1o1hmSkmz3HiZNSbS8gXb3CDW9nmlhkqLKa4lLkAkZpAG5JCAR4KEzOF9HzUvNfgOnqr5Ov2QSm2AvCfOdBe9Oy%2Fvnzag3zLIuKsio2qc%2FE%2BKC0I%2B4MpT6AtjonGvWhSFYeOjRTl6ytxGba%2F42pjcyyVc4KxuembJV6Yiv2h%2FCVOHi42A4Bx%2BAVZlB2OJQoCeizHaEIke4gLKBu993M9y78%2FmzREQ0KgV1vvYuRfaKd1eNmO0SRV1ogUSH81Kgs05B6IoMhVKT4w7TwrTxbp%2FQ2iMn1qdaM1viWqCGwU1siX1ZIegdsZIo1sjlWnbsTcjefS6Pj3RtIU6lROCEB6QAgiS1WJabPNVEO7waQAXksTDyQHUY2wqyAfRzb44KOjG0poBVHSJ1fq5iJGt%2Fs2ROyG2r1yuKaZ4GSAmh5BaCjz8%3D%22%7D&prevSearchId=1765686709859674781&loginPromo=1
1201,"Nội thất phòng cũ. Mưa bị dột ngoài hiên. Phòng tắm nước thoát chậm và bồn rửa mặt bị chảy nước. nhà vệ sinh có mùi hôi và gạch lổm chổm đau chân. Các bữa ăn sáng thì ngày nào cũng như nhau. Máy lạnh thì cứ tự tắt tự mở. Tiếp tân thái độ không được nhiệt tình, không phục vụ khách chu đáo.",Arcadia Phu Quoc Resort,https://www.traveloka.com/en-vn/hotel/detail?spec=13-05-2023.14-05-2023.1.1.HOTEL.1000000425916.Arcadia%20Phu%20Quoc%20Resort.1&contexts=%7B%22inventoryRateKey%22%3A%22povEwB3ZzsU2C6pd%2B6MdUw6p4Oi4t9ianyz%2Fk%2Fcwm21M0tKsNUio4Rxug1zOzHJilcvZa8YdqqIySdppe7dolTIewZlxfjiOGz6oXLTucMvN0%2BgQ3yZPvZcoHwUFNN%2BZpcr%2F%2FNa8o9ElfN8zOYhzzZeg0X586laFpeUViPi9rxAXgtn2bKwejvBBZO%2BZAFZhmhLDdV0WLeT%2FFKfQ0QL8LH02Dvlx%2F8PjYogEE5yzx6g6yOKyKeIDf7jO3GM45O1o1hmSkmz3HiZNSbS8gXb3CDW9nmlhkqLKa4lLkAkZpAG5JCAR4KEzOF9HzUvNfgOnqr5Ov2QSm2AvCfOdBe9Oy%2Fvnzag3zLIuKsio2qc%2FE%2BKC0I%2B4MpT6AtjonGvWhSFYeOjRTl6ytxGba%2F42pjcyyVc4KxuembJV6Yiv2h%2FCVOHi42A4Bx%2BAVZlB2OJQoCeizHaEIke4gLKBu993M9y78%2FmzREQ0KgV1vvYuRfaKd1eNmO0SRV1ogUSH81Kgs05B6IoMhVKT4w7TwrTxbp%2FQ2iMn1qdaM1viWqCGwU1siX1ZIegdsZIo1sjlWnbsTcjefS6Pj3RtIU6lROCEB6QAgiS1WJabPNVEO7waQAXksTDyQHUY2wqyAfRzb44KOjG0poBVHSJ1fq5iJGt%2Fs2ROyG2r1yuKaZ4GSAmh5BaCjz8%3D%22%7D&prevSearchId=1765686709859674781&loginPromo=1
1202,Än sáng nghèo nàn 3 đèn trong phòng täm thì 2 đèn cháy bóng,Arcadia Phu Quoc Resort,https://www.traveloka.com/en-vn/hotel/detail?spec=13-05-2023.14-05-2023.1.1.HOTEL.1000000425916.Arcadia%20Phu%20Quoc%20Resort.1&contexts=%7B%22inventoryRateKey%22%3A%22povEwB3ZzsU2C6pd%2B6MdUw6p4Oi4t9ianyz%2Fk%2Fcwm21M0tKsNUio4Rxug1zOzHJilcvZa8YdqqIySdppe7dolTIewZlxfjiOGz6oXLTucMvN0%2BgQ3yZPvZcoHwUFNN%2BZpcr%2F%2FNa8o9ElfN8zOYhzzZeg0X586laFpeUViPi9rxAXgtn2bKwejvBBZO%2BZAFZhmhLDdV0WLeT%2FFKfQ0QL8LH02Dvlx%2F8PjYogEE5yzx6g6yOKyKeIDf7jO3GM45O1o1hmSkmz3HiZNSbS8gXb3CDW9nmlhkqLKa4lLkAkZpAG5JCAR4KEzOF9HzUvNfgOnqr5Ov2QSm2AvCfOdBe9Oy%2Fvnzag3zLIuKsio2qc%2FE%2BKC0I%2B4MpT6AtjonGvWhSFYeOjRTl6ytxGba%2F42pjcyyVc4KxuembJV6Yiv2h%2FCVOHi42A4Bx%2BAVZlB2OJQoCeizHaEIke4gLKBu993M9y78%2FmzREQ0KgV1vvYuRfaKd1eNmO0SRV1ogUSH81Kgs05B6IoMhVKT4w7TwrTxbp%2FQ2iMn1qdaM1viWqCGwU1siX1ZIegdsZIo1sjlWnbsTcjefS6Pj3RtIU6lROCEB6QAgiS1WJabPNVEO7waQAXksTDyQHUY2wqyAfRzb44KOjG0poBVHSJ1fq5iJGt%2Fs2ROyG2r1yuKaZ4GSAmh5BaCjz8%3D%22%7D&prevSearchId=1765686709859674781&loginPromo=1
1203,"Nói chung là được, giá cả hợp lý",Arcadia Phu Quoc Resort,https://www.traveloka.com/en-vn/hotel/detail?spec=13-05-2023.14-05-2023.1.1.HOTEL.1000000425916.Arcadia%20Phu%20Quoc%20Resort.1&contexts=%7B%22inventoryRateKey%22%3A%22povEwB3ZzsU2C6pd%2B6MdUw6p4Oi4t9ianyz%2Fk%2Fcwm21M0tKsNUio4Rxug1zOzHJilcvZa8YdqqIySdppe7dolTIewZlxfjiOGz6oXLTucMvN0%2BgQ3yZPvZcoHwUFNN%2BZpcr%2F%2FNa8o9ElfN8zOYhzzZeg0X586laFpeUViPi9rxAXgtn2bKwejvBBZO%2BZAFZhmhLDdV0WLeT%2FFKfQ0QL8LH02Dvlx%2F8PjYogEE5yzx6g6yOKyKeIDf7jO3GM45O1o1hmSkmz3HiZNSbS8gXb3CDW9nmlhkqLKa4lLkAkZpAG5JCAR4KEzOF9HzUvNfgOnqr5Ov2QSm2AvCfOdBe9Oy%2Fvnzag3zLIuKsio2qc%2FE%2BKC0I%2B4MpT6AtjonGvWhSFYeOjRTl6ytxGba%2F42pjcyyVc4KxuembJV6Yiv2h%2FCVOHi42A4Bx%2BAVZlB2OJQoCeizHaEIke4gLKBu993M9y78%2FmzREQ0KgV1vvYuRfaKd1eNmO0SRV1ogUSH81Kgs05B6IoMhVKT4w7TwrTxbp%2FQ2iMn1qdaM1viWqCGwU1siX1ZIegdsZIo1sjlWnbsTcjefS6Pj3RtIU6lROCEB6QAgiS1WJabPNVEO7waQAXksTDyQHUY2wqyAfRzb44KOjG0poBVHSJ1fq5iJGt%2Fs2ROyG2r1yuKaZ4GSAmh5BaCjz8%3D%22%7D&prevSearchId=1765686709859674781&loginPromo=1
1204,"Phòng sạch sẽ giá cả hợp lý, đồ ăn chưa thực sự phong phú",Arcadia Phu Quoc Resort,https://www.traveloka.com/en-vn/hotel/detail?spec=13-05-2023.14-05-2023.1.1.HOTEL.1000000425916.Arcadia%20Phu%20Quoc%20Resort.1&contexts=%7B%22inventoryRateKey%22%3A%22povEwB3ZzsU2C6pd%2B6MdUw6p4Oi4t9ianyz%2Fk%2Fcwm21M0tKsNUio4Rxug1zOzHJilcvZa8YdqqIySdppe7dolTIewZlxfjiOGz6oXLTucMvN0%2BgQ3yZPvZcoHwUFNN%2BZpcr%2F%2FNa8o9ElfN8zOYhzzZeg0X586laFpeUViPi9rxAXgtn2bKwejvBBZO%2BZAFZhmhLDdV0WLeT%2FFKfQ0QL8LH02Dvlx%2F8PjYogEE5yzx6g6yOKyKeIDf7jO3GM45O1o1hmSkmz3HiZNSbS8gXb3CDW9nmlhkqLKa4lLkAkZpAG5JCAR4KEzOF9HzUvNfgOnqr5Ov2QSm2AvCfOdBe9Oy%2Fvnzag3zLIuKsio2qc%2FE%2BKC0I%2B4MpT6AtjonGvWhSFYeOjRTl6ytxGba%2F42pjcyyVc4KxuembJV6Yiv2h%2FCVOHi42A4Bx%2BAVZlB2OJQoCeizHaEIke4gLKBu993M9y78%2FmzREQ0KgV1vvYuRfaKd1eNmO0SRV1ogUSH81Kgs05B6IoMhVKT4w7TwrTxbp%2FQ2iMn1qdaM1viWqCGwU1siX1ZIegdsZIo1sjlWnbsTcjefS6Pj3RtIU6lROCEB6QAgiS1WJabPNVEO7waQAXksTDyQHUY2wqyAfRzb44KOjG0poBVHSJ1fq5iJGt%2Fs2ROyG2r1yuKaZ4GSAmh5BaCjz8%3D%22%7D&prevSearchId=1765686709859674781&loginPromo=1
1205,"Vị trí sát biển khá đẹp, mỗi tội từ đường chính phải rẽ vào hẻm sâu mới đến được resort. Mình ở bungalow, rộng rãi, đẹp & thoải mái. Bữa ăn sáng hơi chán. Đáng lẽ ấn tượng sẽ tốt đẹp đến phút chót nếu như không gặp bạn lễ tân tên Kim. Cô này tỏ thái độ khó chịu & nói quanh co - từ quản lý đến thu ngân, kế toán đi ""công tác"" hết - khi khách hàng yêu cầu xuất hóa đơn.",Arcadia Phu Quoc Resort,https://www.traveloka.com/en-vn/hotel/detail?spec=13-05-2023.14-05-2023.1.1.HOTEL.1000000425916.Arcadia%20Phu%20Quoc%20Resort.1&contexts=%7B%22inventoryRateKey%22%3A%22povEwB3ZzsU2C6pd%2B6MdUw6p4Oi4t9ianyz%2Fk%2Fcwm21M0tKsNUio4Rxug1zOzHJilcvZa8YdqqIySdppe7dolTIewZlxfjiOGz6oXLTucMvN0%2BgQ3yZPvZcoHwUFNN%2BZpcr%2F%2FNa8o9ElfN8zOYhzzZeg0X586laFpeUViPi9rxAXgtn2bKwejvBBZO%2BZAFZhmhLDdV0WLeT%2FFKfQ0QL8LH02Dvlx%2F8PjYogEE5yzx6g6yOKyKeIDf7jO3GM45O1o1hmSkmz3HiZNSbS8gXb3CDW9nmlhkqLKa4lLkAkZpAG5JCAR4KEzOF9HzUvNfgOnqr5Ov2QSm2AvCfOdBe9Oy%2Fvnzag3zLIuKsio2qc%2FE%2BKC0I%2B4MpT6AtjonGvWhSFYeOjRTl6ytxGba%2F42pjcyyVc4KxuembJV6Yiv2h%2FCVOHi42A4Bx%2BAVZlB2OJQoCeizHaEIke4gLKBu993M9y78%2FmzREQ0KgV1vvYuRfaKd1eNmO0SRV1ogUSH81Kgs05B6IoMhVKT4w7TwrTxbp%2FQ2iMn1qdaM1viWqCGwU1siX1ZIegdsZIo1sjlWnbsTcjefS6Pj3RtIU6lROCEB6QAgiS1WJabPNVEO7waQAXksTDyQHUY2wqyAfRzb44KOjG0poBVHSJ1fq5iJGt%2Fs2ROyG2r1yuKaZ4GSAmh5BaCjz8%3D%22%7D&prevSearchId=1765686709859674781&loginPromo=1
1206,"Khách sạn nằm trong con hẻm nhỏ, ngoằn nghoèo, phòng ốc khá cũ kỹ, nhiều muỗi. Buffe sáng thì vừa ít, món ăn lại không phong phú, khách đông nên khoáng 8g là đã hết món, chỉ còn thịt nguội và súp đại dương (nước và ca rốt + trứng).",Arcadia Phu Quoc Resort,https://www.traveloka.com/en-vn/hotel/detail?spec=13-05-2023.14-05-2023.1.1.HOTEL.1000000425916.Arcadia%20Phu%20Quoc%20Resort.1&contexts=%7B%22inventoryRateKey%22%3A%22povEwB3ZzsU2C6pd%2B6MdUw6p4Oi4t9ianyz%2Fk%2Fcwm21M0tKsNUio4Rxug1zOzHJilcvZa8YdqqIySdppe7dolTIewZlxfjiOGz6oXLTucMvN0%2BgQ3yZPvZcoHwUFNN%2BZpcr%2F%2FNa8o9ElfN8zOYhzzZeg0X586laFpeUViPi9rxAXgtn2bKwejvBBZO%2BZAFZhmhLDdV0WLeT%2FFKfQ0QL8LH02Dvlx%2F8PjYogEE5yzx6g6yOKyKeIDf7jO3GM45O1o1hmSkmz3HiZNSbS8gXb3CDW9nmlhkqLKa4lLkAkZpAG5JCAR4KEzOF9HzUvNfgOnqr5Ov2QSm2AvCfOdBe9Oy%2Fvnzag3zLIuKsio2qc%2FE%2BKC0I%2B4MpT6AtjonGvWhSFYeOjRTl6ytxGba%2F42pjcyyVc4KxuembJV6Yiv2h%2FCVOHi42A4Bx%2BAVZlB2OJQoCeizHaEIke4gLKBu993M9y78%2FmzREQ0KgV1vvYuRfaKd1eNmO0SRV1ogUSH81Kgs05B6IoMhVKT4w7TwrTxbp%2FQ2iMn1qdaM1viWqCGwU1siX1ZIegdsZIo1sjlWnbsTcjefS6Pj3RtIU6lROCEB6QAgiS1WJabPNVEO7waQAXksTDyQHUY2wqyAfRzb44KOjG0poBVHSJ1fq5iJGt%2Fs2ROyG2r1yuKaZ4GSAmh5BaCjz8%3D%22%7D&prevSearchId=1765686709859674781&loginPromo=1
1207,"Trong phòng täm có 3 đèn thì 2 bóng cháy, büa sáng it món än, 8h đi än đã hêt đô än,",Arcadia Phu Quoc Resort,https://www.traveloka.com/en-vn/hotel/detail?spec=13-05-2023.14-05-2023.1.1.HOTEL.1000000425916.Arcadia%20Phu%20Quoc%20Resort.1&contexts=%7B%22inventoryRateKey%22%3A%22povEwB3ZzsU2C6pd%2B6MdUw6p4Oi4t9ianyz%2Fk%2Fcwm21M0tKsNUio4Rxug1zOzHJilcvZa8YdqqIySdppe7dolTIewZlxfjiOGz6oXLTucMvN0%2BgQ3yZPvZcoHwUFNN%2BZpcr%2F%2FNa8o9ElfN8zOYhzzZeg0X586laFpeUViPi9rxAXgtn2bKwejvBBZO%2BZAFZhmhLDdV0WLeT%2FFKfQ0QL8LH02Dvlx%2F8PjYogEE5yzx6g6yOKyKeIDf7jO3GM45O1o1hmSkmz3HiZNSbS8gXb3CDW9nmlhkqLKa4lLkAkZpAG5JCAR4KEzOF9HzUvNfgOnqr5Ov2QSm2AvCfOdBe9Oy%2Fvnzag3zLIuKsio2qc%2FE%2BKC0I%2B4MpT6AtjonGvWhSFYeOjRTl6ytxGba%2F42pjcyyVc4KxuembJV6Yiv2h%2FCVOHi42A4Bx%2BAVZlB2OJQoCeizHaEIke4gLKBu993M9y78%2FmzREQ0KgV1vvYuRfaKd1eNmO0SRV1ogUSH81Kgs05B6IoMhVKT4w7TwrTxbp%2FQ2iMn1qdaM1viWqCGwU1siX1ZIegdsZIo1sjlWnbsTcjefS6Pj3RtIU6lROCEB6QAgiS1WJabPNVEO7waQAXksTDyQHUY2wqyAfRzb44KOjG0poBVHSJ1fq5iJGt%2Fs2ROyG2r1yuKaZ4GSAmh5BaCjz8%3D%22%7D&prevSearchId=1765686709859674781&loginPromo=1
1208,Đồ ăn không ngon! Nhân viên nhà hàng nữ buổi tối ngày 22/9/2016 thái độ rất khó chịu với khách. Còn các nhân viên khác rất tốt. Vị trí dù cách xa đường chính nhưng view lại rất đẹp.,Arcadia Phu Quoc Resort,https://www.traveloka.com/en-vn/hotel/detail?spec=13-05-2023.14-05-2023.1.1.HOTEL.1000000425916.Arcadia%20Phu%20Quoc%20Resort.1&contexts=%7B%22inventoryRateKey%22%3A%22povEwB3ZzsU2C6pd%2B6MdUw6p4Oi4t9ianyz%2Fk%2Fcwm21M0tKsNUio4Rxug1zOzHJilcvZa8YdqqIySdppe7dolTIewZlxfjiOGz6oXLTucMvN0%2BgQ3yZPvZcoHwUFNN%2BZpcr%2F%2FNa8o9ElfN8zOYhzzZeg0X586laFpeUViPi9rxAXgtn2bKwejvBBZO%2BZAFZhmhLDdV0WLeT%2FFKfQ0QL8LH02Dvlx%2F8PjYogEE5yzx6g6yOKyKeIDf7jO3GM45O1o1hmSkmz3HiZNSbS8gXb3CDW9nmlhkqLKa4lLkAkZpAG5JCAR4KEzOF9HzUvNfgOnqr5Ov2QSm2AvCfOdBe9Oy%2Fvnzag3zLIuKsio2qc%2FE%2BKC0I%2B4MpT6AtjonGvWhSFYeOjRTl6ytxGba%2F42pjcyyVc4KxuembJV6Yiv2h%2FCVOHi42A4Bx%2BAVZlB2OJQoCeizHaEIke4gLKBu993M9y78%2FmzREQ0KgV1vvYuRfaKd1eNmO0SRV1ogUSH81Kgs05B6IoMhVKT4w7TwrTxbp%2FQ2iMn1qdaM1viWqCGwU1siX1ZIegdsZIo1sjlWnbsTcjefS6Pj3RtIU6lROCEB6QAgiS1WJabPNVEO7waQAXksTDyQHUY2wqyAfRzb44KOjG0poBVHSJ1fq5iJGt%2Fs2ROyG2r1yuKaZ4GSAmh5BaCjz8%3D%22%7D&prevSearchId=1765686709859674781&loginPromo=1
1209,"Bố mẹ mình hài lòng, có điều đườn vào resort vào sâu quá.",Arcadia Phu Quoc Resort,https://www.traveloka.com/en-vn/hotel/detail?spec=13-05-2023.14-05-2023.1.1.HOTEL.1000000425916.Arcadia%20Phu%20Quoc%20Resort.1&contexts=%7B%22inventoryRateKey%22%3A%22povEwB3ZzsU2C6pd%2B6MdUw6p4Oi4t9ianyz%2Fk%2Fcwm21M0tKsNUio4Rxug1zOzHJilcvZa8YdqqIySdppe7dolTIewZlxfjiOGz6oXLTucMvN0%2BgQ3yZPvZcoHwUFNN%2BZpcr%2F%2FNa8o9ElfN8zOYhzzZeg0X586laFpeUViPi9rxAXgtn2bKwejvBBZO%2BZAFZhmhLDdV0WLeT%2FFKfQ0QL8LH02Dvlx%2F8PjYogEE5yzx6g6yOKyKeIDf7jO3GM45O1o1hmSkmz3HiZNSbS8gXb3CDW9nmlhkqLKa4lLkAkZpAG5JCAR4KEzOF9HzUvNfgOnqr5Ov2QSm2AvCfOdBe9Oy%2Fvnzag3zLIuKsio2qc%2FE%2BKC0I%2B4MpT6AtjonGvWhSFYeOjRTl6ytxGba%2F42pjcyyVc4KxuembJV6Yiv2h%2FCVOHi42A4Bx%2BAVZlB2OJQoCeizHaEIke4gLKBu993M9y78%2FmzREQ0KgV1vvYuRfaKd1eNmO0SRV1ogUSH81Kgs05B6IoMhVKT4w7TwrTxbp%2FQ2iMn1qdaM1viWqCGwU1siX1ZIegdsZIo1sjlWnbsTcjefS6Pj3RtIU6lROCEB6QAgiS1WJabPNVEO7waQAXksTDyQHUY2wqyAfRzb44KOjG0poBVHSJ1fq5iJGt%2Fs2ROyG2r1yuKaZ4GSAmh5BaCjz8%3D%22%7D&prevSearchId=1765686709859674781&loginPromo=1
